<| "Configuration" -> <| "Acquisition device" -> "UHFLI",  "Start time" -> "10/29/2021 16:46:46",  "Finish time" -> "10/29/2021 18:16:01", "Comments" -> "" |>, "Dimensions" -> {<| "Name" -> "Frequency 1", "Start" -> 6.200000*^+9, "Stop" -> 6.800000*^+9, "Step size" -> 2.000000*^+6 |>, <| "Name" -> "DC Voltage 1", "Start" -> -6.600000*^+0, "Stop" -> -7.400000*^+0, "Step size" -> -5.000000*^-2 |>}, "DataInfo" -> <| "Measured Spots" -> 5.117000*^+3,  "Samples" -> 1,  "Segments" -> 1,  "dFactor" -> 1,  "Sampling Time" -> 7.111111*^-8|>|>
2.3473310284E-5
2.4556287098E-5
2.6700238231E-5
3.3918744884E-5
2.1883763838E-5
2.4414062500E-5
2.5926716625E-5
2.5927100795E-5
2.6945944409E-5
1.2575834990E-5
3.8387672975E-5
1.9915425218E-5
2.2916763555E-5
3.4133391454E-5
3.4109945408E-5
3.4701672847E-5
2.7237588073E-5
3.4676003269E-5
2.9722461476E-5
2.9850029386E-5
3.0249811242E-5
3.3362128305E-5
3.0627090018E-5
3.8406590465E-5
3.1953398137E-5
2.4857826065E-5
1.7210049554E-5
2.5686773005E-5
3.1039130408E-5
2.7980515732E-5
2.6575138326E-5
2.9404985252E-5
2.2121227812E-5
2.4843704886E-5
2.6359502225E-5
2.7515657711E-5
3.7268688902E-5
2.7346366550E-5
2.2108270786E-5
2.1678511984E-5
2.5657145306E-5
3.2996048685E-5
2.8785807080E-5
2.9101350810E-5
2.0863825921E-5
3.1603954266E-5
2.2644817363E-5
2.6843743398E-5
2.1462189033E-5
3.2262329477E-5
3.6232662387E-5
1.5046889894E-5
3.8861297071E-5
2.4686811957E-5
2.5207432917E-5
3.7250597961E-5
3.1386420595E-5
1.9170169253E-5
3.5572680644E-5
1.7914967611E-5
3.3089471980E-5
3.4213683102E-5
3.0634400899E-5
2.9583286959E-5
2.7758022770E-5
3.2329733949E-5
3.1989207490E-5
3.5848526749E-5
2.0685035269E-5
2.7931330259E-5
2.1393434144E-5
2.8904667123E-5
2.6072328910E-5
3.1917984597E-5
2.0524626598E-5
1.4820636716E-5
3.2765581272E-5
3.4593895543E-5
3.0709302517E-5
2.8111739083E-5
1.9657053053E-5
2.9347860254E-5
2.8765131719E-5
2.2819812875E-5
3.0676228925E-5
2.9413029551E-5
2.5381741579E-5
2.4611433036E-5
3.9588811341E-5
2.4064572062E-5
3.1559227499E-5
3.0763552058E-5
2.6981672272E-5
1.9248900935E-5
3.6309484857E-5
2.1683331579E-5
2.3848551790E-5
4.0452927350E-5
3.0108739155E-5
2.1466729231E-5
1.4905678108E-5
2.6856223121E-5
2.5954574811E-5
1.6650324687E-5
2.1038507111E-5
2.8909812681E-5
3.1556864268E-5
2.6617269031E-5
2.8839672449E-5
2.6994524523E-5
2.5128806009E-5
3.2499118242E-5
2.0251562818E-5
1.4123111032E-5
2.4487858172E-5
2.9302132315E-5
2.2142496891E-5
2.0066206343E-5
3.6225735675E-5
3.3817277289E-5
3.8140325341E-5
3.7626503035E-5
3.2182293944E-5
2.3459410295E-5
2.0417023915E-5
2.2684934083E-5
2.4323072284E-5
3.0446099116E-5
3.7212832830E-5
3.9226224180E-5
3.7729449104E-5
3.8241071160E-5
1.7550028860E-5
1.7235800624E-5
2.3686687927E-5
2.3983779828E-5
3.4838984720E-5
2.0067300647E-5
3.5553914494E-5
3.6628637462E-5
2.4338474031E-5
3.6729569546E-5
2.5814131367E-5
3.0284328385E-5
1.3174628839E-5
3.3708289265E-6
1.1505465955E-5
5.0532771275E-5
6.4701458906E-5
5.1458936651E-5
1.5103572514E-5
5.6734192185E-6
1.5907757916E-5
1.6262463760E-5
2.7356308418E-5
3.2331491820E-5
3.2061932142E-5
3.5157136153E-5
3.2400118652E-5
3.0283618252E-5
3.2074307091E-5
2.2730673663E-5
2.2258306853E-5
2.7208658866E-5
3.1372671946E-5
2.7497601695E-5
3.3652130514E-5
2.4757615756E-5
2.8240366372E-5
2.7099670841E-5
2.9113038908E-5
1.9668915774E-5
2.0028557628E-5
3.3058866392E-5
2.6041420642E-5
2.5353382807E-5
2.2400903980E-5
2.4173851124E-5
2.9553531203E-5
3.0937697737E-5
2.7693901210E-5
2.8141739312E-5
2.8803036548E-5
2.9880891088E-5
2.6309187523E-5
1.9610079471E-5
2.6338815223E-5
3.2427161931E-5
3.3813260960E-5
1.7207872588E-5
3.0354468617E-5
2.7370243333E-5
3.0874414369E-5
1.9049807451E-5
2.4438148829E-5
1.9888824317E-5
2.5205640122E-5
2.9622530564E-5
3.5922136157E-5
3.1086837406E-5
2.1135015413E-5
3.4034135750E-5
1.6998243518E-5
3.2340770121E-5
1.5646393876E-5
2.5650265160E-5
3.4801417495E-5
2.1779839880E-5
2.7833855710E-5
3.2714812550E-5
2.8232473413E-5
3.5322143230E-5
2.3031583987E-5
2.4994276463E-5
2.5027897208E-5
3.5134947392E-5
2.4321104865E-5
2.8803898021E-5
3.6553654353E-5
3.1132146250E-5
2.7988245710E-5
2.1026935428E-5
2.4179974570E-5
2.9510736930E-5
2.3026915732E-5
1.8017401453E-5
2.2380147129E-5
2.4345132987E-5
3.3963529858E-5
2.3502728436E-5
3.3762422389E-5
3.2740388996E-5
2.4913949891E-5
2.6664265896E-5
2.3830903228E-5
3.2295566051E-5
2.6186078320E-5
2.4864426813E-5
2.4841714184E-5
3.0578998848E-5
2.8650264721E-5
3.2344227656E-5
3.0055094975E-5
2.6518211234E-5
3.3123826141E-5
3.2683380413E-5
2.8525840025E-5
2.6348384562E-5
2.5212287437E-5
2.8715899679E-5
3.0384934506E-5
2.5112321600E-5
2.8387398924E-5
2.2882153280E-5
2.5050423573E-5
2.8497260063E-5
2.7670664712E-5
2.4689442943E-5
2.6559142861E-5
2.8256885706E-5
2.4980457964E-5
3.4157128538E-5
3.1945994123E-5
2.7599069289E-5
2.5654863565E-5
3.0234968289E-5
2.8227467555E-5
3.1702453270E-5
2.3628107737E-5
2.6023306418E-5
2.0798901096E-5
1.7805630341E-5
3.8774625863E-5
3.1647016293E-5
3.0141789465E-5
2.9662472660E-5
2.7327518909E-5
2.3985677398E-5
3.1397829297E-5
2.3608701303E-5
3.1245930585E-5
2.4045817553E-5
2.9304379131E-5
2.5921652558E-5
3.0987535137E-5
3.3383537083E-5
3.2910378649E-5
3.0172744299E-5
2.7666811365E-5
2.7425226289E-5
2.8114276937E-5
2.3316591977E-5
2.9161723795E-5
2.6593578513E-5
2.9618525877E-5
1.8929620273E-5
2.3078662343E-5
3.1793466768E-5
2.9027007985E-5
2.6354566216E-5
2.3299700114E-5
3.4964841324E-5
2.1076772827E-5
1.9913213327E-5
2.2202404215E-5
3.3660628832E-5
2.9515940695E-5
2.8388074133E-5
3.8130732719E-5
2.6277394499E-5
2.4288648273E-5
2.5750976055E-5
2.5157036725E-5
3.2259512226E-5
3.0838814563E-5
3.0903040896E-5
2.6241282466E-5
2.2027734667E-5
2.4772027972E-5
2.8856121934E-5
2.1537207067E-5
2.1949061192E-5
3.6752189043E-5
3.3948128111E-5
1.9072217401E-5
3.0039937700E-5
3.0156038701E-5
2.0038383081E-5
2.0262645557E-5
2.4255900643E-5
3.3210287801E-5
2.9961753170E-5
2.9581191483E-5
2.9479397926E-5
3.2075017224E-5
2.9281165916E-5
2.8647202998E-5
3.0413491185E-5
2.3432017769E-5
3.1639530788E-5
2.9892183374E-5
3.1959195621E-5
3.3530406653E-5
2.1484727040E-5
2.5328272022E-5
2.7041055727E-5
2.8805295005E-5
2.6417628396E-5
4.0925992652E-5
3.2293179537E-5
2.5462650228E-5
2.4001835845E-5
2.5170564185E-5
2.2957602050E-5
2.6976282242E-5
3.0953367240E-5
2.3800448979E-5
2.8622453100E-5
2.2409809753E-5
3.2190210185E-5
3.1030259560E-5
1.7454056069E-5
2.5094707962E-5
2.6001466903E-5
2.6126846205E-5
3.7353800144E-5
3.2378896139E-5
3.2916164491E-5
2.6974163483E-5
2.6360794436E-5
2.3116020020E-5
2.8839090373E-5
2.1550152450E-5
3.0563457403E-5
2.1784729324E-5
3.0273455195E-5
3.3989630173E-5
2.5176745839E-5
2.3686990607E-5
2.4808757007E-5
2.0862580277E-5
3.5505474079E-5
3.0055723618E-5
2.3615395184E-5
3.2496708445E-5
2.4874228984E-5
2.4199322797E-5
2.6988983153E-5
3.3589347731E-5
3.6891712807E-5
2.3654068354E-5
2.7162756305E-5
2.8921291231E-5
2.8623500838E-5
2.7174293063E-5
2.9814441222E-5
2.4642120115E-5
3.5703589674E-5
2.8643640689E-5
2.5202450342E-5
3.2597023527E-5
2.4778151419E-5
2.1971983369E-5
2.3294007405E-5
2.3279362358E-5
2.9135332442E-5
3.0322792008E-5
2.7481222059E-5
1.7034646589E-5
3.0224805231E-5
2.9879319481E-5
3.3788650762E-5
3.2756128348E-5
3.4949567634E-5
1.9235000945E-5
1.8859677948E-5
1.6179215163E-5
3.5831821151E-5
3.6136398557E-5
2.3269839584E-5
2.8532219584E-5
3.2423832453E-5
3.1715189106E-5
2.8271169866E-5
2.0973256323E-5
2.6000116486E-5
1.1672719848E-5
1.8225377425E-5
3.0318333300E-5
3.0305236577E-5
3.4793827217E-5
2.8962560463E-5
2.9694801196E-5
2.9237091075E-5
2.9278337024E-5
2.7748954016E-5
2.6327650993E-5
2.8552627190E-5
3.5194563679E-5
2.6331539265E-5
3.3211032859E-5
3.1331216450E-5
3.7467852235E-5
3.5193527583E-5
2.8420693706E-5
2.2151414304E-5
1.6337272245E-5
1.4550646301E-5
1.5464506578E-5
4.6234601177E-5
7.0432003124E-5
4.4911273289E-5
3.0974508263E-5
-1.1582602747E-5
-6.8868976089E-7
2.5412987451E-5
3.4940219484E-5
3.4112203865E-5
3.4970499109E-5
3.0697183683E-5
2.3502251133E-5
1.9110995345E-5
2.6126252486E-5
2.3733649868E-5
3.0559254809E-5
2.0499166566E-5
3.1853816471E-5
3.1058583408E-5
2.7144211344E-5
3.1468458473E-5
3.6079750861E-5
3.2135995570E-5
2.7608533855E-5
2.8555712196E-5
2.0074064377E-5
1.4060211834E-5
2.3514858912E-5
2.8944353107E-5
2.9668619390E-5
3.7688913289E-5
3.0610174871E-5
1.8018181436E-5
2.6852975133E-5
2.9688165522E-5
2.2927625104E-5
2.5108491536E-5
2.2280775010E-5
2.9916688799E-5
2.6399560738E-5
3.2441574148E-5
3.1683337874E-5
2.6252074166E-5
3.0857697128E-5
1.7232750542E-5
1.9534898456E-5
2.2477156017E-5
2.5961128994E-5
2.2366666235E-5
2.8786959591E-5
2.9307883232E-5
2.4511234369E-5
2.4201336782E-5
2.8498808387E-5
2.5958649348E-5
2.6072724722E-5
2.7378578670E-5
2.6712426915E-5
2.7741154189E-5
3.1095615122E-5
2.8525583911E-5
2.4096923880E-5
2.7587590738E-5
2.1007074974E-5
3.1580775975E-5
3.1137035693E-5
2.5299529079E-5
2.4759431835E-5
2.8775539248E-5
2.1100312005E-5
2.5779043789E-5
2.9165565501E-5
3.1662220135E-5
2.5270716286E-5
3.2093818299E-5
3.3828266896E-5
2.4706393014E-5
2.4993275292E-5
2.7143594342E-5
3.0454387887E-5
2.9745569917E-5
3.2409478444E-5
2.5498028844E-5
2.8653629123E-5
2.7931516524E-5
1.7994223162E-5
2.5010749231E-5
2.4068169295E-5
2.1682225633E-5
2.9045820701E-5
3.0080659780E-5
2.6473938487E-5
2.6729062665E-5
3.3098924904E-5
3.6392302717E-5
3.3836928195E-5
3.4258386585E-5
2.4315377231E-5
3.1114683951E-5
3.0798057559E-5
2.8941489290E-5
2.3540528491E-5
2.7641083579E-5
3.2389466650E-5
2.1885975729E-5
3.0039087868E-5
2.4920224677E-5
2.7597509324E-5
2.4791492614E-5
2.9985641594E-5
2.9570388141E-5
3.4737924578E-5
3.2302562612E-5
3.5932159516E-5
3.2333377748E-5
2.7556414715E-5
2.6638386770E-5
3.5971112083E-5
2.4124188348E-5
3.5444868262E-5
2.2873084526E-5
2.7871550991E-5
3.1688634771E-5
2.4744134861E-5
2.9887980781E-5
2.0826281979E-5
1.8485682085E-5
2.5240157264E-5
2.6720017194E-5
2.6386976241E-5
2.8938148170E-5
2.4414062500E-5
2.9626302420E-5
2.5613093748E-5
2.8200622181E-5
2.7734576724E-5
2.2173533215E-5
3.1828600912E-5
3.5750260576E-5
3.0074710957E-5
2.4609116371E-5
2.1615915466E-5
2.8368318452E-5
2.8463324997E-5
2.4612538981E-5
3.5484333056E-5
2.8911826666E-5
2.9823288786E-5
2.4717603810E-5
2.8126174583E-5
2.3605441674E-5
2.3686978965E-5
2.1347485017E-5
3.0534842516E-5
2.5534478481E-5
2.8476177248E-5
1.7551193014E-5
2.8761534485E-5
2.7085223700E-5
2.7065176982E-5
1.9832421094E-5
1.8152233679E-5
2.0355265587E-5
3.5500538069E-5
3.2836617901E-5
2.7669768314E-5
3.6666193045E-5
2.5495851878E-5
2.5804329197E-5
3.2570702023E-5
3.5481771919E-5
2.2884376812E-5
2.8698157984E-5
2.3432902525E-5
2.3900880478E-5
3.3109355717E-5
3.1436386052E-5
2.1792436018E-5
2.8813083190E-5
2.6906270067E-5
2.6727467774E-5
2.9189477208E-5
2.5372346862E-5
2.8815865516E-5
2.5804247707E-5
2.0376779139E-5
2.4674483574E-5
2.6101851835E-5
2.2423430345E-5
2.8755748644E-5
3.8089149166E-5
3.3207202795E-5
2.6354694272E-5
3.5037484485E-5
2.6005320251E-5
2.6385206729E-5
2.7791468891E-5
3.2748584635E-5
2.4289253633E-5
3.5087228752E-5
2.3281958419E-5
1.4018651564E-5
2.5968765839E-5
2.0799704361E-5
2.4672411382E-5
3.2542855478E-5
3.0675088054E-5
3.0739861540E-5
3.1105475499E-5
2.7256342582E-5
2.5336001999E-5
3.5544624552E-5
3.5466905683E-5
2.0321574993E-5
3.9653235580E-5
3.5623391158E-5
3.1688797752E-5
2.1182536147E-5
3.0514295212E-5
3.9328052662E-5
2.6721425820E-5
2.6780506595E-5
2.7611141558E-5
1.7585547175E-5
2.2154219914E-5
3.4620938822E-5
2.4723855312E-5
3.5325810313E-5
2.9185262974E-5
2.9980053659E-5
2.4712376762E-5
2.0120537374E-5
2.4598604068E-5
2.3550877813E-5
1.5437044203E-5
2.1032826043E-5
2.4096609558E-5
2.9530772007E-5
3.8611167110E-5
3.1499087344E-5
3.5201048012E-5
2.8568087145E-5
3.0591723043E-5
2.9009173158E-5
2.4136668071E-5
2.5411625392E-5
2.5425944477E-5
2.2906030062E-5
3.3504550810E-5
2.8800044674E-5
3.0993227846E-5
2.0117650274E-5
3.7578120827E-5
2.7809175662E-5
2.6078394148E-5
1.9670918118E-5
2.0378723274E-5
1.9820523448E-5
2.3274449631E-5
2.9987026937E-5
3.4904794301E-5
3.0272139701E-5
2.8072483837E-5
2.4805625434E-5
3.0764308757E-5
2.0794628653E-5
1.8565612845E-5
2.0977156237E-5
1.7385336105E-5
2.5068165268E-5
1.3608520385E-5
3.8142118137E-5
3.0626554507E-5
3.5089498851E-5
2.6484846602E-5
2.7744588441E-5
2.2020842880E-5
2.8396141715E-5
1.6246817540E-5
3.0327006242E-5
2.4932913947E-5
3.2836326863E-5
2.6264588814E-5
3.6800315138E-5
2.6063993573E-5
1.9247108139E-5
2.0279176533E-5
2.2285454906E-5
2.2694631479E-5
3.0707684345E-5
3.7586758844E-5
1.8330384045E-5
3.9122172165E-5
3.2508163712E-5
2.7065433096E-5
3.0076445546E-5
3.2739655580E-5
2.0153704099E-5
1.4916120563E-5
1.3987522107E-5
1.6770663206E-5
2.1027086768E-5
3.1509378458E-5
3.7933595012E-5
4.6780460979E-5
2.3515406064E-5
4.3394044042E-6
-1.8180930056E-6
1.4537945390E-6
4.9930636305E-5
4.3544871733E-5
3.5580352414E-5
1.9738427363E-5
3.1618529464E-5
2.0282552577E-5
1.5339534730E-5
1.9942142535E-5
2.9751053079E-5
2.4676008615E-5
3.5044807009E-5
2.7263676747E-5
3.6140461452E-5
3.8495333865E-5
2.0326266531E-5
1.9415863789E-5
1.6883388162E-5
2.6816548779E-5
2.3131130728E-5
2.7342338580E-5
3.1573080923E-5
2.7473934460E-5
4.1452562436E-5
3.7372345104E-5
2.3541192058E-5
3.5723461769E-5
3.2285880296E-5
2.7665484230E-5
1.7474370543E-5
2.2921455092E-5
2.5627214926E-5
2.8782803565E-5
2.9539503156E-5
2.7005351148E-5
2.3141317069E-5
2.5239470414E-5
3.1688553280E-5
2.8301216661E-5
2.7429580222E-5
2.8357061091E-5
2.7220498304E-5
2.1783239208E-5
2.3765314836E-5
2.9117718804E-5
3.7819088902E-5
2.0721892360E-5
3.1329737975E-5
2.3007695563E-5
2.9448268469E-5
2.0654336549E-5
4.0677492506E-5
2.1282525267E-5
3.1390564981E-5
3.1324941664E-5
2.6722194160E-5
3.0475563834E-5
2.9984535648E-5
1.9887462258E-5
3.1957414466E-5
2.8840207960E-5
2.4408171884E-5
2.4969270452E-5
3.1797483097E-5
2.5319959968E-5
2.2614165209E-5
2.0893418695E-5
2.7836032677E-5
3.0957174021E-5
2.1069287322E-5
2.5866343639E-5
2.9508152510E-5
2.9054400510E-5
2.8298678807E-5
2.8499402105E-5
2.4377682711E-5
2.6383565272E-5
2.8177525382E-5
1.7325859517E-5
2.8456002473E-5
3.1335325910E-5
2.3571972269E-5
2.8613524045E-5
2.7916859835E-5
2.6264763436E-5
2.2156350314E-5
3.3735495526E-5
2.2045453079E-5
3.8975826464E-5
2.2637331858E-5
3.7832697853E-5
2.1760223899E-5
3.0405155848E-5
3.0321197118E-5
2.1174945868E-5
2.9916339553E-5
3.1323137227E-5
2.6379537302E-5
2.8868403751E-5
2.3684045299E-5
2.6150478515E-5
2.5279656983E-5
3.1205790582E-5
3.0350033193E-5
2.2402545437E-5
2.7114292606E-5
2.8340180869E-5
2.3537431843E-5
2.4536740966E-5
3.2512750476E-5
2.8260343241E-5
2.7291465084E-5
2.8185371774E-5
2.6763090863E-5
3.0490371863E-5
2.5655794888E-5
2.1852820646E-5
3.0798057559E-5
2.6790052651E-5
2.6042282115E-5
3.3289485145E-5
2.9186857863E-5
2.9953091870E-5
3.4926075022E-5
3.0511850490E-5
3.1846063211E-5
2.9932882170E-5
2.1693785674E-5
2.3299769963E-5
3.0169717501E-5
2.7889199554E-5
3.4463556948E-5
3.2881670630E-5
3.2277603167E-5
3.1203299294E-5
2.9557594097E-5
3.2360653858E-5
2.6925711426E-5
3.2719748559E-5
2.9705418273E-5
2.1353818010E-5
2.8089631814E-5
2.5955296586E-5
2.3520528338E-5
2.7927849441E-5
2.3186346515E-5
2.5389669462E-5
3.0434131622E-5
3.1611497979E-5
3.6923680454E-5
1.9899732433E-5
1.9402953330E-5
3.1578179914E-5
2.6756420265E-5
3.2201479188E-5
2.7826358564E-5
2.1095946431E-5
3.0511151998E-5
2.2730452473E-5
3.0156108550E-5
3.6259973421E-5
2.8535968158E-5
2.7426681480E-5
2.1140265744E-5
3.0570570378E-5
2.7781655080E-5
2.8629170264E-5
2.9010244179E-5
3.4848041832E-5
1.9870244432E-5
2.3409165441E-5
3.4439587034E-5
2.5649322196E-5
2.8695608489E-5
2.7313514146E-5
2.5098223704E-5
3.6800943780E-5
3.4807168412E-5
1.8614286091E-5
3.5093026235E-5
2.9084784909E-5
2.1234899759E-5
2.0935246720E-5
2.9168638866E-5
2.6760599575E-5
2.7534470427E-5
2.5303557049E-5
2.4936301633E-5
2.3596140090E-5
1.8219044432E-5
2.7775287162E-5
3.6036153323E-5
2.6745395735E-5
2.9460305813E-5
3.1577458139E-5
3.4740054979E-5
2.2131332662E-5
2.9249850194E-5
1.7392169684E-5
2.1825835574E-5
2.0194111857E-5
3.3123255707E-5
2.3689714725E-5
3.0046654864E-5
3.1755818053E-5
3.1688122544E-5
2.5537842884E-5
2.7257215697E-5
2.0647235214E-5
2.3074401542E-5
3.0241603962E-5
3.4737295936E-5
3.1622347887E-5
3.0630792024E-5
3.8585683796E-5
2.7686497196E-5
2.7429580222E-5
2.7167925145E-5
2.3891532327E-5
3.1700206454E-5
2.5328423362E-5
2.4593621492E-5
2.5103380903E-5
2.8208270668E-5
3.0494644306E-5
3.1798426061E-5
2.6483309920E-5
3.6561791785E-5
2.8094160370E-5
2.0240212324E-5
3.3453095238E-5
2.8983876108E-5
2.8762151487E-5
3.3126329071E-5
3.3736415207E-5
3.8237310946E-5
2.1586846560E-5
2.4277763441E-5
3.3226853702E-5
2.3176544346E-5
2.1310034207E-5
2.9173982329E-5
2.2894050926E-5
2.2100319620E-5
2.4023978039E-5
2.7457845862E-5
3.4369132481E-5
2.8901349287E-5
1.9157654606E-5
2.0624790340E-5
2.8633070178E-5
2.2326561156E-5
2.3826677352E-5
3.4232717007E-5
2.9941601678E-5
2.9694405384E-5
3.6193151027E-5
3.0198600142E-5
2.0016066264E-5
2.2765458561E-5
2.6797584723E-5
1.7428828869E-5
3.4518516622E-5
2.4216715246E-5
3.7770706694E-5
3.0993181280E-5
2.8921442571E-5
1.9111973233E-5
2.5331717915E-5
1.8833915237E-5
1.4391820878E-5
1.7316231969E-5
3.1937332823E-5
3.6980246659E-5
2.8611009474E-5
4.0622893720E-5
3.5873102023E-5
2.2733246442E-5
2.1297880448E-5
2.6782928034E-5
2.8408388606E-5
3.1252857297E-5
2.8842035680E-5
3.1173671595E-5
3.3698929473E-5
2.5666854344E-5
2.1908397320E-5
3.0691281426E-5
2.8610019944E-5
2.0869181025E-5
4.4589862227E-5
2.5509414262E-5
1.8312246539E-5
2.6138871907E-5
2.9312982223E-5
3.7136592436E-5
3.6886753514E-5
5.5635184981E-5
4.1642447468E-5
3.3946661278E-5
7.1780174040E-6
-5.3382478655E-6
1.3181113172E-5
4.4299731962E-5
5.5379653350E-5
5.2233017050E-5
2.3249012883E-5
6.8836612627E-6
1.1821172666E-5
2.1842645946E-5
2.2636412177E-5
3.4170330036E-5
3.2589712645E-5
3.5333831328E-5
3.2527686562E-5
2.8909894171E-5
3.0914251692E-5
1.9763712771E-5
1.7364253290E-5
2.3550202604E-5
2.1728151477E-5
2.2963772062E-5
2.6089360471E-5
2.9075355268E-5
3.3970875665E-5
3.0688755213E-5
2.5371741503E-5
2.7349474839E-5
3.1394860707E-5
2.1577079314E-5
2.2883608471E-5
2.3293448612E-5
3.4028769004E-5
3.1763408332E-5
2.1883973386E-5
3.1587493139E-5
2.4974753614E-5
2.2029795218E-5
1.9033416174E-5
2.0688050426E-5
1.8852844368E-5
2.7170975226E-5
2.1316739730E-5
2.0473205950E-5
2.6766012888E-5
3.2814813311E-5
3.7658202927E-5
3.0446564778E-5
3.4145487006E-5
2.7958280406E-5
2.0037894137E-5
2.3075775243E-5
2.1051254589E-5
2.0475045312E-5
3.4428050275E-5
2.7017993852E-5
2.8871244284E-5
2.8555397875E-5
3.3540907315E-5
2.8324034064E-5
2.3074087221E-5
2.2354582324E-5
3.1793140805E-5
2.0319479517E-5
2.8927228413E-5
3.2982940319E-5
2.8408365324E-5
3.3801549579E-5
2.7852365746E-5
3.0062848236E-5
3.3342535607E-5
2.3665698245E-5
3.3118901773E-5
2.1339475643E-5
3.0913134105E-5
2.4482153821E-5
2.9347394592E-5
3.4526421222E-5
3.0782853718E-5
2.6944931596E-5
2.9404344967E-5
1.9153812900E-5
2.7299229986E-5
1.6141834203E-5
3.1546305398E-5
2.3814593441E-5
3.3849314786E-5
2.8997764456E-5
2.9770750551E-5
2.0529550965E-5
2.0171143114E-5
3.0338380019E-5
2.7845229487E-5
3.0215084552E-5
3.4902733750E-5
2.4414062500E-5
2.3268314544E-5
2.5298225227E-5
2.8539763297E-5
2.9020756482E-5
3.2622029539E-5
2.4354190099E-5
2.5347073096E-5
3.0387169680E-5
2.5098887272E-5
3.4135754685E-5
2.3393193259E-5
2.4534133262E-5
2.7617951854E-5
3.1486374791E-5
2.2950698621E-5
2.2555177565E-5
1.8573459238E-5
2.8559938072E-5
3.0669185798E-5
3.1103496439E-5
2.4909595958E-5
2.5767402257E-5
2.5743909645E-5
3.4189561847E-5
2.8660020324E-5
3.2657501287E-5
2.2966449614E-5
2.2550555877E-5
2.2478401660E-5
3.1272415071E-5
2.1913135424E-5
2.5825120974E-5
2.2542627994E-5
2.2825854830E-5
2.8217968064E-5
2.3482751566E-5
3.0328554566E-5
3.1831511295E-5
3.6098051350E-5
3.3834925852E-5
2.7261802460E-5
2.8155313338E-5
3.2388046383E-5
2.4808023590E-5
2.4810782633E-5
3.2966129947E-5
2.6280502788E-5
2.4052476510E-5
2.9098114464E-5
1.9187864382E-5
3.3516332041E-5
3.3733819145E-5
2.6184006128E-5
3.2319466117E-5
2.8199946973E-5
2.1746242419E-5
3.0030030756E-5
2.7941772713E-5
2.1693634334E-5
3.0061043798E-5
1.9113137387E-5
3.3355876803E-5
3.1203753314E-5
2.8224650304E-5
3.8689805660E-5
3.1413580290E-5
2.7107889763E-5
2.9175425879E-5
1.1710380204E-5
2.0764896180E-5
3.6838382948E-5
3.2967969309E-5
3.9155781268E-5
3.2332772388E-5
2.7693575248E-5
2.3846665863E-5
3.0050403438E-5
3.1983363441E-5
2.9233004897E-5
2.4424726143E-5
3.1588540877E-5
2.4470197968E-5
2.9659818391E-5
3.0102231539E-5
3.4582754596E-5
2.5007955264E-5
2.6297767180E-5
3.0165666248E-5
2.5854713749E-5
2.5829626247E-5
2.4272454902E-5
3.1177198979E-5
2.6941648684E-5
2.8926704544E-5
3.0232197604E-5
2.6983441784E-5
3.4701963886E-5
2.2479612380E-5
1.7126183957E-5
2.9286753851E-5
2.9440445359E-5
3.0912912916E-5
3.3066305331E-5
3.2635556999E-5
2.8511241543E-5
2.8777460101E-5
1.8633226864E-5
3.1516642775E-5
3.6809255834E-5
2.8480577748E-5
2.4384446441E-5
2.8160843066E-5
2.9909308068E-5
2.2450054530E-5
2.0394183229E-5
2.8745073359E-5
2.2276164963E-5
2.7962459716E-5
2.3713044356E-5
2.5204708799E-5
3.2522308174E-5
1.2603157666E-5
3.3879070542E-5
1.9376550335E-5
1.7747643869E-5
3.4110632259E-5
2.8072309214E-5
2.9427174012E-5
3.1899171881E-5
2.5320623535E-5
2.7456087991E-5
2.7324969414E-5
3.1949020922E-5
2.4448975454E-5
3.5602063872E-5
3.1251006293E-5
2.6717921718E-5
2.1618290338E-5
2.7892750221E-5
2.9941298998E-5
2.4876929819E-5
2.7244782540E-5
2.9652204829E-5
3.0808767769E-5
2.7951528317E-5
2.4259986821E-5
3.0060857533E-5
3.0046247411E-5
2.7959421276E-5
3.0744227114E-5
2.2587878629E-5
2.3786595557E-5
2.8612010646E-5
2.3177207913E-5
2.5872071273E-5
3.2553833443E-5
3.3181090838E-5
2.9575801454E-5
2.7956720441E-5
3.1739100813E-5
3.4887820947E-5
3.6915822420E-5
2.3780309129E-5
2.5753572117E-5
1.4903245028E-5
2.1859980188E-5
1.5544949565E-5
3.0216213781E-5
2.3181689903E-5
3.3203745260E-5
4.9680192023E-5
2.8640357777E-5
3.2862660009E-5
2.6436941698E-5
2.3081200197E-5
2.2644479759E-5
1.5888502821E-5
3.0858616809E-5
2.3581914138E-5
4.5592663810E-5
3.5792367998E-5
3.6916020326E-5
2.3753731511E-5
1.7336069141E-5
2.4601130280E-5
1.5134736896E-5
3.0024850275E-5
3.9889849722E-5
3.3980049192E-5
3.2957643270E-5
2.3216358386E-5
2.9426591936E-5
2.0938855596E-5
2.9646267648E-5
2.1810072940E-5
2.5855819694E-5
2.0438665524E-5
2.7174258138E-5
3.1607865820E-5
2.0621158182E-5
2.7259998023E-5
3.0680955387E-5
3.5702635068E-5
3.0031276400E-5
2.6370678096E-5
2.7407042216E-5
2.1513586398E-5
1.1536269449E-5
2.2488809190E-5
3.0889455228E-5
4.3649342842E-5
5.3988711443E-5
4.2094511445E-5
1.9563792739E-5
-2.3857108317E-6
1.1446804274E-5
3.4451240207E-5
2.9777653980E-5
3.9996998384E-5
4.7088402789E-5
3.5230815410E-5
3.1675724312E-5
2.1556718274E-5
2.3685395717E-5
2.5412964168E-5
2.3406278342E-5
2.9487605206E-5
3.2006553373E-5
2.6635034009E-5
3.5069242585E-5
2.6906142011E-5
2.8466281946E-5
2.5998393539E-5
2.8167257550E-5
2.1765998098E-5
2.9887515119E-5
2.2434559650E-5
3.4655234776E-5
2.7723878156E-5
2.8438342269E-5
2.7323362882E-5
2.6035052724E-5
2.6782939675E-5
2.9409606940E-5
3.2893347087E-5
2.8195139020E-5
2.3838749620E-5
2.7262582443E-5
3.7188630085E-5
3.1196337658E-5
3.5013002343E-5
2.6091642212E-5
2.5634432677E-5
2.3002654779E-5
2.2600870579E-5
2.7069007046E-5
1.8617091700E-5
1.4322134666E-5
3.1803385354E-5
3.5138009115E-5
3.1072855926E-5
2.5224441196E-5
3.1068525276E-5
2.2612919565E-5
3.1395128462E-5
3.6250730044E-5
3.0436902306E-5
2.5915296282E-5
2.9489572625E-5
3.1063600908E-5
2.3202854208E-5
3.2159732654E-5
2.9075762722E-5
2.4299765936E-5
2.1377194207E-5
2.3634522221E-5
2.9859412461E-5
3.1000620219E-5
2.5155500042E-5
3.1897751614E-5
2.5752559303E-5
2.7051707729E-5
1.9984913524E-5
2.6534881908E-5
2.2933480795E-5
2.6341946795E-5
3.2410933635E-5
2.9503193218E-5
1.9657961093E-5
3.2524263951E-5
2.2299378178E-5
3.2246334012E-5
3.3888593316E-5
3.7686130962E-5
3.1724118161E-5
2.7705146930E-5
2.7076702099E-5
2.7301616500E-5
2.7902063447E-5
2.0609830971E-5
3.2272015232E-5
2.5538040790E-5
3.3794913906E-5
2.9664393514E-5
2.4013174697E-5
2.8020958415E-5
3.1991244759E-5
2.5399459991E-5
3.5721203312E-5
3.1819811555E-5
2.7625518850E-5
2.9240176081E-5
2.9336777515E-5
3.4694466739E-5
3.4130306448E-5
1.8141348846E-5
2.7617812156E-5
2.4694460443E-5
2.6198208797E-5
2.9567757155E-5
2.1406367886E-5
2.7492386288E-5
2.8900173492E-5
3.7254684139E-5
3.3651478588E-5
3.4205196425E-5
2.3906445130E-5
2.5572592857E-5
3.5247113555E-5
2.7478730771E-5
2.4923263117E-5
2.7115095872E-5
2.6627781334E-5
2.3199408315E-5
2.8727948665E-5
2.6452366728E-5
2.7080310974E-5
2.2334011737E-5
2.9065541457E-5
2.7124769985E-5
2.4437019601E-5
2.9882346279E-5
2.7946382760E-5
2.9460922814E-5
2.6305648498E-5
3.0131440143E-5
3.2360991462E-5
2.4731713347E-5
2.7065852190E-5
2.9776722658E-5
2.3183249868E-5
3.1730125191E-5
2.7782528195E-5
2.5578169152E-5
3.6146212369E-5
2.4757941718E-5
2.9250222723E-5
1.7865339760E-5
3.1831720843E-5
2.8341053984E-5
2.2943015210E-5
2.7305574621E-5
2.9217894188E-5
2.2063695360E-5
3.1538470647E-5
1.5119009186E-5
2.8628145810E-5
2.2609427105E-5
2.0666141063E-5
2.7599465101E-5
2.2370566148E-5
2.0493241027E-5
2.9150024056E-5
3.2033096067E-5
2.5863491464E-5
3.4865003544E-5
3.6996358539E-5
3.4755351953E-5
2.9033597092E-5
2.9045809060E-5
1.9602861721E-5
2.0489632152E-5
1.9989081192E-5
4.6689412557E-5
3.7029618397E-5
2.7725950348E-5
1.7946166918E-5
3.0704168602E-5
1.8553633708E-5
2.4731899611E-5
1.9075197633E-5
2.9663846362E-5
3.1125813256E-5
2.9016064945E-5
3.3901387359E-5
1.9175652414E-5
1.9339460414E-5
2.4756533093E-5
2.8453988488E-5
2.4163653142E-5
1.8795626238E-5
3.0677451286E-5
3.0776183120E-5
2.9415858443E-5
2.1526718046E-5
2.5980407372E-5
2.2854888811E-5
2.3566093295E-5
1.6697938554E-5
2.3517443332E-5
3.0557543504E-5
2.0526617299E-5
2.5073625147E-5
2.3243937175E-5
2.4375156499E-5
3.2478163484E-5
3.5195262171E-5
3.0646182130E-5
3.1278561800E-5
3.0449638142E-5
1.8083909526E-5
2.7221627533E-5
3.2094912603E-5
3.0995788983E-5
3.4236907958E-5
2.6572356000E-5
2.9570632613E-5
3.3086573239E-5
4.0874851402E-5
3.9128132630E-5
3.0055304523E-5
3.4219096414E-5
2.5403406470E-5
2.2573326714E-5
2.1118926815E-5
2.9967760200E-5
3.2215635292E-5
4.1784474160E-5
2.8569216374E-5
2.9614928643E-5
1.9594572950E-5
3.1975354067E-5
2.8739764820E-5
2.4426716845E-5
3.9754749741E-5
3.1854759435E-5
2.1269486751E-5
2.7000671252E-5
3.5018380731E-5
2.2565992549E-5
1.8764671404E-5
2.5744154117E-5
3.0084571335E-5
3.4523406065E-5
2.4859886616E-5
3.4168967976E-5
2.9768713284E-5
3.2543030101E-5
3.0632794368E-5
2.3323402274E-5
2.6628118939E-5
2.7594086713E-5
2.4062627926E-5
3.6651722621E-5
2.4393363855E-5
2.6911823078E-5
2.6787887327E-5
2.9070209711E-5
2.5139632634E-5
2.8546527027E-5
3.2726046629E-5
3.6192114930E-5
3.0000857077E-5
2.2388552315E-5
2.9074947815E-5
2.7542724273E-5
2.4589884560E-5
2.9400188940E-5
2.6131037157E-5
3.2719050068E-5
2.6208383496E-5
3.3837545197E-5
3.1497515737E-5
2.3598293773E-5
3.2258010469E-5
2.8453161939E-5
1.6876531299E-5
2.2620812524E-5
2.4558231234E-5
3.8828945253E-5
2.7036701794E-5
2.6840972714E-5
2.6457698549E-5
2.7250044513E-5
3.7411937955E-5
2.6278151198E-5
2.3805291857E-5
3.2956420909E-5
2.7383957057E-5
2.3581692949E-5
3.1395070254E-5
3.3800187520E-5
2.7249776758E-5
2.1142989862E-5
2.8804119210E-5
2.9594439547E-5
2.4318078067E-5
1.8504913896E-5
2.7781538664E-5
1.7772824503E-5
2.9370549600E-5
3.9278098847E-5
3.8208649493E-5
3.9723352529E-5
4.1919131763E-5
2.5395595002E-5
8.1800855696E-6
-4.3181818910E-6
2.0318629685E-5
3.5195238888E-5
5.5368151516E-5
4.2393000330E-5
3.2596976961E-5
1.8056610133E-5
1.9070378039E-5
1.3761478476E-5
2.2861559409E-5
2.3294251877E-5
3.1536945607E-5
3.3957953564E-5
3.0157109721E-5
3.4214474726E-5
3.1980557832E-5
1.4742370695E-5
2.7797266374E-5
3.4097419120E-5
3.1248107552E-5
2.2546795662E-5
2.5188759900E-5
3.3147260546E-5
3.3502071164E-5
3.0574994161E-5
3.3925927709E-5
2.3265881463E-5
2.6643439195E-5
2.2534676827E-5
2.3969402536E-5
2.4633319117E-5
2.2048596292E-5
2.8335512615E-5
3.2344274222E-5
3.0668836552E-5
3.5011523869E-5
3.4299981779E-5
2.7797999791E-5
2.8027698862E-5
2.1081964951E-5
2.7005805167E-5
2.8365431353E-5
3.1361263244E-5
2.0875944755E-5
2.4843774736E-5
3.0036887619E-5
2.7985579799E-5
2.5776762049E-5
2.3975723888E-5
1.6491394490E-5
2.9095972422E-5
2.3811892606E-5
2.6524183340E-5
2.6572402566E-5
3.3430266194E-5
3.1546200625E-5
2.8053007554E-5
3.3627485390E-5
2.7622363995E-5
3.1844736076E-5
2.3081921972E-5
2.2838532459E-5
3.1154300085E-5
2.1014886442E-5
2.8654071501E-5
3.6901480052E-5
2.2338714916E-5
3.2058404758E-5
2.4486624169E-5
3.4834630787E-5
2.5352195370E-5
1.3564841356E-5
3.0569580848E-5
2.4414062500E-5
3.5144330467E-5
2.9430259018E-5
2.9208569321E-5
3.0696170869E-5
3.3312989398E-5
2.5370437651E-5
3.4602812956E-5
2.0108220633E-5
3.4303788561E-5
3.3263408112E-5
2.8010061941E-5
2.8258608653E-5
2.7557148131E-5
2.4996837600E-5
2.2501253988E-5
2.2308656480E-5
2.7899735141E-5
1.9572337623E-5
3.1262077390E-5
2.8716609812E-5
2.7426122687E-5
2.7988874353E-5
2.7913402300E-5
2.4207576643E-5
2.4964951444E-5
3.1168269924E-5
2.5891989935E-5
2.0930275786E-5
2.5729520711E-5
2.0391517318E-5
2.7091847732E-5
2.7754821348E-5
2.3793289437E-5
3.1854596453E-5
3.6904762964E-5
2.1766813006E-5
3.2079545780E-5
2.7012394274E-5
2.1641911007E-5
2.5742547586E-5
2.0200409926E-5
3.0698732006E-5
2.6733987032E-5
2.1901074796E-5
1.8554227426E-5
2.6902451645E-5
3.5492912866E-5
2.5594583711E-5
2.3268477525E-5
2.7468393090E-5
2.1764321718E-5
2.9167905449E-5
2.6984151918E-5
3.1337235122E-5
3.0271755530E-5
2.9391900170E-5
2.7516623958E-5
2.6414950843E-5
2.7484470046E-5
1.9352976232E-5
2.7763249817E-5
2.7715938630E-5
3.2461702357E-5
3.6769825965E-5
3.9439846296E-5
2.8754223603E-5
3.9534305688E-5
3.1259970273E-5
2.4222442880E-5
2.1763215772E-5
3.4077744930E-5
2.8738647233E-5
1.9881117623E-5
3.5645044408E-5
2.5693525094E-5
2.5359191931E-5
2.1630106493E-5
1.9674969371E-5
2.3521762341E-5
2.2355897817E-5
3.0286435503E-5
3.4629914443E-5
2.5078025646E-5
2.5658600497E-5
2.2530090063E-5
2.5383592583E-5
2.3947225418E-5
1.9282090943E-5
2.8398097492E-5
2.8776878025E-5
2.4351140018E-5
2.9991706832E-5
2.8675713110E-5
2.8262776322E-5
2.4438498075E-5
3.4987402614E-5
3.3192220143E-5
3.1039351597E-5
3.0993600375E-5
3.0941492877E-5
2.1286786068E-5
2.9182364232E-5
1.3672187924E-5
2.6398780755E-5
3.9011472836E-5
4.6535173896E-5
2.1785555873E-5
1.7266743816E-5
2.5951769202E-5
2.6498525403E-5
2.4890608619E-5
2.8665061108E-5
2.7637998573E-5
2.9581517446E-5
2.5680707767E-5
2.9024493414E-5
2.3526686709E-5
3.0206434894E-5
2.9116868972E-5
2.5583640671E-5
2.5606038980E-5
2.3244088515E-5
2.4304981343E-5
2.9541086405E-5
3.2972870394E-5
2.1716160699E-5
3.1380623113E-5
2.5431066751E-5
3.5349337849E-5
2.6715791318E-5
2.6116170920E-5
2.3701658938E-5
2.8637715149E-5
3.4338096156E-5
2.8422032483E-5
2.5415257550E-5
2.7095433324E-5
3.0390266328E-5
3.1747156753E-5
2.7909909840E-5
3.6677368916E-5
3.4853315446E-5
1.8266949337E-5
2.3898051585E-5
2.6142399292E-5
3.2505521084E-5
2.8985668904E-5
3.0223629436E-5
2.6020710356E-5
2.9595044907E-5
2.4300406221E-5
2.7107284403E-5
2.5307142641E-5
3.4869101364E-5
1.6792910173E-5
2.1424656733E-5
1.4592509251E-5
2.7249089907E-5
3.7980009801E-5
3.0944356694E-5
3.0848162714E-5
2.9785651713E-5
3.1207443680E-5
2.3365439847E-5
2.7868081815E-5
1.9479822367E-5
2.8623896650E-5
2.5044090580E-5
2.0138348918E-5
3.2962136901E-5
2.3787433746E-5
3.4325767773E-5
3.3109728247E-5
2.7786183636E-5
2.6502285618E-5
2.8171401936E-5
3.2792903948E-5
2.6119570247E-5
2.6051024906E-5
2.9459304641E-5
3.9862643461E-5
3.9860676042E-5
3.8066820707E-5
2.0232901442E-5
2.4734565522E-5
1.5126785729E-5
2.1192466374E-5
2.5855028070E-5
2.6349979452E-5
3.0834763310E-5
2.8089375700E-5
3.3466739114E-5
3.8846803363E-5
3.3170834649E-5
3.7499598693E-5
2.8019840828E-5
1.7155311070E-5
3.7243356928E-5
2.8555153403E-5
3.3276760950E-5
2.5382358580E-5
3.2707361969E-5
2.5038223247E-5
2.9330432880E-5
3.0586041975E-5
3.0540360603E-5
2.3876829072E-5
2.2301566787E-5
2.5891966652E-5
2.1318241488E-5
3.1207012943E-5
2.7247692923E-5
2.7120474260E-5
1.7566466704E-5
2.6257929857E-5
2.1995266433E-5
3.3171975519E-5
2.4744041729E-5
2.1307007409E-5
2.4104444310E-5
3.2169697805E-5
2.6029988657E-5
2.6824278756E-5
2.8845889027E-5
2.9819540213E-5
1.9894004799E-5
2.4347635917E-5
2.2098398767E-5
3.4139223861E-5
2.6212632655E-5
2.0433461759E-5
2.8694653883E-5
5.0253805239E-5
4.2707659304E-5
2.9317731968E-5
-2.5444081984E-6
6.5154628829E-6
2.4658557958E-5
3.2784335780E-5
3.5039091016E-5
3.7722091656E-5
2.3677432909E-5
2.2293999791E-5
2.4230824783E-5
2.4843309074E-5
2.6460946537E-5
3.1040632165E-5
2.7704588137E-5
2.8609496075E-5
2.5706167798E-5
3.3990293740E-5
3.6696123424E-5
3.3598532899E-5
3.0529650393E-5
2.8707250021E-5
1.7140456475E-5
2.3395987227E-5
3.4244731068E-5
3.4438946749E-5
2.4702528025E-5
2.9569352045E-5
3.2820971682E-5
3.2325193751E-5
3.0366145074E-5
3.2642344012E-5
3.1689391470E-5
2.1891563665E-5
1.5112594701E-5
2.4759408552E-5
2.5981024373E-5
2.8704153373E-5
2.0763895009E-5
2.9695883858E-5
2.2129400167E-5
4.0465989149E-5
3.3156888093E-5
2.0358769688E-5
2.5563128292E-5
2.5301554705E-5
1.6904016957E-5
2.5217095389E-5
3.0080706346E-5
2.6923394761E-5
1.6518658958E-5
2.1225656382E-5
2.9325543436E-5
2.2272299974E-5
3.2269535585E-5
3.1289155594E-5
2.4981051683E-5
2.6236497796E-5
2.3668340872E-5
3.5950960591E-5
3.0751863959E-5
3.0203280038E-5
3.1318678520E-5
3.1259201932E-5
2.1913810633E-5
2.8906285296E-5
2.8469518292E-5
3.1567760742E-5
2.3080233950E-5
2.5903165806E-5
2.2979150526E-5
2.2379297297E-5
2.6917003560E-5
2.3429538123E-5
3.5773636773E-5
3.0968373175E-5
2.5720975827E-5
3.5819818731E-5
3.0412920749E-5
2.1464598830E-5
3.1741929705E-5
2.3091933689E-5
3.4770695492E-5
2.5707250460E-5
1.7488142475E-5
2.7632422279E-5
3.5779725294E-5
2.2797007113E-5
2.7610431424E-5
3.0771293676E-5
2.5965063832E-5
2.5446549989E-5
3.1851709354E-5
3.1588610726E-5
2.1412339992E-5
2.7401675470E-5
2.4581293109E-5
2.6745046488E-5
2.9429374262E-5
2.3381679784E-5
2.6484893168E-5
2.4188030510E-5
3.3928861375E-5
2.5437003932E-5
3.0485691968E-5
2.4973356630E-5
3.5737070720E-5
2.9986503067E-5
2.3992324713E-5
1.9080820493E-5
2.7840049005E-5
2.4117494467E-5
2.8018851298E-5
2.5697296950E-5
2.8585758991E-5
2.4791469331E-5
2.8842268511E-5
2.5137502234E-5
2.4542910978E-5
3.1270598992E-5
2.2798730060E-5
2.4304445832E-5
2.8557551558E-5
2.3704953491E-5
3.0189170501E-5
2.4414062500E-5
2.6612950021E-5
2.1595950238E-5
3.4098839387E-5
3.0902214347E-5
2.9980251565E-5
2.5292485952E-5
3.2107660080E-5
2.3075344506E-5
2.4398264940E-5
2.3234100080E-5
2.4497474078E-5
2.3459631484E-5
1.9305117894E-5
3.1444523483E-5
2.7736113406E-5
3.7036021239E-5
2.8034020214E-5
2.9464671388E-5
2.1951354574E-5
2.6317720766E-5
2.8442742768E-5
1.5694263857E-5
1.8663762603E-5
2.2534641903E-5
2.6109803001E-5
2.9177137184E-5
2.6280165183E-5
1.5684368554E-5
2.1665426902E-5
2.8856168500E-5
2.3304403293E-5
2.4349684827E-5
1.0814494453E-5
2.9598246328E-5
2.6660994626E-5
2.6116066146E-5
3.6957871634E-5
2.8748717158E-5
3.0448741744E-5
2.4328683502E-5
2.7262466028E-5
2.5724375154E-5
2.2266746964E-5
2.4368939921E-5
2.2467086091E-5
2.6064738631E-5
2.0717235747E-5
2.7441547717E-5
3.4606212284E-5
3.0524993780E-5
3.8359093014E-5
2.9039394575E-5
2.4092698004E-5
1.7053261399E-5
1.6806065105E-5
1.3590534218E-5
1.9237562082E-5
4.6973326243E-5
3.9338378701E-5
1.6831245739E-5
2.5378179270E-5
2.4063850287E-5
2.4691014550E-5
3.8749631494E-5
3.7362752482E-5
2.9421364888E-5
4.5591650996E-5
3.2270944211E-5
2.7547136414E-5
3.1597586348E-5
2.5648344308E-5
3.1899823806E-5
2.6120478287E-5
2.3736211005E-5
2.8701720293E-5
4.0527340024E-5
3.2121350522E-5
1.9417330622E-5
2.9559945687E-5
2.5733071379E-5
2.7503829914E-5
3.3919373527E-5
3.6491826176E-5
2.2605143021E-5
2.9362190979E-5
2.5310111231E-5
3.1628459691E-5
3.3006316516E-5
2.3955060169E-5
2.5680556427E-5
2.8535979799E-5
2.7360569219E-5
2.5177886709E-5
2.3564649745E-5
2.3688550573E-5
2.4066574405E-5
1.1693139095E-5
2.8317305259E-5
1.8608779646E-5
2.3072329349E-5
2.2202648688E-5
2.8081249911E-5
3.4636841155E-5
3.0313455499E-5
3.7017534486E-5
2.4462549481E-5
2.5237724185E-5
2.9227521735E-5
3.0032300855E-5
2.8205814305E-5
1.9227445591E-5
2.3103086278E-5
2.8254266362E-5
2.8891756664E-5
3.2497267238E-5
2.5345524773E-5
1.6488705296E-5
2.3343099746E-5
2.2354256361E-5
2.9270572121E-5
2.9557850211E-5
2.6415754109E-5
3.0543305910E-5
3.3569079823E-5
2.6767072267E-5
3.0614738352E-5
2.0026986021E-5
2.7459801640E-5
2.5127315893E-5
2.0266149658E-5
2.9640237334E-5
2.4824799038E-5
3.2173842191E-5
2.9441853984E-5
3.4548947587E-5
2.9127055313E-5
2.7764798141E-5
2.1862459834E-5
2.2649508900E-5
2.4846137966E-5
3.3258239272E-5
3.8884894456E-5
3.4468260128E-5
3.0871585476E-5
2.7491385116E-5
2.8856610879E-5
2.7055677491E-5
2.5700917467E-5
2.8875458519E-5
1.9659614190E-5
3.1155266332E-5
2.4139496963E-5
3.2152212224E-5
3.8725556805E-5
2.8692744672E-5
3.7650461308E-5
2.3027625866E-5
3.3458007965E-5
2.3855618201E-5
2.6048743166E-5
3.7156557664E-5
2.0972325001E-5
2.3449398577E-5
2.6245298795E-5
2.0105892326E-5
3.3844960853E-5
3.4302647690E-5
2.3814092856E-5
1.5110755339E-5
1.6834144480E-5
3.0099262948E-5
2.7633155695E-5
2.5568634736E-5
3.4998694899E-5
2.7701712679E-5
2.8075813315E-5
2.2403371985E-5
2.9654754325E-5
3.0457321553E-5
2.4947000201E-5
1.8696964253E-5
3.2361759803E-5
3.7344859447E-5
4.8437854275E-5
3.6966463085E-5
2.0898249931E-5
1.8856569659E-5
2.0139850676E-5
2.3222505114E-5
1.7734221182E-5
2.3703952319E-5
2.8470566030E-5
3.2524508423E-5
3.3788278232E-5
2.7372757903E-5
3.0385656281E-5
2.7785601559E-5
2.1205923985E-5
1.3499939814E-5
1.2045190670E-5
2.8240075334E-5
2.2141740191E-5
2.7016329113E-5
3.7334987427E-5
3.4876528661E-5
2.9536592773E-5
2.9293948318E-5
1.7861626111E-5
1.8393178470E-5
2.7611874974E-5
1.7446582205E-5
3.2909761648E-5
3.4021539613E-5
3.2221071887E-5
3.1387293710E-5
2.9154738876E-5
3.2283668405E-5
3.1538354232E-5
2.3823766968E-5
3.0066689941E-5
3.2117881346E-5
1.9137340132E-5
2.2908265236E-5
3.4974247682E-5
3.0587322543E-5
3.2753718550E-5
3.0055851674E-5
2.0647072233E-5
2.6466173585E-5
3.2967457081E-5
2.3683614563E-5
2.5077071040E-5
2.5421252939E-5
2.6929401792E-5
2.8069596737E-5
3.3510674256E-5
3.4021865576E-5
3.3442489802E-5
2.8827751520E-5
3.0041823628E-5
2.2627762518E-5
3.1801802105E-5
2.5743176228E-5
2.5545072276E-5
3.0986103228E-5
2.5490880943E-5
3.1738495453E-5
3.4728716127E-5
2.5107571855E-5
2.3109826724E-5
2.3140199482E-5
2.4723715614E-5
2.3291795514E-5
2.8088560793E-5
3.2267032656E-5
3.5961635876E-5
3.0694098676E-5
3.2381538766E-5
2.9979331883E-5
3.0763808171E-5
3.3534853718E-5
3.7495943251E-5
2.5190052110E-5
2.4693203158E-5
2.2171402815E-5
2.6878609787E-5
2.7883413712E-5
3.0079332645E-5
2.8201634994E-5
3.3641234039E-5
3.9464712608E-5
2.6228837668E-5
2.8821302111E-5
2.3519119713E-5
2.4814647622E-5
3.0423339921E-5
3.0444783623E-5
2.5682803243E-5
2.7060590218E-5
3.0310056171E-5
2.8029642999E-5
2.4523749016E-5
2.7713936287E-5
2.5573617312E-5
2.6398361659E-5
2.7895811944E-5
3.3238390460E-5
2.9885373077E-5
2.4128507356E-5
1.9739265553E-5
2.8055685106E-5
2.5596120394E-5
2.2207398433E-5
3.0498288105E-5
2.5897624436E-5
3.0620291362E-5
1.9335001707E-5
2.4789921007E-5
3.1841197050E-5
3.3496727700E-5
2.8276315424E-5
3.0822481494E-5
2.2331066429E-5
1.9079830963E-5
2.1277472842E-5
2.8142472728E-5
2.6447686832E-5
2.9090768656E-5
3.3558032009E-5
3.1660951207E-5
2.8737634420E-5
3.1450320966E-5
1.9513536244E-5
1.9143207464E-5
3.2236799597E-5
3.5162619314E-5
2.6919413357E-5
2.7811224572E-5
2.6037101634E-5
3.1242240219E-5
2.5732314679E-5
2.9700365848E-5
2.1149625536E-5
3.3688452094E-5
3.1903036869E-5
2.3922882973E-5
3.3363676629E-5
2.6715127751E-5
2.2896018344E-5
2.6041117962E-5
3.5801460035E-5
3.4224614500E-5
2.9584136791E-5
1.8918642308E-5
2.3727735970E-5
2.2753106896E-5
2.9786257073E-5
2.3478129878E-5
2.8139282948E-5
3.1027151271E-5
2.9524357523E-5
3.1325221061E-5
3.4551287535E-5
3.5466253757E-5
1.4904618729E-5
2.7664052322E-5
3.0830141622E-5
2.8444011695E-5
2.8421066235E-5
3.1783129088E-5
2.9803486540E-5
2.5467970408E-5
3.2618420663E-5
1.5819736291E-5
3.1406513880E-5
2.5180948432E-5
2.8500065672E-5
2.7742167003E-5
2.6982044801E-5
3.5080290399E-5
3.6395201459E-5
2.1774508059E-5
3.2340327742E-5
3.4022505860E-5
1.7287000082E-5
1.3271637727E-5
1.1421577074E-5
4.9868330826E-5
6.1095634010E-5
3.3946288749E-5
2.4988921359E-5
3.1423079781E-5
1.3204338029E-5
2.5400158483E-5
3.1534722074E-5
2.8600462246E-5
3.1145289540E-5
3.1058618332E-5
2.7704471721E-5
2.4853739887E-5
3.2205355819E-5
2.3596361279E-5
1.9674142822E-5
3.2109685707E-5
2.4761154781E-5
2.6301166508E-5
1.9695225637E-5
2.9795581939E-5
2.6054179761E-5
2.7911225333E-5
2.9454228933E-5
3.3240788616E-5
2.7816055808E-5
2.3310992401E-5
2.6730482932E-5
2.0188174676E-5
2.5080272462E-5
3.4849811345E-5
3.1953398138E-5
3.1395850237E-5
2.5111518334E-5
2.1204375662E-5
2.8350285719E-5
2.5707611348E-5
2.8696318622E-5
3.1636049970E-5
2.3057300131E-5
2.7297704946E-5
2.8261658735E-5
3.4075055736E-5
3.3293734304E-5
2.7832959312E-5
2.4435622617E-5
3.9790279697E-5
2.8104777447E-5
1.9460276235E-5
3.1880789901E-5
4.7512399033E-5
2.6829447597E-5
2.9048509895E-5
1.6159540974E-5
3.2509875017E-5
2.7616566512E-5
2.9782147612E-5
2.9607617761E-5
3.1520368065E-5
3.6003638524E-5
2.3440818768E-5
2.2509926930E-5
3.4287828020E-5
3.1761010177E-5
3.9125082548E-5
3.0625262297E-5
1.6702560242E-5
2.2404978517E-5
2.5447004008E-5
3.5360723268E-5
2.9175821691E-5
1.9749917556E-5
2.8185779228E-5
2.6746548246E-5
2.7741421945E-5
3.2209255732E-5
3.0614784918E-5
3.9572035894E-5
2.7939234859E-5
2.0373635925E-5
3.9192650001E-5
1.2581632473E-5
3.0472723301E-5
2.8505153022E-5
1.9616074860E-5
2.9644195455E-5
2.3462751414E-5
2.4159753229E-5
2.6967225130E-5
3.1850975937E-5
2.9829796403E-5
2.6227673515E-5
2.5642069522E-5
3.2486300915E-5
2.0310818217E-5
2.5434407871E-5
3.2683927565E-5
2.3791030980E-5
3.0146096832E-5
3.3368519507E-5
3.0314130708E-5
2.9893615282E-5
2.2507982794E-5
2.6698806322E-5
2.1060183644E-5
2.5128317065E-5
2.5576970074E-5
2.9343145433E-5
2.2265408188E-5
2.9534823260E-5
4.0580518543E-5
3.1701521947E-5
3.2459839712E-5
2.3387360852E-5
1.9389600493E-5
2.2454920690E-5
2.4192326236E-5
3.7903210614E-5
2.4857139214E-5
2.9652682132E-5
3.1052948906E-5
2.0143145229E-5
2.0017218776E-5
1.1882465333E-5
2.2670545149E-5
2.8620532247E-5
3.4606177359E-5
3.4702918492E-5
3.7030596286E-5
2.9716186690E-5
2.5492801796E-5
1.9518530461E-5
2.7857336680E-5
1.9458692986E-5
2.7220265474E-5
3.1198631040E-5
3.3379730302E-5
3.0310673172E-5
3.1334091908E-5
3.1772314104E-5
2.8311170171E-5
2.6418699417E-5
1.8576101866E-5
2.8603291138E-5
3.2491562887E-5
3.3460278063E-5
2.9727234504E-5
3.7232588511E-5
3.2108661252E-5
2.3824500385E-5
3.1728786416E-5
2.9411504510E-5
2.2016849834E-5
2.9776256996E-5
3.1433149706E-5
1.8207961693E-5
3.3665704540E-5
1.7436104826E-5
3.3846311271E-5
3.4068850799E-5
2.7707405387E-5
3.0073779634E-5
3.1277525704E-5
1.8532841932E-5
3.2079638912E-5
2.1569349337E-5
2.0987505558E-5
3.0583038460E-5
3.6395224742E-5
3.9551826194E-5
2.9233656823E-5
2.9025075491E-5
2.7212942950E-5
2.5318900588E-5
2.3842265363E-5
2.2056256420E-5
2.7092813979E-5
3.3263338263E-5
2.1873344667E-5
2.8867821674E-5
2.6797188911E-5
2.5945343077E-5
3.1239388044E-5
2.9780867043E-5
2.5004055350E-5
2.0553148351E-5
2.4818081874E-5
2.6227300986E-5
2.5019038003E-5
3.2212864606E-5
2.3407419212E-5
2.5721266865E-5
3.2065506092E-5
3.2297894358E-5
2.7493725064E-5
2.4617055896E-5
2.8987019322E-5
2.6812369469E-5
3.1985563691E-5
3.4646550193E-5
1.6897625755E-5
2.6959157548E-5
2.5639822706E-5
2.4958141147E-5
3.0297040938E-5
2.7710990979E-5
1.9168748986E-5
1.9706564490E-5
2.3882242385E-5
3.0021392739E-5
2.5931489653E-5
2.8485234361E-5
3.5066262352E-5
3.9853155612E-5
2.6930868625E-5
2.3913278709E-5
3.2453530001E-5
3.4144858363E-5
3.3963005989E-5
2.6860740035E-5
2.3794744629E-5
2.0000792574E-5
2.2533058654E-5
2.6983569841E-5
1.9389623776E-5
2.7457950636E-5
2.3697572760E-5
3.0667637474E-5
3.0462443828E-5
2.9517232905E-5
2.2506236564E-5
3.4172332379E-5
3.4062436316E-5
2.8527551329E-5
2.5958719197E-5
3.2881507649E-5
3.6538788117E-5
2.8694549109E-5
3.1700404360E-5
2.2170285228E-5
2.0362844225E-5
2.0824547391E-5
2.5987951084E-5
3.2587011809E-5
3.0366948339E-5
2.6315764989E-5
2.7264002710E-5
3.0709942802E-5
2.9227382037E-5
3.4915260038E-5
2.8211087919E-5
2.7348066214E-5
2.6407686527E-5
3.0142185277E-5
3.2843090593E-5
2.2507552057E-5
3.0375178902E-5
2.3808702826E-5
3.2184447627E-5
2.4684122763E-5
2.1513714455E-5
2.8124102390E-5
3.7472113035E-5
3.3507484476E-5
1.6741151921E-5
3.1758681870E-5
2.6205577887E-5
3.2817572354E-5
2.4935242254E-5
3.2633636146E-5
3.3097434788E-5
3.2272399403E-5
3.6114593967E-5
2.8949894476E-5
3.1090481206E-5
2.4282385129E-5
2.6670750230E-5
3.0406133737E-5
2.6066880672E-5
3.2470619771E-5
2.3226602934E-5
2.4230696726E-5
2.4981575552E-5
3.5801192279E-5
2.8503488283E-5
3.0864740255E-5
2.5690044276E-5
2.2404512856E-5
2.2525480017E-5
2.4297740310E-5
3.2844813540E-5
2.5745714083E-5
3.4009513910E-5
2.9909657314E-5
3.3327343407E-5
3.7190725560E-5
2.9420957434E-5
3.8800714537E-5
3.1701603438E-5
2.5869940873E-5
2.5293009821E-5
1.6550277360E-5
3.4751161001E-5
2.3056962527E-5
3.7696899380E-5
3.0883960425E-5
4.3151143473E-5
3.5224284510E-5
-2.3324973880E-6
1.2005015742E-5
4.0400528814E-5
4.3227430433E-5
3.8379209581E-5
3.0176446307E-5
2.1917442791E-5
2.7913658414E-5
2.6299001183E-5
1.3424502686E-5
2.3760052863E-5
3.4535897429E-5
3.1032087281E-5
2.5576213374E-5
2.3208383936E-5
2.9949191957E-5
2.9627827461E-5
3.1837541609E-5
3.0133198015E-5
2.6756082661E-5
2.4651526473E-5
3.4241518005E-5
2.2305431775E-5
2.5977590121E-5
2.6022561359E-5
3.5363715141E-5
2.8058735187E-5
3.0483433510E-5
3.4308165776E-5
2.6361155323E-5
3.1297153327E-5
2.5621405802E-5
3.2855675089E-5
2.2289261687E-5
2.9294425621E-5
3.0290172435E-5
1.8916861154E-5
2.2712675854E-5
3.0626181978E-5
2.5350425857E-5
2.5259365793E-5
3.3473502844E-5
2.8944015502E-5
2.2006779909E-5
1.7524242867E-5
3.0518998391E-5
2.2988952696E-5
3.6307144909E-5
3.0165235511E-5
3.6091904621E-5
2.3848644923E-5
1.7481192481E-5
2.8135010506E-5
2.8226221911E-5
2.7586659416E-5
3.7025264464E-5
3.2582413404E-5
3.4954550210E-5
2.8600113000E-5
2.4011312052E-5
2.7633830904E-5
2.3718236479E-5
2.6509480085E-5
3.1245895661E-5
3.5306683275E-5
2.4581572506E-5
4.0477851871E-5
2.8529099654E-5
2.2972491569E-5
2.2521032951E-5
3.2016006297E-5
3.0472630168E-5
3.6136980634E-5
2.0072900224E-5
2.5073520373E-5
2.2419285960E-5
2.7663458604E-5
3.5247742198E-5
3.3757416531E-5
3.0549732036E-5
2.2868230007E-5
2.7118611614E-5
2.4437485262E-5
2.1752680186E-5
2.4946837220E-5
2.6153645012E-5
2.5963969528E-5
2.0000815857E-5
2.5751290377E-5
3.2521621324E-5
2.5242601986E-5
2.4598557502E-5
3.2304250634E-5
2.9261899180E-5
3.7447665818E-5
2.2808031644E-5
3.1663430854E-5
3.3701886422E-5
2.8046662918E-5
3.2699224538E-5
4.1462783701E-5
2.9863580129E-5
2.4980027228E-5
2.9765511862E-5
3.3089646603E-5
2.2727833129E-5
1.9564374815E-5
3.3996650017E-5
3.0327471904E-5
2.9885349794E-5
2.6816898025E-5
3.5788153763E-5
3.4159270581E-5
2.6916002388E-5
2.7882249559E-5
2.6800821069E-5
2.4572433903E-5
2.7376564685E-5
1.8517673015E-5
3.0876963864E-5
2.1306856069E-5
3.4623651299E-5
3.9215653669E-5
3.4686923026E-5
2.8747052419E-5
2.1908094640E-5
2.2369297221E-5
2.1281861700E-5
2.2124312818E-5
3.7210644222E-5
2.9178301337E-5
3.6339787766E-5
3.8132397457E-5
2.9176322277E-5
2.1839071996E-5
2.8010481037E-5
2.6913662440E-5
2.6149675249E-5
2.7433724608E-5
3.0095526016E-5
3.0599744058E-5
3.2162596471E-5
2.3714534472E-5
1.7735396977E-5
3.1002389732E-5
2.3672264069E-5
2.5400472804E-5
2.8606259728E-5
2.7850072365E-5
1.7800694331E-5
2.7869746554E-5
2.7653493452E-5
2.2559927310E-5
2.9459805227E-5
2.2016721777E-5
2.7184153440E-5
2.7469662017E-5
2.1577812731E-5
2.2571033332E-5
3.1675037461E-5
2.7886172756E-5
2.4588918313E-5
3.1271856277E-5
2.4334096815E-5
3.3221975900E-5
2.7316575869E-5
2.4659675545E-5
2.5763025041E-5
3.3900339621E-5
2.6378931943E-5
3.8011569995E-5
3.0192104167E-5
3.3260032068E-5
3.3765041734E-5
3.5603693686E-5
2.9887922573E-5
1.8921215087E-5
2.3516861255E-5
2.3328862153E-5
3.1343789304E-5
2.7775415218E-5
3.0694040469E-5
2.4836731608E-5
2.4281989317E-5
3.4577434416E-5
2.1046330221E-5
3.4065148792E-5
2.0600145217E-5
1.9380648154E-5
2.9225088655E-5
3.1378911807E-5
2.2979883942E-5
2.9872008598E-5
2.0688632503E-5
3.1641952227E-5
3.2593449577E-5
2.7151196263E-5
2.8377992566E-5
2.7937057893E-5
2.2717786487E-5
2.1273770835E-5
2.2862444165E-5
2.9799889307E-5
2.5135744362E-5
1.9622431136E-5
2.4927908088E-5
2.8271693735E-5
2.6179605629E-5
2.9766059014E-5
2.6389211415E-5
2.8073659632E-5
3.1876808497E-5
2.3820647038E-5
2.5791628285E-5
3.1620590015E-5
2.8201029635E-5
2.5184010155E-5
3.0044629238E-5
2.8600823133E-5
3.1300482805E-5
2.9924511909E-5
3.0547240748E-5
3.0964519828E-5
2.7925148605E-5
3.0812260228E-5
3.4269201569E-5
3.2538559753E-5
2.7523410971E-5
3.0465249437E-5
3.2979284878E-5
1.8523016479E-5
2.6186206377E-5
2.7508055790E-5
2.6925979181E-5
3.1073146964E-5
2.4883262812E-5
2.8922548517E-5
2.4712609592E-5
3.0158739536E-5
2.5056488811E-5
2.4966464843E-5
3.1165336258E-5
2.5816890410E-5
3.5069091245E-5
3.0606065410E-5
1.9120879005E-5
3.2039312645E-5
2.7304119430E-5
2.5554862804E-5
2.4281442165E-5
2.5165767874E-5
1.7102039419E-5
3.2345450017E-5
2.7495622634E-5
3.2967794686E-5
2.7187669183E-5
3.0008738394E-5
2.9182073194E-5
2.7349346782E-5
3.1393277458E-5
2.7034315280E-5
2.9509409796E-5
2.6980275287E-5
2.3746106307E-5
3.8069905713E-5
2.9337476007E-5
2.9700400773E-5
2.7464213780E-5
2.7377088554E-5
2.4799082894E-5
1.9888777751E-5
1.9846193026E-5
3.4018629230E-5
2.2329890634E-5
2.1375727374E-5
2.1139543969E-5
3.2890017609E-5
2.8176757040E-5
3.3532851375E-5
2.3721100297E-5
2.6454136241E-5
2.1489313803E-5
2.6831799186E-5
2.2857519798E-5
2.2892840206E-5
3.2524007837E-5
3.4918147139E-5
3.2952707260E-5
2.9321515466E-5
3.7820427678E-5
3.3978675491E-5
2.0466488786E-5
2.9632751829E-5
2.1097762510E-5
3.1172216403E-5
2.4222850333E-5
2.0899390801E-5
2.2328575141E-5
4.1120836976E-5
3.7592987064E-5
2.9196345712E-5
2.5626854039E-5
2.7311267331E-5
2.3238069843E-5
6.2025152147E-6
2.3905478883E-5
4.2334431782E-5
4.2788090650E-5
4.4414354488E-5
1.4017021749E-5
1.4160433784E-5
1.8462922890E-5
2.9068440198E-5
3.2393739092E-5
3.1826610211E-5
3.0346109997E-5
3.0227389652E-5
2.3286929354E-5
1.2637511827E-5
2.1428242325E-5
2.0702916663E-5
3.1271402258E-5
2.8121436480E-5
2.5614106562E-5
2.6859715580E-5
4.0162994992E-5
3.2141816336E-5
3.2225984613E-5
3.6611058749E-5
3.0331662856E-5
1.9178714137E-5
2.7207005768E-5
2.5390100199E-5
3.1024659983E-5
2.8992723673E-5
2.7790188323E-5
2.7319381478E-5
2.1946022752E-5
3.3996847923E-5
3.1948043033E-5
3.7233543116E-5
3.3275526948E-5
2.6009301654E-5
2.5696610100E-5
2.9493088367E-5
3.5014306195E-5
1.9140308723E-5
2.7143582701E-5
2.3116555530E-5
1.5627499670E-5
3.1254894565E-5
2.0095193758E-5
2.6912963948E-5
2.3626408073E-5
1.8635124434E-5
2.2587855346E-5
2.8687482699E-5
2.8353906236E-5
2.6686931960E-5
2.6654405519E-5
2.6891892775E-5
2.6724371127E-5
3.3795170020E-5
2.7673039585E-5
2.5455909781E-5
2.8337270486E-5
2.9595813248E-5
3.0501012224E-5
2.3015460464E-5
2.6417477056E-5
3.1701778061E-5
2.1909328643E-5
3.1822279561E-5
1.9055244047E-5
2.3105100262E-5
1.6255665105E-5
2.1730060689E-5
2.7686776593E-5
2.4525006301E-5
3.3180974423E-5
3.1172391026E-5
3.0195747967E-5
2.9534241184E-5
2.6572926435E-5
2.7285621035E-5
2.6552367489E-5
2.9307359363E-5
3.1702581327E-5
2.4165597278E-5
2.5545305106E-5
2.2462708875E-5
2.1101208403E-5
1.9868335221E-5
3.0769116710E-5
3.9026141166E-5
2.1225097589E-5
2.4904566816E-5
2.1441746503E-5
2.3062108084E-5
3.2900227233E-5
2.6981276459E-5
3.2438326160E-5
1.9722071010E-5
3.3507472835E-5
2.2408878430E-5
2.8593302704E-5
3.4009036608E-5
1.9755586982E-5
2.6553368661E-5
2.3294112179E-5
3.0990084632E-5
2.4103198665E-5
3.3290835562E-5
3.5727734211E-5
3.7727772723E-5
2.2381218150E-5
3.2006157561E-5
2.9136461670E-5
2.9651692602E-5
2.3711321409E-5
2.6077311485E-5
2.5575933977E-5
3.4176290500E-5
2.0820030477E-5
2.9458675998E-5
2.7138902805E-5
2.4524237960E-5
2.8744910377E-5
2.7513667009E-5
2.5094614829E-5
2.3869355209E-5
1.6968953423E-5
4.1620538104E-5
4.7348451335E-5
4.0716351941E-5
2.6144366711E-5
2.7812842745E-5
1.4252669644E-5
2.1438195835E-5
2.7812726329E-5
2.9859656933E-5
2.7209508697E-5
3.0607206281E-5
3.5742297768E-5
3.3119018189E-5
3.0105735640E-5
1.4040397946E-5
2.8749043121E-5
2.6679644360E-5
2.7095770928E-5
3.2566906883E-5
2.7697021141E-5
2.7977023273E-5
2.6278756558E-5
2.5771267246E-5
2.7523573953E-5
2.3360631894E-5
2.6360002811E-5
2.6374869048E-5
3.4909660462E-5
3.0159903689E-5
3.3310241997E-5
3.2073026522E-5
3.0166259966E-5
2.8274324722E-5
3.3809849991E-5
2.1894881501E-5
2.6973336934E-5
2.5418866425E-5
1.4519155957E-5
3.0018575488E-5
3.4510821569E-5
2.8229504823E-5
2.5135243777E-5
2.8650625608E-5
2.6163831353E-5
3.4692953339E-5
3.1298713292E-5
2.9701774473E-5
1.8082698807E-5
3.0006258747E-5
2.6454986072E-5
2.4030369240E-5
2.8633372857E-5
2.6526080909E-5
3.2559793907E-5
2.9297382570E-5
3.0328508000E-5
2.9195519163E-5
2.1738337818E-5
2.5496690068E-5
2.8192833996E-5
2.6088289450E-5
2.9867910779E-5
2.9989855828E-5
3.3114547840E-5
2.9836629982E-5
2.4104653857E-5
3.1156244221E-5
2.5885575450E-5
2.5711196940E-5
1.6503315419E-5
2.2778881248E-5
2.2748112678E-5
2.2139074280E-5
3.4868321380E-5
1.7715024296E-5
2.3020082153E-5
2.1032779477E-5
2.6276486459E-5
3.0331150627E-5
3.5510037559E-5
2.4486263282E-5
2.4765112902E-5
2.8819160069E-5
3.2608828041E-5
3.4220842643E-5
3.0121847520E-5
2.8984958771E-5
3.6915577947E-5
2.9548874590E-5
2.2362603340E-5
2.9931275639E-5
3.3606914802E-5
2.5303591974E-5
3.0317227355E-5
2.9649282805E-5
2.9296916909E-5
2.8885365463E-5
3.5237113479E-5
2.8338585979E-5
3.0384131241E-5
3.3255002926E-5
3.0197517480E-5
2.6806269306E-5
3.1247746664E-5
3.1341577414E-5
2.9907166026E-5
3.2044504768E-5
2.4539220612E-5
3.0608184169E-5
2.7049484196E-5
2.6249361689E-5
2.9615976381E-5
3.5407207906E-5
2.7573527767E-5
3.7091982085E-5
3.1796470284E-5
3.6669778637E-5
3.1415058765E-5
3.4691533073E-5
2.7271895669E-5
2.4247856345E-5
3.4152739680E-5
3.0824460554E-5
2.1062511950E-5
2.8610078151E-5
3.2396393362E-5
2.5140948127E-5
2.8551521245E-5
2.5355035904E-5
1.2548698578E-5
3.1878554727E-5
2.7167366351E-5
3.8043910171E-5
2.9231479856E-5
3.2053911126E-5
2.5165802799E-5
2.8187036514E-5
2.4557171854E-5
2.4628522805E-5
3.2626162282E-5
3.3935741521E-5
2.7624727226E-5
1.8311792519E-5
3.1049014068E-5
2.8596294577E-5
3.4137768670E-5
3.4357490948E-5
3.1322101130E-5
3.7644233088E-5
3.1546340323E-5
3.0715460888E-5
1.8637045286E-5
3.1871453392E-5
2.0086276345E-5
3.2074970658E-5
2.5253777858E-5
2.6054948102E-5
2.5293114594E-5
2.5596586055E-5
2.6498618535E-5
3.5833218135E-5
3.2236438709E-5
2.0556291565E-5
2.3966154549E-5
2.2251077461E-5
2.4186156224E-5
2.9987969900E-5
3.2332923728E-5
2.9996456578E-5
3.3068354241E-5
3.0514446552E-5
3.4434674307E-5
2.9895012266E-5
1.7405406106E-5
2.7357041835E-5
2.5599019136E-5
3.1955353915E-5
3.5321677569E-5
3.1684979330E-5
2.9814545996E-5
2.9697874560E-5
1.9701779820E-6
6.1492202804E-6
3.6086060572E-5
6.5463641660E-5
3.5337766166E-5
3.4624407999E-5
2.8652569744E-5
2.4013977963E-5
2.7750164736E-5
2.8413906693E-5
1.7759390175E-5
2.2956787142E-5
2.7137808501E-5
2.9713974799E-5
2.8795772231E-5
3.5346508957E-5
3.1919172033E-5
3.1729869078E-5
2.5402987375E-5
2.0179804414E-5
2.0003784448E-5
3.8927362766E-5
2.1546171046E-5
1.9637052901E-5
2.8222054242E-5
3.0597718432E-5
1.5420035925E-5
2.7822458650E-5
1.8971378449E-5
2.0639377180E-5
2.9256741981E-5
3.3759477082E-5
2.2165244445E-5
2.4631107225E-5
2.6087975129E-5
2.4231139104E-5
3.0728511046E-5
2.5751697830E-5
2.6016950141E-5
3.0096212867E-5
3.0476239043E-5
2.9534997884E-5
3.0074489768E-5
3.2715895213E-5
2.9547570738E-5
2.5903072673E-5
3.6739476490E-5
2.2741430439E-5
2.9205903410E-5
2.6370107661E-5
2.3456860799E-5
2.7123419567E-5
2.7192942797E-5
2.8097850735E-5
2.2839114535E-5
2.8149678837E-5
2.7809280436E-5
3.7312181666E-5
3.1594058964E-5
3.0162394977E-5
3.2246427144E-5
2.2875226568E-5
3.1245860736E-5
2.8361915610E-5
2.2512220311E-5
3.2720854505E-5
3.6705634556E-5
2.6567617896E-5
2.8267956804E-5
3.7758424877E-5
3.0473631340E-5
3.2357592135E-5
2.7676858007E-5
2.9032700694E-5
2.3904221598E-5
2.2983725648E-5
3.4225580747E-5
2.8028269297E-5
2.4566787760E-5
3.2105098943E-5
2.9434286988E-5
2.6627897750E-5
3.1207711435E-5
2.9747479129E-5
2.3278850130E-5
3.0315457843E-5
2.9430771246E-5
2.6987178716E-5
2.0579237025E-5
3.4164055250E-5
3.0072533990E-5
2.5875272694E-5
2.8480251785E-5
2.9553123749E-5
2.3143400903E-5
2.7764972764E-5
1.9832281396E-5
1.7486198339E-5
2.4980038869E-5
2.7893495279E-5
3.5124155692E-5
2.9378361068E-5
3.0902912839E-5
2.8413638937E-5
2.9594474471E-5
2.2574199829E-5
2.6830739806E-5
3.1131214927E-5
3.9107585326E-5
2.8604385442E-5
2.5131704751E-5
3.6115979309E-5
2.5356642436E-5
3.4872186369E-5
1.6624899581E-5
2.8215604834E-5
2.7097412384E-5
3.7801917641E-5
2.7903728186E-5
1.5024805907E-5
3.1422136816E-5
2.4185434449E-5
2.9806548263E-5
3.4308840985E-5
3.3227435778E-5
1.7259921879E-5
2.5304511654E-5
2.7112290262E-5
2.2467563394E-5
9.3277776615E-6
2.6054820045E-5
5.1838543732E-5
4.7167937737E-5
3.6211649421E-5
2.2856681607E-5
2.0904617849E-5
2.7351919561E-5
2.6589015032E-5
3.1497934832E-5
2.9143935534E-5
3.3143430482E-5
3.3532234374E-5
3.1673675402E-5
2.9558979439E-5
2.5761639699E-5
3.0301779042E-5
1.3816880528E-5
1.3144663535E-5
2.5778613052E-5
2.6635453104E-5
2.3920170497E-5
3.2260152510E-5
3.2204843591E-5
2.6094203348E-5
3.6487320903E-5
2.9391085262E-5
1.8176937010E-5
2.8352020307E-5
3.1951838172E-5
3.8297544233E-5
2.7710874564E-5
2.8330273925E-5
2.9322889167E-5
2.7556682471E-5
3.5364623181E-5
2.1195830777E-5
2.4856999516E-5
2.8783606830E-5
2.6416731998E-5
3.5468197893E-5
3.3279880881E-5
3.2617873511E-5
2.3547699674E-5
2.6078219525E-5
2.8115394524E-5
2.4459790438E-5
2.7109077200E-5
2.9179954435E-5
2.8840766753E-5
2.4036224931E-5
3.1150376889E-5
2.5329086929E-5
4.0814303792E-5
2.1049624774E-5
3.0769139993E-5
2.8882315381E-5
2.6665162294E-5
2.6616279501E-5
2.8320564887E-5
2.4843739810E-5
1.8193689175E-5
3.0649499967E-5
2.8511951677E-5
2.7505424805E-5
3.0123884789E-5
1.4650949743E-5
3.3101963344E-5
2.7189578395E-5
2.6503566186E-5
2.5691150221E-5
2.1793076302E-5
2.7965626213E-5
3.6051613278E-5
3.9314117748E-5
2.8227048460E-5
3.0587101354E-5
2.9127928427E-5
3.1256442889E-5
2.8039899188E-5
2.9607140458E-5
3.3570535015E-5
3.1864712945E-5
2.7797359507E-5
1.6158865765E-5
2.5007675867E-5
3.0776241328E-5
3.5988318267E-5
3.0469126067E-5
1.9790022634E-5
3.0790187883E-5
2.7194060385E-5
2.0722008776E-5
1.9874668214E-5
1.3763050083E-5
3.3447414170E-5
2.4958024732E-5
2.3501063696E-5
2.8098514303E-5
3.0330917797E-5
2.7123116887E-5
2.6914465706E-5
2.7853879145E-5
2.1633715368E-5
2.2500858176E-5
2.9342900961E-5
3.4723384305E-5
2.7832016348E-5
2.7306878473E-5
2.5264150463E-5
3.1553686130E-5
3.3650628756E-5
2.5615433696E-5
3.2629328779E-5
2.9844057280E-5
3.4148723352E-5
3.1692557968E-5
3.6017806268E-5
2.1673727314E-5
2.5204150005E-5
2.8237572405E-5
2.7262698858E-5
2.1995464339E-5
2.4921400472E-5
2.4578312877E-5
2.4187867529E-5
2.3996026720E-5
3.4625479019E-5
2.6046519633E-5
2.2477819584E-5
2.2933527361E-5
3.0898745171E-5
2.5397457648E-5
2.0015635527E-5
2.2496271413E-5
2.4983263574E-5
4.0741672273E-5
1.8965650815E-5
4.0350493509E-5
2.7889467310E-5
2.4013197980E-5
2.5781127623E-5
1.3721210416E-5
2.5915785226E-5
3.7569564301E-5
3.1082297209E-5
3.3456366509E-5
3.6411336623E-5
2.8815574477E-5
2.3726851213E-5
2.4589081294E-5
3.3416494261E-5
1.9958103075E-5
1.4354672749E-5
2.1084200125E-5
3.3818266819E-5
3.5890773870E-5
3.5359640605E-5
2.1147436927E-5
3.3379707019E-5
2.8205267153E-5
2.2780930157E-5
2.0279549062E-5
3.5996560472E-5
2.0720518659E-5
1.8655951135E-5
3.0989560764E-5
3.4800835419E-5
3.1487573869E-5
3.2919249497E-5
2.6075006462E-5
2.6517023797E-5
2.6059162337E-5
2.2791442461E-5
2.1811830811E-5
1.3454409782E-5
3.1667016446E-5
6.2156864443E-5
4.6576617752E-5
2.2428971715E-5
8.9020002633E-6
1.9232276827E-5
2.9942684340E-5
3.5254121757E-5
2.6007683481E-5
2.9805884696E-5
3.6496110260E-5
3.0536006670E-5
2.7670967392E-5
2.4642981588E-5
1.9852584228E-5
3.1512405257E-5
2.8389983344E-5
2.7027714531E-5
2.8463662601E-5
2.7297122869E-5
3.4390366636E-5
2.5188317522E-5
2.2541638463E-5
2.4722586385E-5
1.1420063674E-5
3.2546010333E-5
2.0124402363E-5
2.8430449310E-5
3.2673845998E-5
3.2882927916E-5
2.9925943817E-5
2.6898225769E-5
3.1075382139E-5
3.8697954732E-5
3.0347355641E-5
2.7510023209E-5
2.6215158868E-5
2.7452781796E-5
3.1690706964E-5
2.4434051010E-5
2.8026674408E-5
2.5348970666E-5
2.8404651675E-5
3.1393917742E-5
2.2881967015E-5
2.6544358115E-5
3.2328628003E-5
2.2586912382E-5
1.9500043708E-5
1.9777752459E-5
2.6979541871E-5
3.0523433815E-5
2.4499522987E-5
2.7305202092E-5
4.2275723535E-5
3.0719733330E-5
3.3014640211E-5
2.9082235414E-5
2.4707231204E-5
3.4091889392E-5
3.2118265516E-5
2.1474144887E-5
3.0071847140E-5
3.1044927891E-5
2.8381939046E-5
2.8569228015E-5
2.4808698799E-5
2.6206043548E-5
2.8813059907E-5
2.2257945965E-5
2.5308353360E-5
3.5969796590E-5
2.4340185336E-5
3.1700741964E-5
3.2413005828E-5
3.4992920700E-5
2.3789599071E-5
2.7940550353E-5
2.6196637190E-5
2.7482770382E-5
2.8913607820E-5
3.1774572562E-5
2.0530540496E-5
2.7581513859E-5
2.5501707568E-5
1.7962919082E-5
2.8342474251E-5
2.5735574308E-5
3.5467091947E-5
3.4730776678E-5
3.1681673135E-5
2.7577031869E-5
4.4827535748E-5
2.2992631420E-5
2.6737619191E-5
3.3430918119E-5
3.1455978750E-5
3.0763493850E-5
3.5239139105E-5
2.1867896430E-5
2.4998013395E-5
2.3795268498E-5
2.1536508575E-5
3.2059289514E-5
4.0448608342E-5
2.3478909861E-5
2.8020178432E-5
2.7844449504E-5
1.8748966976E-5
2.6080035604E-5
1.9342056475E-5
3.3346819691E-5
2.7667230460E-5
3.4901092294E-5
2.8727005701E-5
1.7269037198E-5
3.5125797148E-5
3.1580089125E-5
2.5002902839E-5
3.0787149443E-5
2.6444345712E-5
2.9177044052E-5
2.7124176267E-5
2.5720125995E-5
2.6779063045E-5
2.4531816597E-5
2.9239663853E-5
3.5989447496E-5
2.6736385188E-5
2.8618914074E-5
3.5518640652E-5
2.7865939773E-5
2.5262730195E-5
3.0874344519E-5
1.3996136841E-5
1.0025897063E-5
1.6051845159E-5
4.5672734268E-5
3.8812973070E-5
2.8404488693E-5
2.5241123511E-5
1.9647204317E-5
2.6244460604E-5
2.5761208962E-5
2.4195155128E-5
2.5373732205E-5
2.6254332623E-5
3.1243870034E-5
2.8491544071E-5
3.0055199749E-5
2.5529984850E-5
2.5370565708E-5
2.8911407570E-5
2.3168977349E-5
1.9088538829E-5
2.8336897957E-5
2.9510981402E-5
2.7264200616E-5
2.8628634753E-5
2.8705131262E-5
1.8881820142E-5
2.6317220180E-5
2.5596015620E-5
2.2558274213E-5
2.6549061294E-5
2.2556039039E-5
3.0147400683E-5
2.6153901125E-5
3.1144602689E-5
2.6230607181E-5
2.4172535631E-5
2.1301954984E-5
2.3047672584E-5
2.3070792667E-5
2.7821341063E-5
2.9512040782E-5
2.7438893448E-5
2.8150423895E-5
2.0419736392E-5
2.8936797752E-5
3.2428838312E-5
2.8332555666E-5
2.4317391216E-5
3.0741642694E-5
2.0272808615E-5
2.3599632550E-5
2.9992486815E-5
2.1970388479E-5
3.8503040559E-5
2.6726745999E-5
2.2888567764E-5
3.3930165226E-5
2.9745209030E-5
3.2194575760E-5
2.6083295233E-5
2.9719108715E-5
3.1565409153E-5
2.3946166038E-5
2.4696544278E-5
2.5948358233E-5
2.5882537010E-5
2.2411928511E-5
3.2715848646E-5
2.7100194710E-5
2.1557894069E-5
2.8996192849E-5
2.0365382079E-5
1.2930808589E-5
2.6502087712E-5
3.5436649340E-5
2.4144945200E-5
3.6565866320E-5
2.7645949739E-5
2.8344651217E-5
2.8312904759E-5
2.7818151283E-5
2.4978199507E-5
2.6037136558E-5
3.2137776724E-5
1.9661232363E-5
3.4516921732E-5
2.4526368360E-5
2.2768683265E-5
2.3460004013E-5
2.9767793602E-5
2.3365824017E-5
2.6751216500E-5
2.4375086650E-5
2.0837236661E-5
2.9412726871E-5
2.2935494780E-5
3.0969362705E-5
2.5572942104E-5
3.2483565155E-5
3.1889544333E-5
2.3181270808E-5
2.6269315276E-5
2.1822657436E-5
3.1079514883E-5
1.9758602138E-5
2.3869657889E-5
3.1520554330E-5
2.7974927797E-5
2.2341101430E-5
1.9612733740E-5
2.3599108681E-5
2.4292210582E-5
3.1321519054E-5
1.8787162844E-5
3.2527628354E-5
2.7801329269E-5
2.8178736101E-5
2.4512794334E-5
2.4397543165E-5
1.9488600083E-5
1.7231830861E-5
2.2249133326E-5
2.0684290211E-5
3.1692569609E-5
3.3141276798E-5
4.1871750727E-5
3.4733582287E-5
2.7120637241E-5
3.0188076197E-5
2.9572856146E-5
2.5037187151E-5
2.3255939595E-5
2.4450069759E-5
3.0410056933E-5
2.7778965886E-5
3.4434290137E-5
2.9898178763E-5
2.5489286053E-5
3.8139021489E-5
3.2640132121E-5
2.0841788500E-5
2.7999212033E-5
2.9209221247E-5
3.5486312117E-5
2.9966316651E-5
2.7265795506E-5
3.5580759867E-5
3.5303842741E-5
3.6723900120E-5
3.2517465296E-5
3.2989878672E-5
2.1930283401E-5
1.6844540369E-5
2.2454746067E-5
2.3883837275E-5
2.2847147192E-5
3.1460286117E-5
2.9534846544E-5
2.1738267969E-5
3.2258732244E-5
1.7773115542E-5
3.8150302134E-5
1.9131961744E-5
3.2358395401E-5
2.5656574871E-5
2.5949906557E-5
2.2519915364E-5
2.9835430904E-5
2.9653997625E-5
5.5353704375E-5
4.2414141353E-5
8.6087966338E-6
-6.5823434852E-6
1.9098399207E-5
4.2446504812E-5
4.7179055400E-5
4.2350008152E-5
3.2256799749E-5
3.3012847415E-5
1.9114720635E-5
2.6657246053E-5
3.0398252419E-5
2.3061712272E-5
2.8462766203E-5
3.2756268046E-5
3.7945853546E-5
2.1076109260E-5
3.2378383912E-5
2.8823153115E-5
2.9817677568E-5
3.4744711592E-5
2.7355877682E-5
2.1758442744E-5
2.7428346220E-5
3.1088350806E-5
2.5484943762E-5
3.5782472696E-5
2.7908524498E-5
3.0754890758E-5
1.9410322420E-5
1.6578100622E-5
2.4314597249E-5
2.0603649318E-5
2.1917826961E-5
2.5357224512E-5
1.9319308921E-5
2.3851031437E-5
3.2805488444E-5
2.2902409546E-5
2.7674587909E-5
2.6916991919E-5
3.4267036244E-5
2.9526604339E-5
2.5846436619E-5
2.7825613506E-5
2.1569186355E-5
1.7403485253E-5
2.2714422084E-5
1.4648959041E-5
3.1850056256E-5
2.2514746524E-5
1.8585636280E-5
2.8104870580E-5
2.8681184630E-5
2.6192876975E-5
2.5268935132E-5
2.8594164177E-5
1.9301497377E-5
2.5633454788E-5
2.3043551482E-5
2.5719346012E-5
2.6941450777E-5
2.5943492073E-5
2.7309916913E-5
2.8747727628E-5
2.4568173103E-5
2.0311214029E-5
2.8536154422E-5
2.8070888947E-5
3.5076925996E-5
2.8878333978E-5
3.1350238713E-5
3.2081175595E-5
2.1340907551E-5
2.2345560137E-5
2.6045797858E-5
3.1542032956E-5
2.0417710766E-5
2.3101118858E-5
2.4862086865E-5
2.9826571698E-5
2.3362506181E-5
3.1912850681E-5
3.4417083952E-5
2.7725333347E-5
3.1218258663E-5
2.5480811018E-5
2.7298147323E-5
2.4857115931E-5
3.1679344828E-5
1.9946275279E-5
2.8868962544E-5
3.6394037306E-5
2.7325423434E-5
3.3783330581E-5
3.5394937731E-5
2.8806924819E-5
2.9252993408E-5
2.6670738588E-5
2.5515619199E-5
2.6732776313E-5
3.6405608989E-5
3.1746469903E-5
3.5430560819E-5
2.6107986923E-5
2.3965013679E-5
3.6362395621E-5
1.8484110478E-5
2.1912751253E-5
2.1488463971E-5
3.0347576830E-5
3.4550798591E-5
3.2863102387E-5
3.5541062242E-5
2.7056329417E-5
1.7992255743E-5
3.2319582532E-5
2.5316118262E-5
2.8559868223E-5
2.3419887292E-5
2.4742144159E-5
3.4135044552E-5
2.7418881654E-5
2.9737141448E-5
2.7515005785E-5
2.6237219571E-5
2.7844321448E-5
3.2950623426E-5
2.3866759147E-5
2.5592173915E-5
2.0111259073E-5
3.2839609775E-5
2.4819769896E-5
2.5461427867E-5
2.5998544879E-5
2.6891019660E-5
3.3126142807E-5
3.2767117954E-5
2.4956942070E-5
2.1749874576E-5
1.7427257262E-5
7.8121083790E-6
1.3094954193E-5
4.7486147378E-5
3.8675521500E-5
3.2776477746E-5
1.7535849474E-5
2.1000101696E-5
2.3973756469E-5
2.6801519561E-5
2.3516395594E-5
2.7643854263E-5
2.9247102792E-5
3.7409900687E-5
2.4414062500E-5
3.5754288545E-5
3.5453948658E-5
2.7943844906E-5
2.2000027820E-5
2.6440387591E-5
2.4776335339E-5
2.4199485778E-5
2.9838923364E-5
3.2418081536E-5
3.8346694782E-5
2.4082034360E-5
3.4342880826E-5
2.5007396470E-5
2.4382723495E-5
2.2050738334E-5
2.8755830134E-5
1.7862347886E-5
2.8678949456E-5
2.9176671522E-5
2.9571156482E-5
2.6795500889E-5
2.8387387282E-5
2.4874822701E-5
3.1392951495E-5
2.7344445698E-5
3.0566682106E-5
3.0575389973E-5
2.3789890110E-5
2.7648976538E-5
2.3058615624E-5
2.7524877804E-5
2.2709672339E-5
3.3211428671E-5
2.8835679404E-5
2.4384411517E-5
3.7366815376E-5
3.1782861332E-5
2.8295023366E-5
3.0862470156E-5
2.8760335407E-5
2.9812136198E-5
2.9176508541E-5
3.3895869273E-5
2.5947205721E-5
3.0971656086E-5
2.3158849216E-5
2.8707308228E-5
1.6589032020E-5
3.0364829580E-5
2.2802047897E-5
3.0308403074E-5
3.1715398653E-5
2.7212826534E-5
2.8084358200E-5
2.4026213213E-5
2.4650699924E-5
2.2601103409E-5
2.7462327852E-5
2.3526838049E-5
2.8262438717E-5
2.8792058583E-5
3.5188533365E-5
2.6422622613E-5
1.9151449669E-5
2.7657672762E-5
3.0670850537E-5
2.8304487932E-5
2.6576477102E-5
2.6566244195E-5
3.7248048465E-5
2.6842195074E-5
2.9356474987E-5
2.9583298600E-5
3.1708599998E-5
2.7066632173E-5
2.1850434131E-5
2.3930286988E-5
2.7165783103E-5
2.8151145670E-5
3.9377261418E-5
2.9705604538E-5
2.5006791110E-5
3.2553845084E-5
2.8586329426E-5
2.3207662161E-5
3.5878398920E-5
1.8822809216E-5
3.1839159782E-5
3.0353525653E-5
9.8937889562E-6
3.2647675834E-5
2.7276482432E-5
3.9920350536E-5
3.0205748043E-5
3.4235219936E-5
3.2294704578E-5
3.0031497590E-5
2.3905001580E-5
2.8908147941E-5
2.9465381521E-5
2.5632057804E-5
2.0478316582E-5
4.1391816921E-5
2.7530011720E-5
2.5446142535E-5
2.8282334096E-5
2.6918482034E-5
3.4716806840E-5
2.9554066713E-5
2.1339033264E-5
2.5268283206E-5
2.2624677512E-5
2.2411241661E-5
3.7207826971E-5
2.9069965239E-5
2.7492805384E-5
2.5311752688E-5
2.2190192248E-5
1.7421401571E-5
3.2147008459E-5
3.0838022939E-5
2.7178414165E-5
2.6566640008E-5
3.1688471789E-5
3.1757773831E-5
3.0320545192E-5
2.9300455935E-5
2.1786231082E-5
2.0432367455E-5
1.6281649005E-5
1.5937571879E-5
2.1576264407E-5
2.9421946964E-5
2.2597680799E-5
4.1130301542E-5
2.2952316794E-5
3.5387324169E-5
3.3186923246E-5
2.4782423861E-5
1.6718707047E-5
2.6060885284E-5
2.4925859179E-5
2.0406150724E-5
2.3288035299E-5
3.7488085217E-5
3.2050802837E-5
4.4719909783E-5
2.7998932637E-5
1.7926271539E-5
3.7471065298E-6
1.7742812633E-5
3.1576596666E-5
6.8823469338E-5
3.4338212571E-5
2.7150521054E-5
1.7098255921E-5
2.8538948390E-5
2.0991638303E-5
2.0976155065E-5
2.0176963880E-5
3.5177404060E-5
3.9890606422E-5
2.6817456818E-5
2.8856121934E-5
3.2040453515E-5
2.5569170247E-5
2.7776148635E-5
2.6450143195E-5
2.2260216065E-5
2.2503512445E-5
2.6137742679E-5
3.1669915187E-5
2.5567528791E-5
3.1999475322E-5
2.4672318249E-5
3.5104935522E-5
3.2394763547E-5
2.9998295940E-5
1.5774380881E-5
2.9108021408E-5
2.8993096202E-5
2.1630362607E-5
2.7707847766E-5
3.0990969389E-5
2.9918970539E-5
3.0889245681E-5
2.2815691772E-5
2.5765423197E-5
2.3929006420E-5
2.4574692361E-5
1.3713736553E-5
3.1844864133E-5
3.5601691342E-5
3.7044589407E-5
2.8226384892E-5
2.6351003907E-5
2.2870977409E-5
2.4158554151E-5
3.1860731541E-5
3.8647151086E-5
2.9069243464E-5
2.8616026974E-5
2.3449328727E-5
2.1243933588E-5
3.4512113779E-5
3.0125561169E-5
2.2119749337E-5
2.7795939240E-5
2.2936589084E-5
2.2390275262E-5
1.6907160170E-5
2.4628976825E-5
1.8477905542E-5
2.4668790865E-5
2.5417294818E-5
2.8096907771E-5
3.8277741987E-5
2.9131805058E-5
3.4661986864E-5
2.5684852152E-5
2.3878435604E-5
3.4566665999E-5
2.7951144147E-5
3.5845302045E-5
2.0363833755E-5
2.7732620946E-5
3.2121187541E-5
3.7964235525E-5
2.8719671536E-5
3.2297032885E-5
2.3853767197E-5
2.7937779668E-5
3.4554873127E-5
2.5647343136E-5
2.7353246696E-5
3.6867836024E-5
2.1693133749E-5
2.6408047414E-5
2.9780634213E-5
2.3607944604E-5
3.0159996821E-5
2.9797258320E-5
2.8645549900E-5
3.4456141293E-5
2.8027500956E-5
2.6321772020E-5
3.2969401217E-5
2.4304050020E-5
3.2466673291E-5
3.2893952447E-5
3.2455637119E-5
2.4018948897E-5
3.0817138030E-5
2.4375249631E-5
1.7788389232E-5
3.5888003185E-5
2.8082681819E-5
2.8831069357E-5
3.4823501482E-5
2.0418805070E-5
3.1802500597E-5
2.5353906676E-5
2.3445382248E-5
2.2891629487E-5
3.1240726820E-5
2.6645208708E-5
2.4285656399E-5
3.4858181606E-5
2.9842706862E-5
3.1683337874E-5
3.3476215321E-5
3.2403401564E-5
2.4391838814E-5
2.8097000904E-5
2.9776827431E-5
3.4867052454E-5
2.6959390379E-5
3.6016525700E-5
3.0157377477E-5
2.8627843129E-5
2.7498428243E-5
3.3943227026E-5
2.8553698211E-5
3.3837242517E-5
2.8281484264E-5
3.1492719426E-5
2.8348155319E-5
2.9888306743E-5
2.9126089065E-5
2.7948047499E-5
1.9750418141E-5
2.4865346494E-5
2.4928874335E-5
3.3363874535E-5
3.7950533441E-5
3.7284882273E-5
3.3142499159E-5
6.9833360613E-6
1.5240116045E-5
3.7190807051E-5
3.3510709180E-5
3.4683360718E-5
2.3063411936E-5
3.0674750450E-5
3.1596689950E-5
3.1210237647E-5
2.8686108998E-5
2.7562142349E-5
3.0897685791E-5
3.5790319088E-5
3.4538644831E-5
2.4588766973E-5
2.6550795882E-5
2.8185092378E-5
2.5208212900E-5
2.3164018057E-5
2.8060807380E-5
2.9945012647E-5
2.0486069843E-5
2.7224910445E-5
3.4046440850E-5
2.9932521283E-5
2.9041327070E-5
2.9602425638E-5
2.5180866941E-5
2.8515607118E-5
1.6710895579E-5
3.5476905759E-5
3.2570934854E-5
2.3308699019E-5
3.2199488486E-5
3.4962338395E-5
3.5126495640E-5
2.9308255761E-5
3.0100392177E-5
2.6804907247E-5
3.4763268194E-5
2.9191828798E-5
2.8794922399E-5
2.4494272656E-5
2.9340083710E-5
2.5070656556E-5
2.6872917078E-5
3.3933180383E-5
3.2516464125E-5
2.4732423480E-5
2.5935168377E-5
2.9842578805E-5
2.6498257647E-5
2.9586651361E-5
3.1204416881E-5
3.5369477699E-5
2.2277142852E-5
3.4750974736E-5
3.0577718279E-5
2.4859223048E-5
2.4244014639E-5
2.9923371038E-5
3.7698820233E-5
2.3341819178E-5
3.3937208354E-5
2.5830103549E-5
2.8644478879E-5
2.7056818362E-5
2.2653571795E-5
2.8152565937E-5
1.9649567548E-5
3.1678867525E-5
2.8999580535E-5
3.3082114532E-5
2.3780460469E-5
3.2916758209E-5
2.6345776859E-5
2.1282490342E-5
2.5856809224E-5
1.7871207092E-5
3.7224020343E-5
3.4412520471E-5
2.9409141279E-5
2.1542899776E-5
2.4492351804E-5
3.6634213756E-5
3.1763978767E-5
3.4683314151E-5
2.6336789596E-5
2.7677370234E-5
3.2423122319E-5
2.0991161000E-5
3.1548179685E-5
2.0708632655E-5
1.7334055155E-5
2.0077638328E-5
2.4945393670E-5
3.3078447449E-5
3.5273213870E-5
2.5761860888E-5
2.2032856941E-5
3.2119022216E-5
2.8082740027E-5
1.7278373707E-5
2.2906763479E-5
3.3679686020E-5
3.1088048126E-5
3.9530522189E-5
2.6198104023E-5
2.2036803420E-5
3.5279861185E-5
3.4563103690E-5
2.6980298571E-5
1.7788785044E-5
2.6157894171E-5
4.5104697346E-5
3.0976405832E-5
3.2752985134E-5
2.3877760395E-5
2.2311566863E-5
3.0312000307E-5
3.2583693973E-5
2.8905412181E-5
1.8990249373E-5
3.6737020127E-5
2.5611114688E-5
3.4349574707E-5
3.2960483804E-5
4.3355673551E-5
3.1793816014E-5
3.2308418303E-5
2.7152092661E-5
3.1665130518E-5
2.0294787828E-5
2.1375750657E-5
2.6192294899E-5
3.8394657895E-5
2.7735182084E-5
3.3243477810E-5
3.1677680089E-5
3.5355216823E-5
2.9053143225E-5
3.9002276025E-5
2.3297709412E-5
2.2006081417E-5
2.1177111193E-5
2.4552224203E-5
2.6937981601E-5
3.1959544867E-5
4.0443218312E-5
4.1565881110E-5
3.3266854006E-5
3.2970495521E-5
1.7293554265E-5
1.3699824922E-5
1.2908980716E-5
4.1610677726E-6
4.1418534238E-5
5.2033108659E-5
5.1302125212E-5
2.0668085199E-5
7.6841795817E-6
2.0988448523E-5
1.8011149950E-5
2.6370724663E-5
3.4880661405E-5
3.6769441794E-5
3.7298956885E-5
2.8529821429E-5
2.9660866129E-5
3.0513550154E-5
2.7617218438E-5
2.8466549701E-5
3.5122886765E-5
2.6500388048E-5
2.6984338182E-5
2.6830506976E-5
4.3471367098E-5
2.8497085440E-5
3.1578564085E-5
2.8787937481E-5
3.1660671811E-5
3.8606091402E-5
2.1591747645E-5
2.1558720618E-5
2.9847072437E-5
2.7906848117E-5
3.6493805236E-5
2.0454614423E-5
3.2380956690E-5
3.8813939318E-5
3.0712934676E-5
2.6779354084E-5
2.8329237829E-5
2.4576159193E-5
2.7474120724E-5
3.0399661045E-5
3.0646147206E-5
2.5379785801E-5
3.7692813202E-5
3.5932776517E-5
2.0569469779E-5
2.7336145285E-5
2.5736598763E-5
3.1290261540E-5
1.5385064762E-5
1.9854516722E-5
2.4585181381E-5
3.5005994140E-5
2.3853965103E-5
2.3132853675E-5
2.9975490178E-5
4.3302355334E-5
3.1705619767E-5
2.7973484247E-5
2.2788543719E-5
3.4577609039E-5
3.5642459988E-5
2.3566710296E-5
3.3003848511E-5
3.5048299468E-5
2.9117916710E-5
2.7174071874E-5
2.6839703786E-5
1.9199179951E-5
2.5124766397E-5
2.6497489306E-5
3.0400091781E-5
3.5561167169E-5
2.9593042563E-5
2.7614703867E-5
3.2462063245E-5
2.3662671446E-5
3.4270016476E-5
3.6396831273E-5
2.8077361639E-5
2.6340119074E-5
2.3496837821E-5
3.2372318673E-5
4.1894882451E-5
2.5810324586E-5
2.7081370353E-5
2.2038677707E-5
2.7122569735E-5
2.2411241661E-5
3.6021450068E-5
2.5151309091E-5
3.0677265021E-5
2.4343712721E-5
3.0826614237E-5
2.4147098883E-5
2.2213894408E-5
2.6789016555E-5
2.6515196077E-5
3.0592526308E-5
3.3496913965E-5
3.4502951893E-5
3.2951193861E-5
1.6790430527E-5
2.8139189816E-5
1.4045462012E-5
3.3462024293E-5
4.1038694325E-5
2.9935035854E-5
3.3400044776E-5
3.1448481604E-5
2.4106225464E-5
2.8421753085E-5
3.2924697734E-5
3.1877018044E-5
2.4164281785E-5
2.7348054572E-5
2.5416002608E-5
3.2947130966E-5
2.8180773369E-5
2.5209761224E-5
2.7458439580E-5
2.3180700372E-5
2.7103046886E-5
3.3413839991E-5
2.6779063045E-5
3.0692690051E-5
3.0483526643E-5
2.5813945103E-5
2.2721430286E-5
2.3991044145E-5
2.1416845265E-5
2.8637843205E-5
2.5095499586E-5
2.6449793949E-5
3.3696636091E-5
2.9488641302E-5
2.5069678667E-5
3.5804195795E-5
2.7348706498E-5
3.0354375484E-5
3.1101366039E-5
2.9294530395E-5
2.7697219047E-5
2.1098740399E-5
2.2320775315E-5
2.3591704666E-5
2.3512449115E-5
2.4994579143E-5
2.7951213996E-5
2.5398784782E-5
2.3787282407E-5
2.4507776833E-5
2.8186489361E-5
3.2890215515E-5
3.3368996809E-5
2.5480682961E-5
1.8749525770E-5
1.8124503549E-5
3.6731420550E-5
3.9065629243E-5
3.2233691308E-5
2.6369339320E-5
1.7776654567E-5
3.4581182990E-5
2.4588359519E-5
2.3617828264E-5
2.3078382946E-5
2.4308671708E-5
3.2590737100E-5
2.9802159405E-5
3.6535377148E-5
3.2236974220E-5
2.5814399122E-5
2.3887515999E-5
2.7247227262E-5
3.3179088495E-5
2.0771392155E-5
2.8362055308E-5
2.0497280638E-5
2.9193947557E-5
3.2325205392E-5
2.9057380743E-5
2.7288647834E-5
2.8402614406E-5
2.1889910567E-5
2.8464675415E-5
2.8029363602E-5
2.4517916608E-5
2.1995534189E-5
2.8855970594E-5
2.6162504218E-5
2.9696570708E-5
2.7496914844E-5
3.3236364833E-5
3.0194991267E-5
2.9000372159E-5
3.2802065834E-5
1.5670189168E-5
2.9169570188E-5
2.0139047410E-5
3.4503091592E-5
2.4594867136E-5
2.5189213920E-5
3.7951406556E-5
3.4859369043E-5
3.2986397854E-5
3.0558858997E-5
1.7576385289E-5
2.6094156783E-5
2.3866898846E-5
3.0154711566E-5
2.7674646116E-5
2.2149120923E-5
4.1289336513E-5
3.3609021920E-5
2.8016720898E-5
3.0857860110E-5
3.2158673274E-5
1.1653732508E-5
2.0415708422E-5
2.9879924840E-5
2.0827783737E-5
2.6979274116E-5
3.1818088609E-5
2.8398016001E-5
2.5645643472E-5
2.5493686553E-5
2.8881314210E-5
3.2399350311E-5
2.4797837249E-5
2.7487066108E-5
2.2989127319E-5
2.9750412795E-5
3.1896459404E-5
2.7329986914E-5
2.9998610261E-5
2.5576807092E-5
3.2316730357E-5
2.8792838565E-5
2.6752054691E-5
3.0628172680E-5
3.3991946838E-5
2.9864138923E-5
3.0547159257E-5
2.4318345822E-5
2.2843189071E-5
2.5446398649E-5
2.4254817981E-5
2.7933798264E-5
3.6336632911E-5
1.9135221373E-5
3.6514946259E-5
3.6940048448E-5
3.4643954131E-5
2.4550873786E-5
2.0658632274E-5
2.8571346774E-5
2.5518017355E-5
2.7306494302E-5
2.9915303457E-5
2.5960395578E-5
3.2349547836E-5
2.6844558305E-5
3.2027950510E-5
2.8524268418E-5
3.4838193096E-5
3.6066025495E-5
2.9316777362E-5
3.0452955979E-5
2.4878687690E-5
2.4332059547E-5
3.4816469997E-5
3.1852396204E-5
2.9634335077E-5
3.2337300944E-5
3.5290000960E-5
3.4379528369E-5
3.2490887679E-5
2.4970818776E-5
3.0653260182E-5
2.5038397870E-5
3.4376163966E-5
2.5159493088E-5
2.5937135796E-5
2.8090178966E-5
3.2104877755E-5
2.5925203226E-5
2.9605650342E-5
2.3717142176E-5
3.4107232931E-5
2.0653114188E-5
1.5960424207E-5
1.7752696294E-5
3.1497306190E-5
2.2333255037E-5
3.6084954626E-5
3.7633720785E-5
3.0650047119E-5
1.8288719002E-5
2.6344088837E-5
1.9942957442E-5
1.1417909991E-5
3.3603399060E-5
3.3779675140E-5
5.5207579863E-5
4.2179075535E-5
2.0939041860E-5
-1.0713026859E-5
8.8220462203E-6
2.1849363111E-5
3.7931138649E-5
4.2031030171E-5
4.1511841118E-5
3.2428244594E-5
2.9344076756E-5
2.3387488909E-5
3.0261045321E-5
2.1898793056E-5
2.6002724189E-5
3.1927600502E-5
2.3835443425E-5
3.1690753530E-5
2.6971881743E-5
3.3165328204E-5
3.8048718124E-5
3.3587194047E-5
3.7397223058E-5
2.0838796626E-5
2.6416021864E-5
1.7776188906E-5
3.1616725027E-5
2.5449180975E-5
2.8291798662E-5
3.1924794893E-5
1.7187662888E-5
3.0510057695E-5
3.0456297098E-5
2.5466841179E-5
2.3595138918E-5
1.7665629275E-5
2.8212473261E-5
2.6472122408E-5
3.6318297497E-5
3.4538947511E-5
3.3724110107E-5
2.9981147963E-5
2.2238597739E-5
3.1716388184E-5
3.5154423676E-5
2.6290805544E-5
2.0431820303E-5
2.4442456196E-5
2.8079876210E-5
4.1837315075E-5
2.1156703587E-5
3.2176496460E-5
2.6191980577E-5
2.8644211124E-5
2.1426554303E-5
2.0960124675E-5
2.1197204478E-5
2.1020951681E-5
2.8043519705E-5
2.1034607198E-5
2.4065130855E-5
3.2989727332E-5
2.3702683392E-5
2.6077532674E-5
2.7593143749E-5
2.5244639254E-5
2.1455925889E-5
2.0025449339E-5
3.3336831256E-5
3.0055153183E-5
2.7238414622E-5
2.1936290432E-5
2.8517202008E-5
3.2153178471E-5
2.3948459420E-5
2.9897573403E-5
2.8792326338E-5
2.8032367117E-5
2.4132838007E-5
3.2323400955E-5
2.6817177422E-5
2.9846117831E-5
2.4367449805E-5
3.1606433912E-5
3.2037368509E-5
2.6256509590E-5
2.8310448396E-5
3.5356637090E-5
3.0988198704E-5
2.3293343838E-5
2.9025389812E-5
2.9097532387E-5
2.4605623911E-5
3.0661805066E-5
2.9429863206E-5
3.6751106381E-5
2.7947896159E-5
2.8303323778E-5
3.0184641945E-5
3.1614839098E-5
3.3451069611E-5
2.0954746287E-5
2.2048084065E-5
2.4773983750E-5
2.7243024669E-5
3.0489254276E-5
2.9606244060E-5
2.9201630968E-5
2.3861881345E-5
3.1948578543E-5
2.2190657909E-5
3.2446871045E-5
2.7081440202E-5
4.1455950122E-5
3.4202274400E-5
3.8243981543E-5
2.7150264940E-5
3.0643970239E-5
2.8801092411E-5
2.9216741676E-5
2.9793940483E-5
2.9783020726E-5
3.1220214441E-5
3.3670372795E-5
2.9812240972E-5
2.5730719789E-5
2.9562169219E-5
2.6838015764E-5
2.6822229846E-5
1.9503117073E-5
2.0214112010E-5
2.4657987523E-5
2.5471393018E-5
2.3494090419E-5
2.2615108173E-5
3.0770420562E-5
2.5490543339E-5
3.0498253181E-5
2.4879479314E-5
3.0323700047E-5
3.0255969613E-5
3.2922660465E-5
3.0730746220E-5
2.8375617693E-5
2.4629279505E-5
2.6406266260E-5
1.8698489293E-5
3.0570942907E-5
2.5555095635E-5
3.0984065960E-5
3.1129899434E-5
2.9958132654E-5
3.0542036983E-5
2.3645511828E-5
3.1369097996E-5
3.0408462043E-5
3.1195022165E-5
2.3521983530E-5
3.2641645520E-5
3.3920980058E-5
3.0996219720E-5
3.3931841607E-5
2.8803187887E-5
1.5876756515E-5
3.0713039449E-5
2.9217160772E-5
3.0795903875E-5
2.2242672275E-5
3.3531757071E-5
2.9613554943E-5
3.0870013869E-5
2.0193366799E-5
3.0163314658E-5
2.3982208222E-5
3.1696481164E-5
2.5062332860E-5
3.0113768297E-5
2.8014311100E-5
2.6659329887E-5
3.1388062051E-5
3.1084299552E-5
2.4889293126E-5
2.7804751879E-5
2.2911583073E-5
3.6224420182E-5
3.1531776766E-5
2.7208216488E-5
2.8611673041E-5
2.8915912843E-5
2.2829545196E-5
3.7747540045E-5
2.2905634250E-5
3.1699880491E-5
2.0592368673E-5
2.1332805044E-5
3.2038532662E-5
2.4406157899E-5
2.9630190692E-5
2.8304755687E-5
3.1430704984E-5
3.0850502662E-5
1.9119516946E-5
2.3633334785E-5
2.4742784444E-5
2.9141840058E-5
