<| "Configuration" -> <| "Acquisition device" -> "UHFLI",  "Start time" -> "10/25/2021 13:37:23",  "Finish time" -> "10/25/2021 14:24:52", "Comments" -> "" |>, "Dimensions" -> {<| "Name" -> "Frequency 1", "Start" -> 6.400000*^+9, "Stop" -> 6.600000*^+9, "Step size" -> 2.000000*^+6 |>, <| "Name" -> "DC Voltage 1", "Start" -> -1.000000*^+1, "Stop" -> 1.000000*^+1, "Step size" -> 1.000000*^+0 |>}, "DataInfo" -> <| "Measured Spots" -> 2.121000*^+3,  "Samples" -> 1,  "Segments" -> 1,  "dFactor" -> 1,  "Sampling Time" -> 5.688889*^-7|>|>
2.9617547989E-5
4.8387050629E-5
8.0287456512E-5
1.1491775513E-5
1.7625093460E-5
-1.9657611847E-5
-1.0514259338E-5
-9.8228454590E-6
-8.0704689026E-6
6.1231851578E-5
-1.1706352234E-5
2.9236078262E-5
-5.2458047867E-5
-1.0710954666E-5
1.7505884171E-5
-3.4517049789E-5
5.1975250244E-6
1.9377470016E-5
4.2474269867E-5
2.0068883896E-5
8.8417530060E-5
5.5408477783E-5
3.3164024353E-5
-2.2816658020E-5
2.7966499329E-5
-1.0240077972E-5
-1.0132789612E-6
3.3676624298E-6
-1.1694431305E-5
1.2737512589E-5
4.5979022980E-5
5.2213668823E-5
-1.0997056961E-5
5.2869319916E-5
2.3066997528E-5
-2.6148557663E-5
1.7243623734E-5
-3.3730268478E-5
-1.5735626221E-5
-2.9033422470E-5
1.2001991272E-4
9.3686580658E-5
8.1038475037E-5
8.8173151016E-5
3.7878751755E-5
-4.7683715820E-7
-6.3747167587E-5
-3.8254261017E-5
1.2838840485E-5
3.5059452057E-5
9.6929073334E-5
1.0002851486E-4
8.3154439926E-5
9.6654891968E-5
-7.6609849930E-5
-8.5318088532E-5
-7.0244073868E-5
3.2877922058E-5
6.4563751221E-5
3.6823749542E-5
3.3116340637E-5
8.2373619080E-5
2.2363662720E-5
2.6232004166E-5
4.8476457596E-5
-4.2617321014E-6
4.0197372437E-5
-3.6954879761E-7
-8.3327293396E-5
-9.3400478363E-5
-1.9121170044E-5
1.0690093040E-4
1.3638734818E-4
1.9683837891E-4
6.5594911575E-5
-2.3689270020E-4
-2.6141405106E-4
-1.0112524033E-4
1.8572211266E-4
3.7621855736E-4
3.0795931816E-4
2.9485821724E-4
2.2506713867E-5
-6.0290098190E-5
-1.6550421715E-4
-7.9262256622E-5
-1.0924339294E-4
1.3476610184E-5
2.4092197418E-5
7.6252222061E-5
8.6766481400E-5
8.2725286484E-5
3.0213594437E-5
-6.1690807343E-6
-1.0281801224E-5
-6.7073106766E-5
-2.7012825012E-5
-5.7280063629E-6
7.2336196899E-5
4.9322843552E-5
5.6946277618E-5
5.2815675735E-5
2.5957822800E-5
2.9623508453E-6
-7.7307224274E-6
-7.1656703949E-5
-7.7980756760E-5
-2.3019313812E-5
-3.6776065826E-6
6.9040060043E-5
3.0457973480E-5
7.3516368866E-5
9.9343061447E-5
4.2074918747E-5
2.2006034851E-5
1.0669231415E-6
-8.7922811508E-5
-1.0991096497E-5
-2.2351741791E-5
1.2654066086E-5
1.4873147011E-4
1.7867088318E-4
1.7083287239E-4
4.5883655548E-5
-1.1703968048E-4
-3.1241178513E-4
-1.1179447174E-4
1.9487738609E-4
3.5489797592E-4
3.4782290459E-4
3.3408403397E-5
-5.4919719696E-5
-1.9879341125E-4
-1.3623237610E-4
-1.0755658150E-4
5.6314468384E-5
1.0380744934E-4
1.2283921242E-4
7.6860189438E-5
8.2314014435E-5
4.2062997818E-5
-2.5540590286E-5
-9.0116262436E-5
-4.0125846863E-5
-7.2735548019E-5
5.2028894424E-5
1.0122656822E-4
3.0452013016E-5
1.0855793953E-4
7.5972080231E-5
3.3283233643E-5
8.5943937302E-5
-7.0095062256E-6
-2.2655725479E-5
-4.3123960495E-5
3.4540891647E-5
2.4777650833E-5
5.4615736008E-5
-1.4042854309E-5
6.0260295868E-5
3.2925605774E-5
3.8969516754E-5
2.8288364410E-5
5.6576728821E-5
1.6486644745E-5
-8.0770254135E-5
2.2220611572E-5
4.8881769180E-5
8.0108642578E-6
5.6391954422E-5
6.4504146576E-5
4.4047832489E-6
4.8512220383E-5
-5.6350231171E-5
-1.2063980103E-5
-5.8829784393E-6
-3.7378072739E-5
5.5867433548E-5
6.5982341766E-6
6.4551830292E-6
-2.7418136597E-7
-2.9325485229E-6
2.3800134659E-5
3.4719705582E-5
2.1803379059E-5
2.7126073837E-5
-1.8984079361E-5
-1.1199712753E-5
-1.9603967667E-5
2.4569034576E-5
1.3589859009E-5
-2.3138523102E-5
1.0108947754E-5
3.3015012741E-5
8.8930130005E-6
2.7722120285E-5
-2.5510787964E-6
-6.6375732422E-5
7.3730945587E-6
-2.6166439056E-6
-5.3340196609E-5
6.0188770294E-5
6.2048435211E-6
2.3829936981E-5
-1.9073486328E-6
4.7755241394E-5
-1.7279386520E-5
2.0062923431E-5
5.0747394562E-5
-2.3245811462E-6
6.9916248322E-5
3.5345554352E-5
1.7881393433E-5
6.1583518982E-5
5.8066844940E-5
-4.7492980957E-5
-3.8862228394E-6
-3.3706426620E-5
-9.4354152679E-6
3.3944845200E-5
6.9797039032E-5
1.0862946510E-4
1.1816620827E-4
1.1560916901E-4
9.5403194427E-5
1.4424324036E-6
-7.3760747910E-5
-2.1715760231E-4
-1.9070506096E-4
7.4571371078E-5
3.8509368896E-4
3.4336447716E-4
2.7459859848E-5
-3.5306811333E-4
-3.3550262451E-4
-1.2189745903E-4
-1.9872188568E-5
1.2179017067E-4
1.3951659203E-4
9.8603963852E-5
9.9056959152E-5
4.9871206284E-5
-9.9956989288E-6
-3.6048889160E-5
-1.3866424561E-4
-5.2255392075E-5
3.8880109787E-5
6.7877769470E-5
1.8149614334E-5
6.9659948349E-5
4.8196315765E-5
4.6390295029E-5
3.3646821976E-5
-1.9550323486E-6
-5.3697824478E-5
1.5920400620E-5
-3.5142898560E-5
5.4657459259E-6
6.3490867615E-5
-1.1426210403E-5
9.6833705902E-5
3.0022859573E-5
-3.5434961319E-5
-2.0849704742E-5
-6.3955783844E-6
2.3245811462E-5
3.6919116974E-5
7.8988075256E-5
6.5875053406E-5
1.3518333435E-5
4.8673152924E-5
3.7717819214E-5
-2.0259618759E-5
7.4779987335E-5
-1.2415647507E-5
-2.9635429382E-5
-4.1997432709E-5
-8.8155269623E-6
2.9730796814E-5
5.9705972672E-5
3.3307075500E-5
-7.9274177551E-6
2.8067827225E-5
4.3368339539E-5
7.2717666626E-6
1.2457370758E-6
1.1402368546E-5
-3.3438205719E-5
1.1503696442E-5
-1.4507770538E-5
5.6916475296E-5
8.1610679626E-5
5.0121545792E-5
3.6609172821E-5
-1.5950202942E-5
1.5950202942E-5
-3.1173229218E-6
4.4649839401E-5
3.9857625961E-5
3.2222270966E-5
-3.6048889160E-5
1.6170740128E-5
3.2985210419E-5
-4.8655271530E-5
3.3378601074E-6
1.6033649445E-5
7.3468685150E-5
-3.4081935883E-5
5.8454275131E-5
-1.4185905457E-5
4.7892332077E-5
1.2016296387E-5
-1.3542175293E-5
5.7697296143E-6
5.7053565979E-5
3.0964612961E-5
1.0848045349E-5
3.3754110336E-5
6.6393613815E-5
4.9352645874E-5
3.8993358612E-5
5.0503015518E-5
-3.2955408096E-5
5.1826238632E-5
1.1330842972E-5
-7.8260898590E-6
7.3522329330E-5
1.7535686493E-5
-2.7781724930E-5
-1.1640787125E-5
2.7632713318E-5
1.8292665482E-5
2.6398897171E-5
4.0137767792E-5
7.6019763947E-5
3.8611888885E-5
7.8386068344E-5
-2.3370981216E-5
-3.0422210693E-5
4.6026706696E-5
-1.1044740677E-5
2.6392936707E-5
4.4918060303E-5
4.6437978745E-5
7.6997280121E-5
8.5139274597E-5
1.6373395920E-5
-3.9124488831E-5
-4.3332576752E-6
4.4763088226E-6
8.6069107056E-6
-2.5737285614E-5
2.8455257416E-5
2.4151802063E-5
-7.5936317444E-6
7.2395801544E-5
7.0166587830E-5
8.3154439926E-5
1.5920400620E-5
1.0585784912E-5
-5.3572654724E-5
-6.2739849091E-5
2.1183490753E-5
1.4615058899E-4
1.6465783119E-4
-6.1929225922E-6
-7.5578689575E-6
2.1868944168E-5
-2.4521350861E-5
5.6028366089E-7
3.3873319626E-5
7.8439712524E-6
1.7845630646E-5
1.5145540237E-5
5.3459405899E-5
6.7597627640E-5
3.3241510391E-5
1.0550022125E-5
-3.2925605774E-5
-1.6129016876E-5
1.7082691193E-5
4.9716234207E-5
1.2121796608E-4
-1.9907951355E-5
6.3395500183E-5
6.5445899963E-5
6.4766407013E-5
8.4757804871E-5
-3.0106306076E-5
-4.8667192459E-5
3.3724308014E-5
-6.6578388214E-6
4.5329332352E-5
6.0731172562E-5
9.2339515686E-5
-1.0204315186E-5
5.2917003632E-5
-1.9073486328E-6
-1.0573863983E-5
4.5114755630E-5
-2.7686357498E-5
6.9499015808E-6
8.3589553833E-5
-1.4030933380E-5
8.6742639542E-5
4.6843290329E-5
2.1159648895E-6
4.1127204895E-7
1.7964839935E-5
-3.3992528915E-5
-4.6670436859E-6
1.0085105896E-5
6.0606002808E-5
2.3126602173E-5
1.4477968216E-5
3.9720535278E-5
6.0653686523E-5
2.3549795151E-5
-6.4194202423E-6
4.3940544128E-5
1.3470649719E-6
-3.8814544678E-5
2.2923946381E-5
2.9903650284E-5
8.2808732986E-5
6.1428546906E-5
3.4701824188E-5
2.1117925644E-5
2.1731853485E-5
-8.4877014160E-5
-1.0516643524E-4
-6.4271688461E-5
3.9756298065E-6
3.6710500717E-5
7.5602531433E-5
6.9814920425E-5
1.3882517815E-4
6.2304735184E-5
3.6138296127E-5
-4.3070316315E-5
-3.0034780502E-5
-1.0162591934E-4
-5.8627128601E-5
-2.9623508453E-6
5.5432319641E-5
1.3874173164E-4
1.9645094872E-4
7.1758031845E-5
4.7004222870E-5
-1.1485219002E-4
-1.4151334763E-4
-2.5891065598E-4
-7.1215629578E-5
6.5660476685E-5
3.4813284874E-4
3.4790635109E-4
2.7249455452E-4
-4.0906667709E-5
-3.8728713989E-4
-4.3252706528E-4
-2.0573735237E-4
-1.4775991440E-5
4.8944950104E-4
3.5369396210E-4
1.5882849693E-4
-7.3337554932E-5
-8.9311599731E-5
-1.3557672501E-4
-6.5231323242E-5
-4.9543380737E-5
5.5193901062E-6
8.1950426102E-5
1.3261437416E-4
9.4598531723E-5
2.4616718292E-5
1.0077953339E-4
-3.4058094025E-5
-1.1460781097E-4
-3.9422512054E-5
-1.3285875320E-4
5.2630901337E-6
7.8314542770E-5
1.4807581902E-4
3.4713745117E-5
5.6248903275E-5
1.1200904846E-4
1.1938810349E-5
-3.4928321838E-6
-2.2655725479E-5
-6.7722797394E-5
-1.9437074661E-5
1.6945600510E-5
4.8023462296E-5
7.6580047607E-5
6.3180923462E-5
5.2994489670E-5
-3.5727024078E-5
2.1100044250E-5
-2.3180246353E-5
-2.4390220642E-5
-4.5591592789E-5
3.7378072739E-5
5.2613019943E-5
1.9282102585E-5
3.7509202957E-5
6.4587593079E-5
4.0960311890E-5
4.3094158173E-6
-2.0998716354E-5
-1.7762184143E-6
-2.0557641983E-5
4.0054321289E-6
2.6237964630E-5
5.7208538055E-5
2.1582841873E-5
1.6182661057E-5
5.5605173111E-5
3.4451484680E-6
5.5110454559E-5
-1.5914440155E-5
-4.5007467270E-5
4.3332576752E-6
-6.5255165100E-5
2.0325183868E-5
1.4577507973E-4
9.3019008636E-5
8.2457065582E-5
6.5469741821E-5
-5.5378675461E-5
-3.0314922333E-5
1.6021728516E-5
6.6459178925E-6
-7.1680545807E-5
4.7987699509E-5
1.2534856796E-5
6.2710046768E-5
1.5837550163E-4
5.7840347290E-5
4.1472911835E-5
-6.2483549118E-5
-1.0114908218E-4
-1.1208653450E-4
-9.6625089645E-5
-4.7892332077E-5
4.7117471695E-5
1.4014244080E-4
2.2590756416E-4
2.7872920036E-4
1.4556050301E-4
-2.5868415833E-6
-2.1581649780E-4
-4.1372776031E-4
-4.4094324112E-4
2.6351213455E-5
4.7361850739E-4
5.6951642036E-4
2.8623342514E-4
-2.1430253983E-4
-5.4294466972E-4
-1.9122362137E-4
-7.9160928726E-5
1.0723471642E-4
1.6512870789E-4
1.7366409302E-4
1.7233490944E-4
1.1601448059E-4
-4.1782855988E-5
-6.0784816742E-5
-5.7053565979E-5
-1.3933181763E-4
-3.7735700607E-5
3.2782554626E-5
8.2045793533E-5
9.7155570984E-5
3.1065940857E-5
1.2886524200E-5
6.9504976273E-5
1.4489889145E-5
-3.3038854599E-5
-4.6300888062E-5
-4.1431188583E-5
-2.8133392334E-6
3.7211179733E-5
3.4749507904E-5
5.0902366638E-5
7.0691108704E-5
2.3484230042E-5
5.1015615463E-5
1.4650821686E-5
4.8875808716E-7
-1.9735097885E-5
-3.6507844925E-5
3.7705898285E-5
-1.6659498215E-5
8.5210800171E-5
7.1066617966E-5
6.1690807343E-6
3.5291910172E-5
9.5039606094E-5
-7.1316957474E-5
2.2697448730E-5
1.7607212067E-5
-4.7683715820E-8
1.6343593597E-5
2.7418136597E-5
1.2946128845E-5
7.0828199387E-5
3.7807226181E-5
5.1999092102E-5
-2.9969215393E-5
3.0761957169E-5
2.7447938919E-5
1.9025802612E-5
4.2110681534E-5
4.3278932571E-5
5.8048963547E-5
3.9047002792E-5
-3.5464763641E-6
8.3380937576E-5
1.3190507889E-5
1.1271238327E-5
-5.2368640900E-5
-1.4805793762E-5
-6.1929225922E-6
-3.7342309952E-5
-1.9371509552E-6
8.7183713913E-5
1.2887120247E-4
3.7980079651E-5
-8.6724758148E-6
1.7619132996E-5
-4.2986869812E-5
-6.0743093491E-5
-3.8099288940E-5
-7.7188014984E-6
6.4510107040E-5
7.4374675751E-5
1.1242032051E-4
9.2792510986E-5
5.8037042618E-5
1.9043684006E-5
-1.8906593323E-5
-9.1832876205E-5
-7.9393386841E-5
-1.7631053925E-5
2.6911497116E-5
1.6360282898E-4
1.6564130783E-4
2.3250579834E-4
1.1683702469E-4
3.0755996704E-6
-2.0939707756E-4
-5.5941939354E-4
-4.0047764778E-4
1.8336176872E-4
6.2201619148E-4
4.7217607498E-4
3.0560493469E-4
-4.4165253639E-4
-3.8886666298E-4
-1.8690824509E-4
-6.4492225647E-5
9.3853473663E-5
1.5448331833E-4
1.9384026527E-4
1.1919140816E-4
1.1904239655E-4
-4.8017501831E-5
-4.2539834976E-5
-7.2985887527E-5
-7.7277421951E-5
3.6185979843E-5
2.3603439331E-5
1.1430978775E-4
7.9458951950E-5
1.2513399124E-4
5.6493282318E-5
1.6391277313E-6
-1.9222497940E-5
3.9827823639E-5
-3.4397840500E-5
-9.7274780273E-6
-1.6868114471E-5
3.1054019928E-5
8.0633163452E-5
1.0507702827E-4
7.2640180588E-5
1.0845065117E-4
5.5330991745E-5
1.6623735428E-5
1.4758110046E-5
-2.0492076874E-5
3.6281347275E-5
-5.7578086853E-6
2.1469593048E-5
3.5881996155E-5
1.0452270508E-4
2.2828578949E-6
-9.7453594208E-6
1.1765956879E-5
-5.8430433273E-5
-1.1885166168E-5
-1.4901161194E-6
2.6398897171E-5
4.4298171997E-5
4.6062469482E-5
5.7655572891E-5
1.2276172638E-4
4.5841932297E-5
-2.6404857635E-5
-1.8787384033E-5
2.4151802063E-5
-5.4997205734E-5
5.7393312454E-5
8.1259012222E-5
5.7798624039E-5
5.8811903000E-5
7.1263313293E-5
7.6979398727E-5
6.5523386002E-5
-9.6225738525E-5
5.4544210434E-5
-1.2171268463E-5
-3.3938884735E-5
2.8508901596E-5
7.8648328781E-5
4.4834613800E-5
7.8284740448E-5
4.3493509293E-5
-2.5653839111E-5
3.8963556290E-5
-1.9609928131E-6
-1.8274784088E-5
-3.7008523941E-5
-1.0874271393E-4
4.7415494919E-5
3.9142370224E-5
5.0163269043E-5
1.8694996834E-4
9.7876787186E-5
1.4227628708E-5
-3.2931566238E-5
-1.9484758377E-5
-7.3051452637E-5
-1.3471245766E-4
-9.1034173965E-5
-5.2392482758E-6
1.3890266418E-4
2.1461248398E-4
1.4158487320E-4
1.1558532715E-4
5.6403875351E-5
-1.3641715050E-4
-3.3907890320E-4
-3.9916634560E-4
-5.2332878113E-6
4.9991607666E-4
6.3601136208E-4
3.6635398865E-4
-1.8646717072E-4
-4.7490000725E-4
-3.0946135521E-4
-5.5658817291E-5
1.1727213860E-4
1.5589594841E-4
1.7798542976E-4
1.1721253395E-4
1.2795329094E-4
9.7155570984E-7
-1.0573863983E-4
-1.4488697052E-4
-8.6778402328E-5
-1.1718273163E-5
5.9497356415E-5
7.9762935638E-5
7.6639652252E-5
8.5324048996E-5
6.8914890289E-5
1.5646219254E-5
1.0514259338E-5
-1.2701749802E-5
-8.4394216537E-5
-1.3470649719E-5
-1.5318393707E-6
-2.4771690369E-5
1.2341141701E-4
8.4102153778E-5
8.3523988724E-5
2.7340650558E-5
4.5472383499E-5
4.7087669373E-5
-2.2190809250E-5
-5.0944089890E-5
2.0205974579E-6
-3.6942958832E-5
-1.8888711929E-5
9.3352794647E-5
7.5924396515E-5
9.8615884781E-5
4.4727325439E-5
-5.8770179749E-6
-3.8492679596E-5
-5.3256750107E-5
-7.1108341217E-6
3.6323070526E-5
2.3484230042E-5
6.4295530319E-5
1.7410516739E-5
9.0152025223E-5
5.9151649475E-5
-1.9162893295E-5
2.6851892471E-5
2.0921230316E-6
4.8971176147E-5
3.5214424133E-5
1.6307830811E-5
-1.1932849884E-5
-4.5239925385E-6
7.8731775284E-5
5.7500600815E-5
2.2053718567E-6
1.0323524475E-5
-3.1816959381E-5
-2.4205446243E-5
-2.3591518402E-5
-4.7862529755E-6
1.1622905731E-6
8.4280967712E-5
1.0864734650E-4
7.5519084930E-5
7.0738792419E-5
2.2536516190E-5
1.8143653870E-5
-1.4787912369E-5
-4.7308206558E-5
-3.7586688995E-5
4.9483776093E-5
2.7400255203E-5
5.6159496307E-5
8.1384181976E-5
1.1486411095E-4
3.6418437958E-5
6.8372488022E-5
-2.4420022964E-5
-1.0060071945E-4
-1.2956857681E-4
-4.0936470032E-5
4.2265653610E-5
1.3050436974E-4
1.7842054367E-4
1.2713670731E-4
1.2660026550E-4
5.6231021881E-5
-6.6745281219E-5
-1.6577243805E-4
-2.6299357414E-4
-6.6244602203E-5
6.1613321304E-5
2.9258728027E-4
3.7536621094E-4
2.5320053101E-4
-2.0134449005E-5
-4.0171146393E-4
-4.6150684357E-4
-1.5721917152E-4
1.6891956329E-4
4.4426918030E-4
3.4840106964E-4
1.9588470459E-4
3.7550926209E-6
-1.4386773109E-4
-1.2274384499E-4
-1.1679530144E-4
-3.8802623749E-5
1.0541081429E-4
5.8692693710E-5
1.1277794838E-4
1.6675591469E-4
1.4332532883E-4
1.7845630646E-5
5.5074691772E-6
-1.0350346565E-4
-5.1242113113E-5
-2.7537345886E-6
-5.6087970734E-6
7.4905157089E-5
8.2707405090E-5
1.0598301888E-4
1.3189315796E-4
7.0154666901E-5
1.2725591660E-5
1.5735626221E-6
-2.0164251328E-5
-2.3692846298E-5
2.4259090424E-6
2.3120641708E-5
4.5746564865E-5
4.9269199371E-5
4.5841932297E-5
2.1111965179E-5
-4.8339366913E-6
1.2987852097E-5
-8.0531835556E-5
6.4438581467E-5
1.2290477753E-5
8.0466270447E-7
4.4190883636E-5
3.1542778015E-5
9.5367431641E-6
8.6402893066E-5
4.6986341476E-5
5.3411722183E-5
2.9212236404E-5
-5.4717063904E-5
4.7850608826E-5
2.2524595261E-5
3.7562847137E-5
9.6857547760E-5
-7.2836875916E-6
5.4329633713E-5
3.7908554077E-6
-1.0514259338E-5
5.6928396225E-5
2.8467178345E-5
4.9465894699E-5
-2.3466348648E-5
5.1403045654E-5
9.2804431915E-6
8.8810920715E-6
2.8371810913E-5
3.0720233917E-5
1.5002489090E-5
3.0875205994E-6
2.1362304688E-5
5.0556659698E-5
-5.6868791580E-5
4.1663646698E-5
-7.9333782196E-6
6.1571598053E-5
2.0968914032E-5
5.3846836090E-5
7.5602531433E-5
-7.6830387115E-6
-6.7591667175E-6
-3.6120414734E-6
-8.4042549133E-6
-4.8875808716E-6
2.0676851273E-5
7.7015161514E-5
5.8704614639E-5
5.6767463684E-5
1.3111233711E-4
2.2530555725E-5
-5.4585933685E-5
1.0842084885E-5
5.8442354202E-5
-7.1406364441E-6
3.4570693970E-7
2.2035837173E-5
6.5320730209E-5
6.7383050919E-5
5.1540136337E-5
1.4930963516E-5
5.6105852127E-5
-2.6941299438E-6
-7.5566768646E-5
-9.3525648117E-5
-1.0836124420E-5
7.2467327118E-5
6.4516067505E-5
6.4301490784E-5
1.1682510376E-5
-3.4928321838E-6
1.4609098434E-5
-1.9943714142E-5
-2.4974346161E-6
1.3893842697E-5
2.7495622635E-5
1.4016032219E-4
5.8716535568E-5
7.8010559082E-5
2.0331144333E-5
-4.5305490494E-5
-6.0558319092E-6
3.0517578125E-5
-2.3305416107E-6
-4.8595666885E-5
1.6689300537E-6
-3.1727552414E-5
-2.5832653046E-5
6.7681074142E-5
1.1258721352E-4
9.8711252213E-5
6.1678886414E-5
3.3259391785E-6
2.8181076050E-5
-2.2214651108E-5
-3.4070014954E-5
2.2470951080E-6
3.9100646973E-6
-7.7903270721E-6
8.3565711975E-5
1.1515617371E-4
9.7370147705E-5
9.0801715851E-5
4.7844648361E-5
-1.8435716629E-5
-1.1376142502E-4
-7.9727172852E-5
1.0960102081E-4
5.6558847427E-5
-2.2071599960E-5
-2.1946430206E-5
1.0746717453E-5
6.7591667175E-5
4.6610832214E-6
2.0247697830E-5
4.6360492706E-5
3.8641691208E-5
5.4615736008E-5
8.4453821182E-5
3.2889842987E-5
2.1237134933E-5
8.5830688477E-7
-2.8586387634E-5
-8.4269046783E-5
-1.1926889420E-5
-1.7613172531E-5
6.0081481934E-6
1.6447901726E-4
1.0097622871E-4
1.7561316490E-4
5.5783987045E-5
-1.8483400345E-5
-8.9138746262E-5
-2.0333528519E-4
-1.1482238770E-4
1.0476708412E-4
3.9541125298E-4
1.8255114555E-4
-5.2016973495E-5
-3.4776926041E-4
-2.8089880943E-4
-1.2753605843E-4
-5.6552886963E-5
9.3394517899E-5
1.7104744911E-4
1.6834735870E-4
7.2199106216E-5
-1.4877319336E-5
-3.2454729080E-5
-1.6719102859E-5
-2.2584199905E-5
-5.0359964371E-5
3.8635730743E-5
2.4127960205E-5
8.2647800446E-5
4.5883655548E-5
8.1545114517E-5
6.3979625702E-5
-7.6234340668E-6
-8.7863206863E-5
5.6684017181E-6
1.1920928955E-5
-1.2236833572E-5
-1.0234117508E-5
1.1515617371E-5
8.9579820633E-5
7.1251392364E-5
-1.0687112808E-5
2.2166967392E-5
6.0516595840E-5
-4.8398971558E-6
-4.5609474182E-5
5.9998035431E-5
-2.6267766953E-5
3.1769275665E-5
6.0218572617E-5
2.1505355835E-5
3.2430887222E-5
6.6465139389E-5
5.0479173660E-5
7.7366828918E-6
-2.7978420258E-5
-2.3967027664E-5
2.3210048676E-5
2.5284290314E-5
8.7201595306E-6
3.2466650009E-5
2.9438734055E-5
5.3894519806E-5
5.2684545517E-5
6.7442655563E-5
7.9452991486E-6
2.1451711655E-5
-1.7940998077E-5
5.9306621552E-6
5.3089857101E-5
5.9604644775E-9
8.4507465363E-5
6.5314769745E-5
2.8520822525E-5
3.9732456207E-5
-1.9353628159E-5
-1.5336275101E-5
-5.5432319641E-7
2.8735399246E-5
7.1227550507E-6
4.9322843552E-5
7.7188014984E-6
6.0105323791E-5
3.1048059463E-5
3.7550926208E-6
1.7380714417E-5
-5.7697296143E-6
-5.6409835815E-5
-4.9841403961E-5
-5.3048133850E-7
1.3196468353E-5
1.4519691467E-5
9.3710422516E-5
5.4204463959E-5
2.3204088211E-5
2.9850006104E-5
5.9604644775E-5
1.1372566223E-5
-1.2832880020E-5
-5.7280063629E-5
4.6789646149E-6
7.6311826706E-5
1.3629198074E-4
2.0201206207E-4
2.1637082100E-4
1.0184049606E-4
-3.0243396759E-5
-1.9171833992E-4
-2.7370452881E-4
4.0131807327E-5
4.2578577995E-4
3.7084817886E-4
2.1219253540E-4
-1.6776919365E-4
-2.6114583015E-4
-1.8142461777E-4
-1.3979077339E-4
2.4390220642E-5
5.6159496307E-5
1.4398694038E-4
1.5245676041E-4
1.0579824448E-4
7.7974796295E-5
-6.3753128052E-5
-8.4936618805E-6
-4.1258335114E-5
-5.6087970734E-6
-3.9935112000E-7
6.2239170074E-5
4.5913457870E-5
9.8240375519E-5
1.0160803795E-4
2.9462575912E-5
7.1418285370E-5
2.7465820312E-5
-3.6561489105E-5
-4.4536590576E-5
-3.0273199081E-5
3.2287836075E-5
3.3032894135E-5
7.8862905502E-5
4.2819976807E-5
3.0016899109E-5
5.1450729370E-5
3.7658214569E-5
4.2158365250E-5
-1.3244152069E-5
5.1373243332E-5
1.0567903519E-5
4.5895576477E-5
3.5887956619E-5
2.9236078262E-5
1.6605854034E-5
-7.9512596130E-6
1.4841556549E-5
-4.7624111176E-5
1.8590688705E-5
2.9385089874E-6
4.2760372162E-5
-1.5193223953E-5
1.1861324310E-5
6.4110755920E-5
3.4481287003E-5
3.6001205444E-5
-1.9037723541E-5
2.0140409470E-5
-1.3434886932E-5
4.5990943909E-5
-4.7087669373E-7
4.2366981506E-5
2.0235776901E-5
5.2803754807E-5
1.7482042313E-5
9.4759464264E-5
3.2746791840E-5
1.1092424393E-5
1.3417005539E-5
1.0669827461E-4
3.9893388748E-5
3.5929679871E-5
5.8329105377E-5
1.6212463379E-5
6.2406063080E-6
2.9212236404E-5
1.0153055191E-4
-5.9366226196E-6
4.5633316040E-5
-7.2538852692E-6
8.0049037933E-6
3.3861398697E-5
2.7310848236E-5
2.8491020203E-6
1.4066696167E-5
4.2557716370E-5
2.0807981491E-5
1.7911195755E-5
1.2814998627E-5
6.6608190537E-5
9.2923641205E-6
-2.1976232529E-5
2.9802322388E-6
5.5861473083E-5
2.5314092636E-5
3.0386447906E-5
1.0758638382E-5
3.9303302765E-5
1.8978118896E-5
6.0659646988E-5
-9.0360641479E-6
-2.5248527527E-5
-2.2041797638E-5
1.8805265427E-5
-3.5804510117E-5
-3.4213066101E-6
2.8711557388E-5
7.4034929276E-5
4.3028593063E-5
3.0976533890E-5
-1.8596649170E-6
4.1127204895E-6
-5.7148933411E-5
-8.7881088257E-5
-4.3058395386E-5
1.1062622070E-5
1.1465549469E-4
1.4885663986E-4
2.0260214806E-4
7.7331066132E-5
4.4107437134E-6
-1.5745162964E-4
-7.9792737961E-5
-5.3018331528E-5
3.8683414459E-5
8.1968307495E-5
-7.4148178101E-6
9.6929073334E-5
7.6043605804E-5
2.3251771927E-5
-1.4775991440E-5
-4.1615962982E-5
-6.7782402039E-5
-5.8627128601E-5
6.4164400101E-5
7.0375204086E-5
7.4505805969E-6
5.5670738220E-5
4.1478872299E-5
8.8328123093E-5
2.4908781052E-5
7.2479248047E-6
-9.7364187241E-5
2.2423267365E-5
-4.2486190796E-5
-1.1831521988E-5
-7.3027610779E-5
1.4430284500E-5
9.1671943665E-5
9.5403194427E-5
1.2096166611E-4
4.5192241669E-5
-6.3854455948E-5
-1.1432766914E-4
-1.4092922211E-4
-4.9829483032E-6
4.4977664948E-5
2.3487210274E-4
2.0890831947E-4
2.2268295288E-5
-1.7827749252E-4
-2.9050707817E-4
-1.4829039574E-4
-4.4888257980E-5
8.4656476974E-5
9.5546245575E-5
1.4485716820E-4
1.1108517647E-4
5.5497884750E-5
-7.0929527283E-6
-8.7308883667E-5
-6.6447257996E-5
7.4386596680E-6
-3.0148029327E-5
3.5047531128E-5
1.7750263214E-5
5.2946805954E-5
7.7229738235E-5
4.2265653610E-5
3.8295984268E-5
-6.6119432449E-5
6.1732530594E-5
3.2258033752E-5
-2.4354457855E-5
2.9563903809E-6
2.9653310776E-5
1.6081333160E-5
5.9133768082E-5
1.0096430779E-4
6.5565109253E-7
7.3921680450E-5
3.2269954681E-5
-5.9425830841E-5
-5.0646066666E-5
-2.8723478317E-5
4.7385692596E-6
2.5445222855E-5
1.1861920357E-4
7.3730945587E-5
1.0232925415E-4
3.7288665771E-5
-4.2802095413E-5
-3.3730268478E-5
-6.0546398163E-5
-3.6263465881E-5
9.5725059509E-6
7.7360868454E-5
9.4860792160E-5
1.3130307198E-4
6.8193674088E-5
9.4574689865E-5
3.3080577850E-6
-4.4357776642E-5
-6.9844722748E-5
-9.6857547760E-6
5.4180622101E-5
-2.8610229492E-6
9.4062089920E-5
1.3608932495E-4
1.4583468437E-4
9.9164247513E-5
2.6911497116E-5
-1.0250806808E-4
-1.8241405487E-4
-2.6494860649E-4
-1.3378858566E-4
9.1022253036E-5
5.1642656326E-4
5.3547024727E-4
2.9006600380E-4
-2.0476579666E-4
-4.7361850739E-4
-3.3236145973E-4
-1.0833740234E-4
3.3215284348E-4
3.3622384071E-4
1.9767880440E-4
6.1702728271E-5
-1.8399953842E-5
-1.0866522789E-4
-9.2917680740E-5
-3.8558244705E-5
-9.9539756775E-7
1.7249584198E-5
5.5044889450E-5
1.6857385635E-4
9.7388029099E-5
5.5164098740E-5
-4.2557716370E-6
-4.3272972107E-6
-5.7250261307E-5
3.2782554626E-6
-2.8699636459E-5
-2.4437904358E-6
8.7869167328E-5
7.7831745148E-5
9.4330310822E-5
9.7221136093E-5
3.8003921509E-5
3.0905008316E-5
-7.7766180038E-5
-2.4652481079E-5
-2.4622678757E-5
2.2304058075E-5
-9.0777873993E-6
1.3136863708E-5
5.2839517593E-5
1.1581182480E-4
1.7571449280E-5
7.3850154877E-6
4.3487548828E-5
-1.9490718842E-6
-3.4582614899E-5
2.0253658295E-5
3.3855438232E-6
3.1638145447E-5
5.2154064178E-5
6.1333179474E-5
2.1684169769E-5
7.1984529495E-5
5.9705972672E-5
1.9061565399E-5
-6.4826011658E-5
5.3340196609E-5
-5.4103136063E-5
1.5693902969E-5
1.0671615601E-4
5.9986114502E-5
7.5662136078E-5
3.1965970993E-5
3.7169456482E-5
-2.8616189957E-5
6.2733888626E-5
7.9393386841E-6
-2.1398067474E-5
6.7949295044E-6
3.3843517303E-5
7.5066089630E-5
8.7457895279E-5
5.6928396225E-5
9.8848342896E-5
6.9200992584E-5
6.4432621002E-6
-2.0962953568E-5
-1.2236833572E-5
-4.3511390686E-7
-3.8856267929E-5
6.4599514008E-5
1.2661814690E-4
1.2874007225E-4
7.4589252472E-5
4.2790174484E-5
-3.4910440445E-5
-1.6516447067E-5
-1.1129379272E-4
-1.1527538300E-4
-4.4578313828E-5
2.4026632309E-5
1.3054013252E-4
2.0828247070E-4
1.9764900208E-4
1.2719631195E-4
-3.9583444595E-5
-1.2395977974E-4
-4.5362114906E-4
-3.2528638840E-4
1.1919736862E-4
5.3957700729E-4
5.4595470428E-4
2.2629499435E-4
-3.3218860626E-4
-3.6340355873E-4
-3.0456781387E-4
-1.1093020439E-4
1.5234947205E-4
1.4486908913E-4
1.8121600151E-4
1.3263821602E-4
1.3422966003E-4
3.7378072739E-5
-6.5791606903E-5
-1.0904669762E-4
-7.3313713074E-6
-1.3971328735E-5
2.3245811462E-6
5.4240226746E-5
1.1641383171E-4
3.7157535553E-5
5.3936243057E-5
2.3919343948E-5
2.8359889984E-5
-8.1217288971E-5
-2.9861927032E-6
-7.3015689850E-6
-4.2134523392E-5
1.7774105072E-5
2.2447109222E-5
6.9350004196E-5
9.2136859894E-5
1.5902519226E-5
1.7982721329E-5
-1.1634826660E-5
1.2534856796E-5
2.5355815887E-5
2.8294324875E-5
8.9943408966E-6
2.5194883347E-5
9.8675489426E-5
3.4952163696E-5
3.0785799026E-5
1.6790628433E-5
2.3126602173E-5
7.4744224548E-6
4.4506788254E-5
2.3645162582E-5
3.1292438507E-6
2.4950504303E-5
5.5605173111E-5
3.7258863449E-5
1.6075372696E-5
2.0712614059E-5
1.3500452042E-5
-3.8027763367E-6
8.2612037659E-6
6.1392784119E-6
-1.1444091797E-5
2.4819374084E-5
-4.3702125549E-5
3.1089782715E-5
1.8119812012E-5
-4.5412778854E-5
7.0637464523E-5
-1.1259317398E-5
2.7263164520E-5
-6.7710876465E-6
-5.4395198822E-5
-4.9388408661E-5
5.0050020218E-5
6.3812732697E-5
6.7335367203E-5
1.0998845100E-4
9.3489885330E-5
-1.4841556549E-6
-1.8382072449E-5
-8.3816051483E-5
-2.3156404495E-5
1.3446807861E-5
-6.0319900513E-6
-2.6828050613E-5
9.4783306122E-5
1.1197924614E-4
1.0927915573E-4
1.3743638992E-4
-3.6239624023E-6
-1.3918280602E-4
-1.1548995972E-4
-1.1776685715E-4
-5.2702426910E-5
5.5074691772E-5
1.3665556908E-4
2.0005702972E-4
2.5864839554E-4
4.2843818665E-5
-5.0234794617E-5
-2.0503997803E-4
-4.5871734619E-4
-4.4881701469E-4
2.5858879089E-4
6.4632892609E-4
5.3055882454E-4
3.3950209618E-4
-4.8750042915E-4
-3.6854147911E-4
-2.0093321800E-4
-1.5473365784E-5
1.8452405930E-4
1.5494227409E-4
1.7936825752E-4
1.3450980186E-4
5.4538249969E-5
-3.5983324051E-5
-9.3126296997E-5
-4.9650669098E-5
-9.4461441040E-5
-2.2852420807E-5
3.5482645035E-5
6.6518783569E-5
6.5696239471E-5
8.3792209625E-5
4.9674510956E-5
-3.8743019104E-6
-2.4795532227E-5
-6.1941146851E-5
-1.9001960754E-5
-6.1160326004E-5
4.4643878937E-5
4.4023990631E-5
4.6235322952E-5
9.2041492462E-5
7.1942806244E-5
7.3695182800E-5
-9.0003013611E-7
2.3597478867E-5
1.5693902969E-5
-3.6484003067E-5
4.2915344238E-6
2.1201372147E-5
3.2961368561E-5
9.1636180878E-5
4.3463706970E-5
3.3593177795E-5
5.5432319641E-5
3.5232305527E-5
-9.7870826721E-6
-6.8485736847E-6
-6.0391426086E-5
-2.6100873947E-5
5.3244829178E-5
2.9420852661E-5
7.7354907990E-5
3.4809112549E-5
5.2946805954E-5
2.6315450668E-5
2.4688243866E-5
-1.2207031250E-5
-5.5289268494E-5
-4.6312808990E-6
1.6748905182E-5
9.1528892517E-5
6.3872337341E-5
8.4108114243E-5
8.4424018860E-5
2.1040439606E-5
-2.4950504303E-5
-2.3031234741E-5
9.8466873169E-6
5.0425529480E-6
-4.8285722733E-5
2.9367208481E-5
2.0730495453E-5
6.5636634827E-5
3.8152933121E-5
4.6181678772E-5
2.0158290863E-5
1.6641616821E-5
-3.1143426895E-5
-6.7108869553E-5
-2.5618076324E-5
1.2469291687E-5
1.9407272339E-5
6.2078237534E-5
7.5101852417E-5
1.1574625969E-4
6.8843364716E-5
4.2366981506E-5
-7.3480606079E-5
-1.3337731361E-4
-8.1318616867E-5
-5.3751468658E-5
2.1493434906E-5
1.8429160118E-4
2.0087957382E-4
1.5056133270E-4
1.6873478889E-4
5.7667493820E-5
-1.4988183975E-4
-2.7558207512E-4
-3.4907460213E-4
3.6954879761E-7
5.2061080933E-4
6.5319538116E-4
3.7723183632E-4
-9.4765424728E-5
-4.9342513084E-4
-3.2019019127E-4
-9.6452236176E-5
1.2167692184E-4
1.6177296638E-4
2.2878646851E-4
1.4733672142E-4
1.1847019196E-4
4.5567750931E-5
-1.0073781013E-4
-9.1123580933E-5
-9.0467929840E-5
-5.5146217346E-5
2.3961067200E-5
-1.0961294174E-5
1.2409687042E-5
1.6051530838E-4
9.7012519836E-5
8.0132484436E-5
3.4570693970E-5
-6.6989660263E-5
-7.8850984573E-5
-1.9007921219E-5
-6.0361623764E-5
1.3715028763E-5
1.4129877090E-4
8.4900856018E-5
1.0854005814E-4
2.3603439331E-5
-5.2356719971E-5
1.1408329010E-5
-1.0418891907E-5
1.9073486328E-5
3.6060810089E-6
1.3256072998E-5
8.9490413666E-5
4.1180849075E-5
1.1197328568E-4
6.2155723572E-5
2.9730796814E-5
4.8547983170E-5
-3.6317110062E-5
-6.5106153488E-5
-1.3244152069E-5
5.8192014694E-5
5.8925151825E-5
4.8959255219E-5
-9.1195106506E-6
4.9960613251E-5
1.2516975403E-5
-1.5562772751E-5
-6.7991018295E-5
-6.6536664963E-5
3.8266181946E-6
-3.7509202957E-5
5.3632259369E-5
2.1195411682E-5
3.4356117249E-5
4.9060583115E-5
8.9293718338E-5
2.7340650558E-5
-1.6510486603E-5
1.6754865646E-5
-1.9073486328E-6
-4.9799680710E-5
-1.0222196579E-5
3.5822391510E-5
5.3733587265E-5
6.1112642288E-5
-2.6816129684E-5
5.6701898575E-5
3.4123659134E-5
1.3351440430E-5
-5.7542324066E-5
-3.9428472519E-5
-8.0472230911E-5
-3.0350685120E-5
1.0502338409E-5
1.1801719666E-4
6.3335895538E-5
5.2815675735E-5
2.3877620697E-5
-1.4859437943E-5
-5.7631731033E-5
-7.6174736023E-5
-6.2823295593E-5
-3.6245584488E-5
4.7922134399E-6
1.1833906174E-4
1.4431476593E-4
1.9123554230E-4
1.2563467026E-4
8.9436769485E-5
-1.2839436531E-4
-2.1248459816E-4
-3.0789375305E-4
-7.8761577606E-5
9.2202425003E-5
2.2433400154E-4
3.4496784210E-4
1.8483996391E-4
1.8411874771E-5
-1.0552406311E-4
-4.0034651756E-4
-3.6060810089E-4
-4.3565034866E-5
2.5361180305E-4
6.7771077156E-4
3.3422112465E-4
4.1693449020E-5
-1.2335777283E-4
-2.5140047073E-4
-1.6912817955E-4
-9.2744827271E-6
4.8506259918E-5
4.7618150711E-5
2.4868845940E-4
1.8876791000E-5
1.3339519501E-4
4.6449899673E-5
-6.6345930099E-5
-5.8990716934E-5
-3.8421154022E-5
-1.1361837387E-4
2.3543834686E-6
1.1664628983E-5
1.0639429092E-4
7.2860717773E-5
5.4866075516E-5
6.6906213760E-5
-1.9299983978E-5
-1.6093254089E-5
-1.7815828323E-5
1.2332201004E-5
-4.0751695633E-5
4.2378902435E-5
4.4959783554E-5
-4.1723251343E-8
-1.2153387070E-5
4.3147802353E-5
2.5063753128E-5
1.7917156219E-5
2.7197599411E-5
-6.1160326004E-5
-1.0925531387E-5
-4.2474269867E-5
3.7771463394E-5
7.4154138565E-5
6.0480833054E-5
-1.2225508690E-4
-6.0606002808E-5
-7.8129768372E-5
5.7899951935E-5
2.1901130676E-4
1.1919140816E-4
1.1786818504E-4
5.2785873413E-5
1.9192695618E-5
-8.2355737686E-5
-5.6904554367E-5
-2.1159648895E-5
2.8443336487E-5
1.4513731003E-5
3.5107135773E-5
4.5877695084E-5
6.8038702011E-5
6.8342685699E-5
-1.3524293900E-5
2.6762485504E-6
1.5646219254E-5
6.0516595840E-5
-1.8000602722E-6
-4.6825408936E-5
-1.3113021851E-6
5.0103664398E-5
4.6736001968E-5
1.3613700867E-5
3.4844875336E-5
3.8421154022E-5
2.1159648895E-6
1.0287761688E-5
-1.9550323486E-6
1.0395050049E-5
4.1490793228E-5
-9.1075897217E-6
2.2643804550E-5
1.5616416931E-5
-2.0176172256E-5
2.5779008865E-5
3.3307075500E-5
2.0188093185E-5
-1.0949373245E-5
3.4689903259E-5
-1.6373395920E-5
1.3387203217E-5
6.7830085754E-6
2.4318695068E-5
1.0138750076E-5
6.5588951111E-5
8.4888935089E-5
3.8802623749E-5
2.0223855972E-5
-2.9426813126E-5
-2.8169155121E-5
-2.1445751190E-5
-1.2743473053E-5
6.6357851028E-5
1.2260675430E-5
3.2502412796E-5
8.1849098206E-5
5.8591365814E-6
1.7225742340E-5
5.5807828903E-5
2.1201372147E-5
-3.2675266266E-5
-2.6822090149E-6
1.3530254364E-5
8.9764595032E-6
4.3874979019E-5
8.6581707001E-5
5.8686733246E-5
5.4460763931E-5
-6.1339139938E-5
-1.0848045349E-5
-7.3438882828E-5
8.8745355606E-5
2.3382902145E-5
-1.2123584747E-5
1.7905235291E-5
-1.9735097885E-5
1.3768672943E-6
-1.1324882507E-6
1.7201900482E-5
-2.4706125259E-5
1.3148784637E-5
5.8823823929E-5
2.0718574524E-5
2.7740001678E-5
-9.9599361420E-6
7.7491998672E-5
7.5018405914E-5
3.4558773041E-5
4.0686130524E-5
9.3340873718E-6
3.9738416672E-5
-5.1677227020E-6
1.6689300537E-5
-5.2994489670E-5
4.6032667160E-5
9.2744827271E-5
6.4712762833E-5
8.0585479736E-6
1.1920928955E-6
-2.5808811188E-5
-7.7259540558E-5
-4.4167041779E-5
1.8173456192E-5
3.5226345062E-5
1.9371509552E-5
5.9008598328E-5
3.7354230881E-5
-3.0964612961E-5
7.5650215149E-5
-3.5774707794E-5
-6.2638521194E-5
-1.0228157043E-5
-6.7573785782E-5
-5.5140256882E-5
4.0137767792E-5
8.6241960526E-5
7.3194503784E-5
1.4444589615E-4
1.0303258896E-4
-4.7874450684E-5
-1.2325644493E-4
-1.2230277061E-4
-2.5070309639E-4
-9.3060731888E-5
3.1151175499E-4
4.1842460632E-4
1.6192197800E-4
-2.7933716774E-4
-4.8944354057E-4
-2.1829009056E-4
-3.4099817276E-5
1.0077953339E-4
1.2643933296E-4
2.0280480385E-4
1.3749003410E-4
3.8820505142E-5
8.4042549133E-7
-3.9511919022E-5
-3.8397312164E-5
4.2539834976E-5
1.9156932831E-5
6.6071748734E-5
8.4161758423E-5
8.4656476974E-5
8.5240602493E-5
9.7995996475E-5
3.9696693420E-6
6.5147876740E-6
-4.8816204071E-6
-6.2322616577E-5
-3.6656856537E-6
1.1724233627E-5
5.7750940323E-5
2.3353099823E-5
5.0145387650E-5
4.9465894699E-5
1.7344951630E-5
-1.0126829147E-5
-6.0963630676E-5
-1.5169382095E-5
1.0442733765E-5
7.4845552444E-5
4.7421455383E-5
6.8533420563E-5
-2.0915269852E-5
3.9619207382E-5
4.7379732132E-5
1.4376640320E-5
9.6559524536E-7
3.9339065552E-6
-2.2804737091E-5
1.3220310211E-5
4.2402744293E-5
4.6074390411E-6
9.2464685440E-5
3.5458803177E-5
2.8097629547E-5
3.5941600800E-6
1.1426210403E-5
1.5556812286E-6
-5.3346157074E-6
4.6312808990E-6
-4.3189525604E-5
-1.0037422180E-5
2.7608871460E-5
4.4530630112E-5
5.4252147675E-5
5.9759616852E-5
4.5162439346E-5
2.7656555176E-6
3.4546852112E-5
2.4265050888E-5
3.4606456757E-5
3.1030178070E-5
8.2957744598E-5
7.1591138840E-5
2.3692846298E-5
1.1376738548E-4
2.4223327637E-5
-5.9765577316E-5
-1.7791986465E-5
-6.0164928436E-5
-2.2161006927E-5
-4.2635202408E-5
3.5393238068E-5
2.1797418594E-5
1.0479688644E-4
6.3204765320E-5
9.9700689316E-5
2.0444393158E-5
1.2558698654E-5
-1.0136365891E-4
-1.0893940926E-4
-1.2933611870E-4
3.3730268478E-5
1.1543035507E-4
1.6097426414E-4
2.5114417076E-4
7.9607963562E-5
-1.2150406837E-4
-3.4340620041E-4
-1.2679696083E-4
1.5669465065E-4
2.8584599495E-4
3.3578276634E-4
1.8750429153E-4
4.5675039291E-5
-6.3854455948E-5
-7.2330236435E-5
-1.4887452126E-4
-3.7515163422E-5
-3.1721591949E-5
4.4447183609E-5
1.2463927269E-4
1.4495849609E-4
7.8666210175E-5
6.0200691223E-7
8.5294246674E-6
-4.1264295578E-5
-3.7842988968E-5
3.5482645035E-5
6.3717365265E-6
-1.3434886932E-5
4.6682357788E-5
1.0388493538E-4
8.0889463425E-5
2.5844573975E-5
1.8745660782E-5
2.2834539413E-5
-3.7169456482E-5
6.2048435211E-6
-4.4554471970E-5
6.8885087967E-5
5.4746866226E-5
3.8319826126E-5
3.2800436020E-5
-1.5664100647E-5
1.1891126633E-5
1.0848045349E-5
2.5808811188E-6
-3.5047531128E-5
2.4110078812E-5
4.3696165085E-5
1.7696619034E-5
4.2802095413E-5
9.4175338745E-7
6.0343742371E-5
1.5634298325E-5
1.5532970428E-5
-9.7930431366E-6
-6.0558319092E-6
4.9287080765E-5
1.4996528625E-5
1.3214349747E-5
-1.2516975403E-7
2.7155876160E-5
-3.0905008316E-5
3.3015012741E-5
4.4107437134E-5
4.7236680984E-5
3.1286478043E-5
9.7811222076E-6
-8.1151723862E-5
-3.7515163422E-5
3.8009881973E-5
3.6329030991E-5
3.3599138260E-5
-2.1314620972E-5
5.0806999207E-5
8.2439184189E-5
1.0615587234E-5
4.4262409210E-5
4.8094987869E-5
4.3332576752E-5
7.2288513184E-5
1.2856721878E-5
-3.6239624023E-6
1.0702610016E-4
