<| "Configuration" -> <| "Acquisition device" -> "UHFLI",  "Start time" -> "10/29/2021 15:02:56",  "Finish time" -> "10/29/2021 16:40:26", "Comments" -> "" |>, "Dimensions" -> {<| "Name" -> "Frequency 1", "Start" -> 6.200000*^+9, "Stop" -> 6.800000*^+9, "Step size" -> 2.000000*^+6 |>, <| "Name" -> "DC Voltage 1", "Start" -> -6.600000*^+0, "Stop" -> -7.400000*^+0, "Step size" -> -5.000000*^-2 |>}, "DataInfo" -> <| "Measured Spots" -> 5.117000*^+3,  "Samples" -> 1,  "Segments" -> 1,  "dFactor" -> 1,  "Sampling Time" -> 7.111111*^-8|>|>
2.5346875190E-5
1.6283011064E-5
2.1149683743E-5
1.3230473269E-5
1.7238524742E-5
1.4970509801E-5
1.6148143913E-5
9.1074150988E-6
1.2702599634E-5
1.4053389896E-5
1.6321230214E-5
1.6419938765E-5
1.3442989439E-5
1.7352809664E-5
1.3960944489E-5
1.6206817236E-5
1.6037048772E-5
7.3664938100E-6
1.8154387362E-5
1.3471138664E-5
2.0245835184E-5
1.2560200412E-5
1.4062388800E-5
2.4090148508E-5
1.8638232723E-5
1.1234194972E-5
1.0432070121E-5
9.8780496046E-6
1.6742153093E-5
1.0352185927E-5
1.1995318346E-5
1.2885453180E-5
1.4252623077E-5
1.4318723697E-5
1.9021774642E-5
1.0296015535E-5
9.9545461127E-6
2.2031250409E-5
1.6826880164E-5
1.3739976566E-5
1.5998922754E-5
1.8153595738E-5
1.6966601834E-5
1.4727027156E-5
1.8359895330E-5
6.3671614044E-6
1.2086180504E-5
1.3120367657E-5
1.4694628771E-5
1.6762374434E-5
4.7872075811E-6
4.7160428949E-6
1.5802704729E-5
1.5279464424E-5
2.2784282918E-5
2.1749595180E-5
1.1167104822E-5
1.7032900359E-5
1.4828064013E-5
1.9776204135E-5
6.3385115937E-6
7.8852870502E-6
1.0270369239E-5
2.0652741659E-5
1.2958166190E-5
1.2144492939E-5
2.4603889323E-5
1.3248575851E-5
9.7176525749E-7
1.2730679009E-5
6.8487483077E-6
2.0304787904E-5
1.3500032947E-5
2.2005371283E-5
1.9996846094E-5
2.0813592709E-5
1.8634693697E-5
8.0584664830E-6
1.6811408568E-5
1.1258001905E-5
6.1299535446E-6
9.4103510493E-6
7.0670852438E-6
1.2938922737E-5
1.6804283950E-5
1.0792200919E-5
2.0286696963E-5
2.1950830705E-5
1.7105718143E-5
1.4629261568E-5
1.3893377036E-5
2.1994137205E-5
1.1080410331E-5
1.8357404042E-5
9.6726696940E-6
2.5198119692E-5
1.9971933216E-5
2.2785679902E-5
1.9498378969E-5
1.3964658138E-5
2.2357469424E-5
7.4518378824E-6
1.0512187146E-5
1.4204066247E-5
1.4961487614E-5
2.1361582912E-5
2.3944291751E-5
1.5498476569E-5
1.2750457972E-5
1.1924584396E-5
6.6947774031E-6
-2.7523725294E-6
6.8761873991E-6
5.7580880821E-6
6.7496788689E-6
1.5091639943E-5
2.2043648641E-5
2.2106373217E-5
3.6495504900E-5
2.4060253053E-5
7.7659380623E-6
-2.2234045900E-6
2.9515824281E-6
4.7626439483E-6
1.1744245421E-5
1.4979077969E-5
3.8374366704E-5
3.5352457780E-5
2.7035351376E-5
1.2487417553E-5
4.5717926696E-6
4.7837500462E-6
3.4074648284E-6
1.9473477732E-5
2.7727719861E-5
3.2794428989E-5
2.7065386530E-5
2.5595037732E-5
2.7910945936E-5
1.8482096493E-5
1.4249293599E-5
5.8493926190E-6
-4.3973908760E-6
-9.7033218480E-6
3.0815252103E-6
1.7545802984E-5
6.8108516281E-5
6.2377424911E-5
2.8315617236E-5
-5.6568766013E-6
-5.4461683614E-5
-3.4961733035E-6
2.5049853138E-5
2.5376456323E-5
3.4122075885E-5
3.3023569266E-5
2.4938140995E-5
1.9688671455E-5
8.6510321126E-6
5.6356308051E-6
6.4753345214E-6
1.0081077926E-5
1.3381091412E-5
1.7655768897E-5
2.3420446086E-5
2.8068060055E-5
1.9153335597E-5
2.8754980303E-5
5.9362151660E-6
1.0411755648E-5
1.1906342115E-5
1.4817528427E-5
1.4102482237E-5
1.7901870887E-5
1.8207798712E-5
2.2029259707E-5
1.6840163153E-5
1.5064631589E-5
1.5076564159E-5
1.8337205984E-5
4.6309549362E-6
1.0708882473E-5
1.3991398737E-5
1.5971076209E-5
2.4963216855E-5
2.2468972020E-6
1.9412802066E-5
2.3346277885E-5
2.0137859974E-5
2.3512996267E-5
8.1948121079E-6
7.9414108769E-6
1.6953796148E-5
6.9606234321E-6
1.6721000429E-5
1.2011639774E-5
1.3956543989E-5
1.4854408801E-5
2.7913320809E-5
1.1679949239E-5
4.1553983465E-6
1.2712867465E-5
2.4651607963E-5
2.0509713795E-5
6.8800174631E-6
1.2840155978E-5
2.0899297669E-5
1.4181726147E-5
1.4429516159E-5
1.7290469259E-5
5.2748946473E-6
1.3204792049E-5
9.8281307147E-6
1.8602795899E-5
1.6962015070E-5
2.3103912826E-5
1.7664057668E-5
1.2099777814E-5
1.4825467952E-5
1.8920865841E-5
1.4809647109E-5
1.7245509662E-5
1.4755444136E-5
1.1602055747E-5
7.2604743765E-6
1.5489000362E-5
1.7911626492E-5
2.3338664322E-5
1.9491778221E-5
1.5597289894E-5
3.0490639619E-5
9.9797965960E-6
1.6709475312E-5
1.6081042122E-5
1.7033319454E-5
1.2372492347E-5
1.7382635269E-5
1.9500742201E-5
2.0485033746E-5
1.1094333604E-5
1.9740429707E-5
1.8061546143E-5
9.1598136351E-6
2.0171189680E-5
9.4812363387E-6
2.2911862470E-5
1.7234391998E-5
1.6530451830E-5
1.9813585095E-5
1.0298728012E-5
2.0625221077E-5
1.8386892043E-5
2.3901346139E-5
1.6261299606E-5
1.5692797024E-5
2.1806906443E-5
8.8782864624E-6
9.8354765214E-6
1.2751540635E-5
1.4434184413E-5
1.0817847215E-5
1.1462927796E-5
1.2432713993E-5
6.8241613918E-6
1.2514775153E-5
2.0906457211E-5
6.0449470767E-6
1.9092427101E-5
1.4351389837E-5
1.9102112856E-5
1.1507666204E-5
1.8129555974E-5
1.3120856602E-5
1.3782782480E-5
2.1249603014E-5
1.5024223831E-5
1.2588081881E-5
1.7346092500E-5
1.3911712449E-5
1.7724442296E-5
1.2417777907E-5
1.5351071488E-5
4.5956927352E-6
9.1737252661E-6
8.2909129562E-6
1.0052346625E-5
1.6377773136E-6
9.6243573353E-6
1.3205665164E-5
1.4711404219E-5
2.2502325009E-5
1.5593960416E-5
1.9376445561E-5
2.0038860384E-5
1.6629754100E-5
6.9479108789E-6
1.7403718084E-5
1.4529342297E-5
4.6091037803E-6
1.4370284043E-5
1.3876077719E-5
1.8961855676E-5
1.9399635494E-5
1.6916601453E-5
1.6566715203E-5
2.1117564756E-5
1.6184942797E-5
1.5226227697E-5
1.6912526917E-5
1.6829511151E-5
2.4403282441E-5
1.7165509052E-5
2.4655088782E-5
2.2389204241E-5
2.2740999702E-5
9.8001211883E-6
1.3257993851E-5
1.1894491036E-5
1.2388580944E-5
1.8423656001E-5
1.8334586639E-5
1.3959105127E-5
2.0669226069E-5
1.8506485503E-5
2.1548755467E-5
2.8136686887E-5
9.4108749181E-6
1.0599126108E-5
2.4254352319E-5
1.5198986512E-5
1.7135799862E-5
8.7052467279E-6
1.5285285190E-5
2.1657883189E-5
1.0170135647E-5
1.4373206068E-5
2.4120684247E-5
1.9088631961E-5
1.0566588026E-5
2.0083866548E-5
2.2626924328E-5
1.4383764937E-5
1.0801374447E-5
1.5598966274E-5
1.6197084915E-5
1.3180449605E-5
1.3085815590E-5
1.6094348393E-5
1.2589956168E-5
1.3320730068E-5
1.6669288743E-5
1.6358285211E-5
2.2071355488E-5
2.3634813260E-5
2.3248209618E-5
1.9097374752E-5
2.4906964972E-5
4.0570273995E-6
1.3119017240E-5
1.4890532475E-5
7.0280977526E-6
1.7224415205E-5
9.8726595752E-6
5.8568897657E-6
1.8811842892E-5
1.6477180179E-5
1.9634200725E-5
9.4793271275E-6
1.1718284804E-5
2.0294194109E-5
3.5963021219E-6
9.7719836049E-6
1.4014367480E-5
1.3840442989E-5
1.5528185759E-5
1.7059140373E-5
2.3160281125E-5
1.6224745195E-5
1.1007965077E-5
1.7742742784E-5
1.3977847993E-5
1.1102086864E-5
1.1706771329E-5
1.4567107428E-5
1.2574775610E-5
1.6904983204E-5
1.8892658409E-5
1.4174846001E-5
1.3046711683E-5
8.2174781711E-6
6.3233077526E-6
7.6123746112E-6
9.9838944152E-6
1.2333667837E-5
1.0699545965E-5
1.8891331274E-5
2.2584351245E-5
2.1509127691E-5
2.5945471133E-5
1.2863578741E-5
1.0464910883E-5
1.5682890080E-5
1.3749254868E-5
5.4647447542E-6
1.7990614287E-5
1.3109634165E-5
1.7581961583E-5
3.4121295902E-5
2.4517497513E-5
3.0127563513E-5
1.6211811453E-5
1.8442957662E-5
1.4471053146E-5
1.5636882745E-5
1.7745292280E-5
1.8967525102E-5
1.4177116100E-5
2.3775792215E-5
1.9032531418E-5
2.7127738576E-5
2.5750766508E-5
1.0447984096E-5
1.2841424905E-6
7.1287504399E-6
-2.0738225430E-6
7.1297981777E-6
2.6522611733E-5
2.3663439787E-5
2.3140199482E-5
2.7167634106E-5
1.0692782234E-5
7.5523043052E-6
-9.0552493931E-7
-1.9765808247E-6
1.2371072080E-5
2.3937597870E-5
2.4328415747E-5
1.6107212286E-5
2.1141197066E-5
1.5257461928E-5
8.2418206148E-6
1.8683879170E-5
1.5906523913E-5
4.0892162360E-6
2.4030217901E-6
-6.5768836066E-7
2.5748740883E-7
2.6830297428E-5
5.6176225190E-5
6.1090080999E-5
1.7810775898E-5
-1.9705924205E-5
-3.0718639026E-5
-3.0183268244E-5
5.0679873675E-5
5.3591188043E-5
3.9599684533E-5
2.4748791474E-5
1.7388525884E-5
1.3699918054E-5
-5.3614610807E-6
8.7016960604E-7
2.8360402211E-6
1.7503276467E-5
1.1684664060E-5
2.6156776584E-5
1.4300330076E-5
2.0184321329E-5
2.0152737852E-5
1.6732700169E-5
1.0938476771E-5
5.4178875871E-6
1.1006626301E-5
2.6681146118E-5
1.9434269052E-5
2.1262269001E-5
2.8972071595E-5
1.4224986080E-5
1.2904789764E-5
1.3940292411E-5
1.4314590953E-5
6.3330982813E-6
1.3882387430E-5
8.5725216196E-6
1.7850671429E-5
1.7343647778E-5
1.9582954701E-5
2.1217949688E-5
1.7164601013E-5
1.5017180704E-5
1.6932771541E-5
1.7354753800E-5
1.6487471294E-5
1.9274849910E-5
7.1373302490E-6
2.3186113685E-5
2.1897186524E-5
2.2300379350E-5
1.0681652930E-5
2.6271305978E-5
1.5203631483E-5
1.5170744155E-5
5.3145806306E-6
9.3346461655E-6
5.5979005993E-6
1.3430707622E-5
1.5519594308E-5
1.6936345491E-5
1.5046459157E-5
1.3711641077E-5
1.4453218318E-5
1.4905165881E-5
2.6502029504E-5
1.2422306463E-5
1.9702257123E-5
1.0599417146E-5
1.3366469648E-5
2.3228419013E-5
2.3507256992E-5
2.1443166770E-5
7.8355427832E-6
2.0263274200E-5
1.4626956545E-5
1.2199673802E-5
1.0847311933E-5
1.0716356337E-5
1.5880167484E-5
1.7387932166E-5
2.4559651501E-5
1.9101332873E-5
2.0864489488E-5
9.2736561783E-6
7.5357151218E-6
1.3910862617E-5
2.0006613340E-5
1.1261319742E-5
1.4433264732E-5
1.8957641441E-5
2.3999367840E-5
2.1725753322E-5
1.8403830472E-5
1.6713619698E-5
2.1354272030E-5
1.5836313833E-5
1.2727058493E-5
2.0100385882E-5
1.6679288819E-5
1.6641046386E-5
1.6916124150E-5
2.3822882212E-5
1.2687908020E-5
2.0963978022E-5
1.7456267960E-5
1.3739743736E-5
3.8392841815E-6
2.4345179553E-5
1.5241221990E-5
2.0933558698E-5
2.1173048298E-5
2.0637561101E-5
1.7509888858E-5
1.9973702728E-5
1.9079295452E-5
2.1967582870E-5
1.3546796981E-5
7.0675858297E-6
1.4631368685E-5
1.9804027397E-5
1.5937734861E-5
1.7997424584E-5
2.5196955538E-5
1.2632750440E-5
1.8863950390E-5
1.4517456293E-5
1.1430762243E-5
1.5942659229E-5
1.1365173850E-5
1.3106421102E-5
1.8050090875E-5
2.0162889268E-5
1.9216001965E-5
1.5675288159E-5
1.4719914179E-5
1.4162983280E-5
2.1658733021E-5
1.6957952175E-5
1.4919927344E-5
1.6689090989E-5
1.3476808090E-5
1.9096140750E-5
2.7104082982E-5
1.5132455155E-5
1.1055893265E-5
1.5594239812E-5
1.6825099010E-5
1.8313725013E-5
2.2671371698E-5
1.2888573110E-5
2.0648899953E-5
1.6367726494E-5
1.0283302981E-5
1.2220523786E-5
8.7108695880E-6
1.1982629076E-6
1.3421324548E-5
1.8091010861E-5
1.9120413344E-5
1.0077038314E-5
1.3473932631E-5
1.6703875735E-5
1.1063215789E-5
1.5510548837E-5
1.1048174929E-5
2.1870865021E-5
1.8401141278E-5
1.6529695131E-5
2.6684149633E-5
1.4100270346E-5
1.5263247769E-5
1.8988770898E-5
1.3206328731E-5
2.0934815984E-5
1.3901444618E-5
1.3637950178E-5
2.2385653574E-5
3.1446432694E-5
1.1315743905E-5
1.7654069234E-5
2.3176369723E-5
1.5937688295E-5
1.7533905338E-5
1.8727406859E-5
1.7390144057E-5
1.9153126050E-5
1.4349911362E-5
1.0416761506E-5
1.1774676386E-5
1.5668605920E-5
1.2652238365E-5
1.0980665684E-5
2.2114953026E-5
1.7087510787E-5
3.1052692793E-5
1.4921778347E-5
1.5953532420E-5
1.5182537027E-5
1.8719909712E-5
1.2873846572E-5
1.5476113185E-5
1.9104022067E-5
6.2680453994E-6
1.4417199418E-5
1.8613168504E-5
2.0809727721E-5
1.9109260756E-5
1.7069536261E-5
1.7572520301E-5
1.6293069348E-5
2.2464024368E-5
2.5899615138E-6
1.3204931747E-5
1.9792432431E-5
2.0232703536E-5
2.4421978741E-5
1.9117293414E-5
1.4054402709E-5
1.1780729983E-5
1.0504934471E-5
1.1584127787E-5
1.2909970246E-5
7.2548747995E-6
1.1452054605E-5
1.4102621935E-5
2.0473520271E-5
1.9475584850E-5
1.6671500634E-5
2.0464882254E-5
1.8771935720E-5
2.0757585298E-5
1.2832507491E-5
1.3314862736E-5
3.0589289963E-6
1.0394677520E-5
9.2063797639E-6
1.6815855633E-5
1.9788439386E-5
1.5688850544E-5
2.2405909840E-5
2.2551824804E-5
2.0139687694E-5
1.9105465617E-5
1.2930529192E-5
1.8170254770E-5
5.5731274188E-6
1.8858525436E-5
2.2013497073E-5
2.0626722835E-5
1.2152059935E-5
2.0862719975E-5
1.9998243078E-5
2.3027427959E-5
2.7242954819E-5
1.0349089280E-6
6.6069071182E-6
2.3711763787E-5
1.9532162696E-5
1.8993555568E-5
3.1582498922E-5
2.6167056057E-5
2.5088887195E-5
2.4370953906E-5
1.8959771842E-5
1.7825572286E-5
-3.2116309740E-6
1.2840912677E-5
7.3456671089E-6
1.4976097737E-5
2.9481854289E-5
2.2168969735E-5
2.5548506528E-5
2.7834426145E-5
1.3421790209E-5
1.9565934781E-5
6.9175614044E-6
6.8599940278E-6
4.9502821640E-6
8.9045148344E-6
2.1855486557E-5
3.3462326973E-5
2.8025696519E-5
1.9265746232E-5
1.8696882762E-5
6.6572916694E-6
2.2737076506E-6
1.1627702042E-5
1.7182785086E-5
2.5069550611E-5
3.7247547879E-5
2.5899824686E-5
2.1551374811E-5
2.2884563077E-5
2.1755415946E-5
1.6959290951E-5
9.1534806416E-6
1.2085796334E-5
4.9178604969E-6
1.0578124784E-5
1.6648764722E-5
2.8903468046E-5
2.2219913080E-5
3.6651128902E-5
4.4854287989E-5
2.5303626898E-5
-1.9582617096E-5
-4.2617379222E-5
-1.6017653979E-5
1.9974063616E-5
7.2382623331E-5
5.1332265139E-5
1.1040654499E-5
2.6328256354E-6
-9.9709723144E-6
-3.9037317037E-6
5.0374888816E-6
1.6313511878E-5
1.9136746414E-5
3.3318088389E-5
1.8204154912E-5
2.7667009271E-5
2.2778974380E-5
1.9995612092E-5
8.0618774519E-6
9.1809546576E-6
1.2370012701E-5
1.6085279640E-5
1.6646366566E-5
2.1155888680E-5
2.6390922721E-5
2.2647052537E-5
2.0741473417E-5
1.3638730161E-5
1.8657743931E-5
8.5699022749E-6
5.3595285863E-6
1.0023289360E-5
1.0107038543E-5
1.4013086911E-5
2.2440287284E-5
2.1161499898E-5
2.2439949680E-5
2.1810270845E-5
1.3149483129E-5
2.0199117716E-5
3.9673876018E-6
9.9800061436E-6
1.6358564608E-5
2.0054774359E-5
1.6672827769E-5
2.3559655528E-5
1.8177076708E-5
2.2298598196E-5
1.7697806470E-5
1.7868680879E-5
1.5190127306E-5
9.9432072603E-6
1.0961282533E-5
1.2673332822E-5
1.8776732031E-5
2.0768307149E-5
7.1270973422E-6
1.5601795167E-5
1.6524083912E-5
1.2628280092E-5
2.3420655634E-5
1.0525691323E-5
1.8013117369E-5
7.5376592577E-6
2.2595748305E-5
2.3043621331E-5
2.0893127657E-5
8.7091815658E-6
1.8402282148E-5
9.3528535218E-6
1.4524313156E-5
1.2666604016E-5
2.2855121642E-6
2.1149544045E-5
1.3581116218E-5
2.3101968690E-5
1.8335797358E-5
1.7195974942E-5
2.7607230003E-5
1.3809825759E-5
1.5456462279E-5
1.8528592773E-5
1.0449998081E-5
1.0338716675E-5
8.0435303972E-6
1.8894032109E-5
1.3308762573E-5
2.5614874902E-5
1.7582997680E-5
1.4204706531E-5
2.1329335868E-5
1.3373000547E-5
1.1980906129E-5
9.9965021946E-6
2.1439476404E-5
1.6498065088E-5
1.4560983982E-5
1.3852724805E-5
2.3227103520E-5
2.2335816174E-5
2.0956061780E-5
9.7318901682E-6
1.1652568355E-5
1.2567371596E-5
1.8089928198E-5
1.8079031725E-5
2.2726831957E-5
1.5272421297E-5
2.1634344011E-5
1.1435709894E-5
1.4830497094E-5
1.6015174333E-5
2.5784620083E-5
1.4047208242E-5
2.0915351342E-5
1.8785358406E-5
1.3190729078E-5
2.2995471954E-5
1.6952585429E-5
1.5280814841E-5
1.7015181947E-5
9.7218086013E-6
2.0254647825E-5
1.4901894611E-5
1.1527666356E-5
1.6215501819E-5
1.8827745225E-5
5.0070928409E-6
1.3376679272E-5
1.9864167552E-5
1.6409251839E-5
1.8284667749E-5
1.5936873388E-5
1.9437191076E-5
1.3257854153E-5
1.4187046327E-5
1.9943050574E-5
1.9328691996E-5
1.2527068611E-5
1.7266662326E-5
2.4868361651E-5
2.3255834821E-5
1.1666642968E-5
2.1713564638E-5
2.1929806098E-5
1.9609485753E-5
1.9284628797E-5
1.8951087258E-5
2.1203060168E-5
1.1466676369E-5
1.3555097394E-5
1.9741314463E-5
2.1420896519E-5
1.7686863430E-6
1.4174391981E-5
2.7253385632E-5
1.5949050430E-5
2.2411439567E-5
1.0926683899E-5
1.5879189596E-5
1.8408778123E-5
9.5600727946E-6
2.4784915149E-5
1.4933466446E-5
5.8654462919E-6
1.8455740064E-5
1.9168725703E-5
2.7352012694E-6
1.8820352852E-5
1.6434013378E-5
1.1544267181E-5
9.9690747448E-6
2.0324939396E-5
1.5074352268E-5
1.4102924615E-5
1.3148307335E-5
1.9886146765E-5
7.2012306192E-6
2.0322040655E-5
2.1096889395E-5
2.4686148390E-5
1.5417952090E-5
1.2007460464E-5
2.0113575737E-5
9.8765362055E-6
1.8245633691E-5
4.9118651077E-6
7.5213960373E-6
1.8993089907E-5
1.3525178656E-5
1.9201403483E-5
2.3026124108E-5
2.5417306460E-5
2.6582356076E-5
2.0202063024E-5
1.1463719420E-5
9.8893069663E-6
2.1059357095E-5
2.2638705559E-5
1.8211011775E-5
9.3292561359E-6
1.5546858776E-5
2.5146605912E-5
2.3170653730E-5
1.7020036466E-5
1.8426892347E-5
1.3549253345E-5
9.7886775622E-6
1.8286320846E-5
1.5849678311E-5
2.1082337480E-5
1.4940998517E-5
2.3132993373E-5
1.5895569231E-5
1.5275098849E-5
1.4168152120E-5
1.0850233957E-5
1.7176975962E-5
1.9090797286E-5
3.1984760426E-6
9.4348331914E-6
1.5214551240E-6
2.0196125842E-5
2.6911415625E-5
1.7582357395E-5
1.0879768524E-5
1.9617332145E-5
1.2614775915E-5
2.6542076375E-5
9.7910524347E-6
1.0990642477E-5
2.1215726155E-5
1.9175442867E-5
2.3957237135E-5
1.5024805907E-5
1.6220775433E-5
9.3431328423E-6
2.6802183128E-5
1.3472081628E-5
1.2932752725E-5
9.2869391666E-6
1.6576098278E-5
2.0631449297E-5
1.8270546570E-5
1.6176491044E-5
8.6989137345E-6
2.5766494218E-5
1.7707212828E-5
1.7117173411E-5
1.7825083341E-5
1.1280714534E-5
6.9153844379E-6
1.3579183724E-5
2.0780647173E-5
1.6147934366E-5
1.9632733892E-5
1.2207729742E-5
1.9889604300E-5
2.1338020451E-5
2.0088418387E-5
1.4499831013E-5
1.9719591365E-6
1.1876295321E-5
5.9621175751E-6
1.1582591105E-5
1.3386015780E-5
3.3262022770E-5
2.3100036196E-5
1.9705505110E-5
1.4327641111E-5
1.8368486780E-5
9.7123556771E-6
2.0611798391E-6
9.9983299152E-6
1.5124375932E-5
3.9503921289E-5
3.6167248617E-5
3.3763528335E-5
1.7173169181E-5
1.3683340512E-5
1.8869759515E-6
-1.4595687389E-6
9.9051976577E-6
2.3475917987E-5
1.6383756883E-5
2.2990349680E-5
1.7315510195E-5
1.3712467626E-5
9.3613518403E-6
1.2141733896E-5
2.1736067719E-5
5.6612538175E-6
1.4350004494E-5
7.4736890384E-6
4.0070386604E-6
1.8705776892E-5
2.2008782252E-5
3.2414647284E-5
3.5703694448E-5
2.8160773217E-5
2.5543780065E-5
1.5069439542E-5
1.8581165932E-6
-1.1034600902E-5
-1.3381312601E-5
2.8109957929E-5
6.2612548938E-5
5.9637555387E-5
2.8583244420E-5
-2.5283882859E-5
-2.3266160860E-5
-1.0867451783E-5
1.6414991114E-5
2.2851384710E-5
3.4327560569E-5
3.5076425410E-5
2.4438323452E-5
1.5161547344E-5
7.1371789091E-6
2.2409029770E-5
-1.1165393517E-6
1.2144597713E-5
1.2286321726E-5
1.6805180348E-5
2.3147056344E-5
2.2876670118E-5
1.8650933634E-5
2.7599709573E-5
2.0885921549E-5
1.0595377535E-5
7.4603478425E-6
1.0308215860E-5
1.5305576380E-5
1.8348894082E-5
1.7133669462E-5
1.1708703823E-5
2.0946352742E-5
1.6104942187E-5
1.9495969172E-5
1.3559823856E-5
1.4299154282E-5
1.3974262401E-5
1.5918340068E-5
9.3551469036E-6
1.8821493722E-5
1.7351913266E-5
2.4006364401E-5
2.5134079623E-5
8.7666092441E-6
1.1748948600E-5
2.1362362895E-5
1.9880011677E-5
4.0997983888E-6
4.1756080464E-6
1.3923889492E-5
1.5293224715E-5
2.1359068341E-5
2.1428545005E-5
2.5813677347E-5
1.6220880207E-5
1.4103553258E-5
1.3695529196E-5
1.9695307128E-5
9.7199343146E-6
1.4055252541E-5
1.7303426284E-5
2.3418129421E-5
1.6708159819E-5
2.1616125013E-5
1.5129800886E-5
1.9751279615E-5
2.0424812100E-5
1.1921755504E-5
1.7853942700E-5
1.4096091036E-5
1.8837722018E-5
1.4996493701E-5
2.0767352543E-5
2.1241116337E-5
1.8375960644E-5
2.5434617418E-5
1.1376128532E-5
1.5682692174E-5
2.0894710906E-5
1.1652940884E-5
1.4367315453E-5
1.5277392231E-5
1.8471817020E-5
1.4521763660E-5
1.7689995002E-5
2.4468125775E-5
1.7977354582E-5
1.7462379765E-5
2.0009384024E-5
2.1026644390E-5
2.1380500402E-5
1.7553940415E-5
1.5332724433E-5
1.7440621741E-5
1.6590324230E-5
2.2488506510E-5
1.5641376376E-5
9.1274385342E-6
2.4444493464E-5
1.7858063802E-5
7.4061332272E-6
1.2115365826E-5
2.3233704269E-5
1.3932317961E-5
1.6396364663E-5
1.2942578178E-5
1.6993610188E-5
1.6301753931E-5
1.8051150255E-5
1.0975450277E-5
7.7961827629E-6
8.3246617579E-6
2.2925401572E-5
1.2730306480E-5
1.3738404959E-5
1.6702816356E-5
2.1756649948E-5
1.3577472419E-5
1.9200926181E-5
1.2453296222E-5
1.3973366004E-5
1.1350924615E-5
4.6380097047E-6
2.1343166008E-5
1.9332440570E-5
1.7046928406E-5
2.1385145373E-5
1.5285995323E-5
1.7426733393E-5
1.6235210933E-5
1.5645229723E-5
1.4655082487E-5
1.4080654364E-5
2.0854570902E-5
1.6602093819E-5
1.3866939116E-5
2.2149481810E-5
2.2158748470E-5
7.8170094640E-6
1.8948875367E-5
1.5493296087E-5
1.6817473806E-5
2.1250965073E-5
1.7590017523E-5
2.4047412443E-5
1.5796511434E-5
2.0814582239E-5
1.6892189160E-5
9.2068105006E-6
1.0255200323E-5
1.5638570767E-5
6.8353838288E-6
2.8291833587E-6
1.5095470008E-5
1.8684216775E-5
1.3898324687E-5
2.3021700326E-5
2.4068017955E-5
1.9287969917E-5
1.5542632900E-5
1.5988573432E-5
1.7382425722E-5
5.3220777773E-6
4.1610212066E-6
5.1773886663E-5
1.7783837393E-5
1.4033832122E-5
1.8613063730E-5
1.8861610442E-6
8.9048873634E-6
2.1442899015E-5
1.6251881607E-5
1.6565457918E-5
1.1738901958E-5
1.5542877372E-5
2.0866829436E-5
1.3985892292E-5
1.3761734590E-5
1.6751710791E-5
8.5563864560E-6
6.9028814325E-6
1.8419069238E-5
1.4515023213E-5
9.1063207948E-6
1.6857939772E-5
4.1748862714E-6
2.0212528761E-5
1.4561112039E-5
1.1463533156E-6
1.8494564574E-5
2.9651075601E-5
1.8145551439E-5
1.8746731803E-5
1.9058969337E-5
8.4191677161E-6
1.6376364510E-5
6.3759391196E-6
1.6477610916E-5
1.3018504251E-5
1.9263720605E-5
1.7195637338E-5
1.4725583605E-5
9.1194873677E-6
2.3544603027E-5
1.4253507834E-5
1.3887486421E-5
1.3152009342E-5
1.1120061390E-5
1.9393814727E-5
1.4094100334E-5
1.8272467423E-5
2.4716707412E-5
1.4932849444E-5
9.8741846160E-6
1.2819305994E-5
1.5556276776E-5
2.6623427402E-5
2.2372219246E-5
1.6901269555E-5
2.0921207033E-5
2.1918502170E-5
2.2346503101E-5
2.8615212067E-5
1.3989687432E-5
6.6947424785E-6
1.8811307382E-5
1.8804101273E-5
1.7138128169E-5
2.3899704683E-5
2.9674312099E-5
1.9160460215E-5
1.8371886108E-5
3.0678266193E-5
1.9090226851E-5
2.4952052626E-5
1.7492042389E-5
2.1238031331E-5
1.8312491010E-5
1.6848999075E-5
1.4182447922E-5
2.3572554346E-5
1.4021305833E-5
3.2494135666E-5
7.1897753515E-6
1.2728571892E-5
1.3117631897E-5
8.8483910077E-6
2.3453449830E-5
1.4274509158E-5
1.1605210602E-5
2.8001819737E-5
1.2301944662E-5
2.6288523804E-5
1.9129866268E-5
1.7401215155E-5
2.0766828674E-5
1.0345340706E-5
1.8400023691E-5
1.0195828509E-5
1.6447028611E-5
1.3918953482E-5
1.6488297843E-5
1.9264919683E-5
2.0177511032E-5
2.2892549168E-5
1.6455166042E-5
1.8630351405E-5
3.6812969483E-6
1.0325235780E-5
1.2857257389E-5
1.5492050443E-5
1.9735610112E-5
2.7596566360E-5
1.9176711794E-5
2.5799882132E-5
6.3588726334E-6
1.1979427654E-5
-9.6348230727E-6
-2.6760273613E-6
1.9546260592E-5
2.7119345031E-5
2.8241472318E-5
2.8346932958E-5
1.3144826517E-5
6.2515027683E-9
4.9601658248E-6
6.8181194366E-6
9.5431925731E-6
7.6654832811E-6
1.3824750204E-5
1.3927870896E-5
2.1919503342E-5
1.5805184375E-5
1.6236188821E-5
3.0703237280E-5
2.3032305762E-5
1.7024495173E-5
1.7901358660E-5
1.2867432088E-5
8.5138715804E-6
2.3130327463E-6
1.0422756895E-5
2.2598356008E-5
3.7779589183E-5
4.9675535411E-5
5.1262101624E-5
2.9132235795E-6
-2.1729455329E-5
-1.8859980628E-5
9.6340896563E-6
4.4143921696E-5
4.4319906737E-5
3.8914056494E-5
1.8019950948E-5
5.1959417761E-6
7.5902557002E-6
7.5755873696E-6
1.0212871712E-5
1.0426470544E-5
2.1130277309E-5
1.5813717619E-5
2.3477361537E-5
2.2124196402E-5
2.1345226559E-5
1.5371839981E-5
1.6076397151E-5
8.6358864793E-6
9.8354998046E-6
1.8242024816E-5
1.8703506794E-5
2.2096175234E-5
1.5095318668E-5
2.2050482220E-5
2.2834842093E-5
8.2325655968E-6
7.4564479293E-6
1.3654225040E-5
2.0664290059E-5
1.3614166528E-5
7.9259742052E-6
2.3042061366E-5
2.8111878782E-5
2.1401117556E-5
2.2769789211E-5
2.0135566592E-5
2.1410733461E-5
1.0854529683E-5
1.3531581499E-5
8.0563360826E-6
1.0847218800E-5
1.0966125410E-5
1.7771101557E-5
2.4782819673E-5
1.5523668844E-5
1.6059970949E-5
2.4414062500E-5
2.0984222646E-5
1.3602070976E-5
1.3419124298E-5
1.9852863624E-5
1.1557515245E-5
1.2056645937E-5
1.6402592882E-5
2.3010652512E-5
2.0384707022E-5
1.3862457126E-5
1.1379201897E-5
1.9761314615E-5
1.6081496142E-5
1.2020103168E-5
1.8015131354E-5
2.3772020358E-5
9.5424358733E-6
1.8830446060E-5
1.5352945775E-5
1.9713060464E-5
3.1798123381E-5
1.6413128469E-5
1.6327551566E-5
1.6998092178E-5
1.2456648983E-5
2.0857737399E-5
1.7576641403E-5
8.4148487077E-6
2.1109066437E-5
1.9402429461E-5
1.5100755263E-5
2.1359079982E-5
2.0028697327E-5
1.5545287170E-5
1.6972061712E-5
2.0550715271E-5
1.0531069711E-5
1.3237830717E-5
2.3039500228E-5
1.4312949497E-5
1.8663855735E-5
1.2431608047E-5
2.1941808517E-5
1.2723868713E-5
1.8173921853E-5
1.6360683367E-5
2.3445149417E-5
7.3604634964E-6
2.2236478980E-5
1.4457071666E-5
2.1784158889E-5
1.6531173605E-5
1.7117394600E-5
1.4579517301E-5
2.3148441687E-5
1.6507110558E-5
1.1420377996E-5
1.4183239546E-5
1.1427479331E-5
1.5313515905E-5
1.5502143651E-5
1.3165490236E-5
1.0923645459E-5
1.3138644863E-5
1.5316507779E-5
1.5317276120E-5
1.0312686209E-5
1.5030452050E-5
1.1150143109E-5
1.6257679090E-5
2.1120905876E-5
1.4685746282E-5
1.4780694619E-5
1.8817884847E-5
2.1876511163E-5
2.3253448307E-5
1.3480742928E-5
1.2205506209E-5
1.3660441618E-5
1.2601306662E-5
1.0392442346E-5
8.6269224994E-6
1.6276328824E-5
7.2297989391E-6
1.7837050836E-5
1.5187379904E-5
1.6477331519E-5
1.0018190369E-5
2.1232466679E-5
1.5199615154E-5
2.1958642173E-5
1.1363299564E-5
2.4141406174E-5
1.0958337225E-5
1.9901362248E-5
1.6484700609E-5
1.3097166084E-5
9.2997914181E-6
7.6652504504E-6
1.3849639799E-5
1.2066424824E-5
2.0146428141E-5
2.3656955454E-5
1.6994739417E-5
1.5731062740E-5
1.7584546003E-5
5.6035583839E-6
9.1423396953E-6
1.3273826335E-5
1.2668501586E-5
8.2208542154E-6
1.8376298248E-5
1.6212253831E-5
1.4258921146E-5
2.6786071248E-5
1.0203348939E-5
1.0011182167E-5
1.7100048717E-5
8.2085723990E-6
1.2723437976E-5
2.1240592468E-5
3.9565493352E-5
4.7595321666E-5
-1.5022023581E-5
5.2634859458E-6
8.6779706181E-6
1.8363969866E-5
2.1686882246E-5
2.0447897259E-5
3.2260059378E-5
1.0000902694E-5
1.0343256872E-5
1.3734621461E-5
1.8095341511E-5
1.5455577522E-5
1.1924863793E-5
2.7905264868E-5
1.9995728507E-5
1.1274660938E-5
1.2326706201E-5
8.6332089268E-6
1.7309957184E-5
2.1212070714E-5
1.4906027354E-5
1.4625466429E-5
2.5749462656E-5
3.0060205608E-5
1.8545461353E-5
1.0717124678E-5
1.3175315689E-5
1.1164217722E-5
2.0135752856E-5
1.3827695511E-5
2.2559508215E-5
1.1042575352E-5
2.1864520385E-5
1.4037662186E-5
1.7181225121E-5
1.6800209414E-5
1.2976594735E-5
8.6467829533E-6
2.4491536896E-5
1.5665777028E-5
1.4260294847E-5
9.5322146081E-6
1.0136596393E-5
2.0262447651E-5
1.6927905381E-5
2.2710196208E-5
1.1958612595E-5
2.1085946355E-5
9.5913303086E-6
1.0271300562E-5
1.2365740258E-5
1.6098318156E-5
2.4811038747E-5
2.3409875575E-5
1.4345243107E-5
3.2517244107E-5
1.1476420332E-5
2.0776269957E-5
2.0086811855E-5
1.5187577810E-5
1.9969744608E-5
3.0235387384E-5
1.2713856995E-5
1.3405515347E-5
1.5325052664E-5
1.6787997447E-5
1.9102171063E-5
2.4621305055E-5
6.8667228335E-6
2.4697498884E-5
1.5834055375E-5
1.6970396973E-5
1.5544134658E-5
2.0366825629E-5
1.6828300431E-5
2.5460333563E-5
2.0180013962E-5
2.4107715580E-5
1.8088601064E-5
1.2430560310E-5
1.4290725812E-5
1.1357222684E-5
1.0941911023E-5
2.2022810299E-5
1.8487905617E-5
1.5649967827E-5
1.6469159164E-5
1.7239234876E-5
4.7821667978E-6
-2.2422405891E-6
9.7175710835E-6
1.1926353909E-5
1.1263764463E-5
2.5293824728E-5
2.5428016669E-5
1.3248156756E-5
2.9762997291E-5
1.8924602773E-5
1.5269988216E-5
-3.7346966565E-6
4.2064115405E-6
1.4429085422E-5
2.0691845566E-5
2.7509999926E-5
1.4631520025E-5
1.3124640100E-5
1.4630681835E-5
1.3311812654E-5
1.4229095541E-5
1.3658287935E-5
1.1444743723E-5
1.5610083938E-5
2.0758446771E-5
2.2309843916E-5
1.6205199063E-5
1.8517253920E-5
1.4567770995E-5
2.0992523059E-5
1.2399011757E-5
4.8091169447E-6
1.2460118160E-5
9.9082360977E-6
1.9886984955E-5
6.3803629020E-6
3.0359171796E-5
1.6776483972E-5
2.9173819348E-5
2.0787795074E-5
2.0111422054E-5
1.0129390284E-5
4.7600828112E-6
-1.1186453048E-5
-1.3605121057E-5
1.7763301730E-5
5.2881333978E-5
6.2533095480E-5
1.9668205641E-5
-6.7529035733E-6
-1.0707345791E-5
2.2355350666E-6
1.2244144455E-5
2.0027160644E-5
2.7033488731E-5
3.7894363049E-5
2.3519131354E-5
1.5205715317E-5
1.3059889898E-5
1.0181101970E-5
1.8714251928E-5
-4.6794419177E-6
1.4552101493E-5
1.6451068222E-5
2.0631542429E-5
1.8748524599E-5
2.9376102611E-5
1.9238388631E-5
1.8994126003E-5
1.6975554172E-5
1.2950529344E-5
1.0374723934E-5
1.6282661818E-5
1.3438495807E-5
1.3201683760E-5
1.3680604752E-5
1.7604301683E-5
2.1105271298E-5
7.2567956523E-6
2.1616101730E-5
7.0276786574E-6
1.7297803424E-6
1.0228971951E-5
9.8352320493E-6
9.0546673165E-6
2.5338982231E-5
1.0328018106E-5
2.4180312174E-5
8.6466781795E-6
1.6303209122E-5
1.8672563601E-5
2.0351400598E-5
9.6454285087E-6
1.2560409960E-5
1.4712451957E-5
2.2296432871E-5
2.0073098130E-5
1.5138275921E-5
1.2837001123E-5
1.7757399473E-5
1.4837551862E-5
9.5045194031E-6
9.2147733085E-6
1.1758389883E-5
2.0478724036E-5
1.7893221229E-5
8.2787126303E-6
1.8981774337E-5
1.7613125965E-5
1.1379085481E-5
2.2867135703E-5
1.5742506366E-5
1.4237232972E-5
3.7168851122E-6
1.0520929936E-5
2.2832618560E-5
1.1220958550E-5
2.1515670232E-5
1.7724512145E-5
1.7034949269E-5
1.2904289179E-5
1.8029392231E-5
1.2270163279E-5
1.6396248247E-5
1.3896019664E-5
1.2210488785E-5
8.3448714577E-6
8.4348721428E-7
1.4036800712E-5
1.7299852334E-5
1.1963536963E-5
1.2970098760E-5
9.7651034594E-6
1.3076129835E-5
1.8327403814E-5
2.0091177430E-5
2.1146843209E-5
1.4141248539E-5
1.4681811445E-5
1.9043299835E-5
1.1090887710E-5
1.9776611589E-5
1.6241811681E-5
1.7113657668E-5
1.2417871039E-5
1.7611659132E-5
1.5998771414E-5
2.2908183745E-5
1.9655097276E-6
2.0010804291E-5
1.5347707085E-5
7.2018476204E-6
2.4855753872E-5
8.7143154816E-6
2.2556399926E-5
1.2578174938E-5
1.0693538934E-5
1.9528437405E-5
1.5534041449E-5
2.0305078942E-5
1.4316418674E-5
1.5411514323E-5
1.9795820117E-5
1.6146677080E-5
1.1370959692E-5
1.3414339628E-5
2.1002814173E-5
6.2549370341E-6
1.3099121861E-5
1.2330827303E-5
1.6861723270E-5
1.8266937695E-5
1.3501336798E-5
1.8766906578E-5
1.3546738774E-5
1.0140193626E-5
1.6971700825E-5
1.4030805323E-5
1.8840597477E-5
1.1857913341E-5
2.6621436700E-5
1.0335166007E-5
2.1304062101E-5
1.4129572082E-5
8.5954903626E-6
3.6683399231E-6
1.2770551257E-5
4.0746643208E-6
1.3528193813E-5
8.0555793831E-6
1.4754186850E-5
1.1044216808E-5
1.6011658590E-5
1.6816682182E-5
2.5859009474E-5
1.8859270494E-5
1.0588951409E-5
1.8670433201E-5
1.1996354442E-5
1.1517957319E-5
1.4628539793E-5
5.7118479163E-6
1.9704864826E-5
2.0721345208E-5
1.6935938038E-5
1.4501158148E-5
1.8201686907E-5
1.5958212316E-5
1.5776639338E-5
1.6478821635E-5
1.2926966883E-5
8.1808888354E-6
2.2600742522E-5
1.8012209330E-5
2.0275486167E-5
1.5603750944E-5
1.1593522504E-5
4.1099032387E-6
3.4877564758E-6
1.1848576833E-5
1.2078310829E-5
1.2957106810E-5
3.2853987067E-5
5.2073458210E-5
4.3980311603E-6
-6.6473032348E-6
1.1476909276E-5
2.5748647749E-5
1.3929058332E-5
2.1041522268E-5
2.2529484704E-5
9.4809336588E-6
2.2210809402E-5
1.1288456153E-5
1.2352445629E-5
1.7619889695E-5
1.0311708320E-5
1.6272172797E-5
1.6023835633E-5
1.8406868912E-5
8.2872109488E-6
5.7544442826E-6
1.6488134861E-5
2.7984869666E-5
2.3387384135E-5
9.2051341199E-6
1.2220372446E-5
9.8934979178E-6
1.6112870071E-5
1.8898386042E-5
1.1609669309E-5
2.2858846933E-6
1.7518131062E-5
1.0643841233E-5
1.6202905681E-5
2.3143831640E-5
1.3126246631E-5
1.2840609998E-5
1.4000257943E-5
1.9993504975E-5
2.0359642803E-5
1.9993574824E-5
1.9239319954E-5
7.3263188825E-6
1.6139773652E-5
1.6796030104E-5
1.9366119522E-5
1.6443873756E-5
2.5025964714E-5
1.3193581253E-5
2.0761240739E-5
1.7172773369E-5
1.6949255950E-5
7.1099842899E-6
1.2434623204E-5
2.4003942962E-5
1.8394971266E-5
8.9216977359E-6
1.5373260249E-5
1.6574130859E-5
1.3561919332E-5
1.1060363613E-5
1.0903505608E-5
1.8035143148E-5
1.0695157107E-5
1.8738466315E-5
2.3224658798E-5
1.5703740064E-5
2.2762035950E-5
1.3415387366E-5
2.3380375932E-5
2.2206013090E-5
1.7578585539E-5
2.4694716558E-6
2.4346238933E-5
1.3061182108E-5
1.9410206005E-5
1.9221031107E-5
2.6653148233E-5
1.8564611673E-5
1.2256659102E-5
1.3092381414E-5
8.1425416284E-6
1.3758230489E-5
1.1246628128E-5
2.4120078887E-5
3.0080170835E-5
2.2791698575E-5
1.9863410853E-5
2.1074363030E-5
1.7097615637E-5
1.2511468958E-5
-3.3391057514E-6
8.7870284914E-8
9.3686394395E-6
2.0889320876E-5
2.5813549291E-5
2.6786269154E-5
1.9492488354E-5
1.5352596529E-5
5.4957461544E-6
1.3947929256E-5
9.3157868833E-6
2.1912506781E-5
1.0659743566E-5
8.7873195299E-6
1.0850315448E-5
2.1771877072E-5
1.7152144574E-5
2.4195108562E-5
1.2103084009E-5
1.3629649766E-5
5.5701821112E-6
1.3241416309E-5
1.1832953896E-5
7.5086019934E-6
1.6985298134E-5
7.8114797363E-6
2.0464090630E-5
2.2602023090E-5
1.8828583415E-5
2.7668243273E-5
2.1410593763E-5
1.4036509674E-5
1.8126633950E-5
1.4008372091E-6
1.9137782510E-5
1.6904994845E-5
1.2883555610E-5
3.7211179732E-5
4.0111655834E-5
1.7390272114E-5
2.4414062500E-5
-3.8500444498E-5
-8.6730578911E-7
3.0124350450E-5
2.7483678422E-5
3.7111854180E-5
3.0491640791E-5
1.7125322483E-5
1.0392861441E-5
5.1175709815E-6
3.5638920963E-6
8.2890037448E-6
1.7468421720E-5
1.2688303832E-5
2.1012441721E-5
1.3787718490E-5
2.0560878329E-5
2.0097044762E-5
3.5855569876E-6
1.8008518964E-6
8.6925341748E-6
6.6243112088E-6
9.9220662378E-6
2.8619158547E-5
1.5995826106E-5
1.4797120821E-5
1.7599458806E-5
1.8327101134E-5
1.5329115558E-5
1.0709511116E-5
8.9861685411E-6
2.2241624538E-5
1.2397323735E-5
1.8519687001E-5
1.8339313101E-5
1.2280140072E-5
1.1277152225E-5
1.6636890359E-5
1.5776255168E-5
1.2832239736E-5
1.2535031419E-5
2.0339095499E-5
1.1176196858E-5
9.6080359072E-6
7.3250499555E-6
2.1498277783E-5
1.9347493071E-5
2.2183416876E-5
1.6337761190E-5
1.6700301785E-5
2.7474574744E-5
1.3660988770E-5
1.4759600163E-5
6.9903908298E-6
1.4795921743E-5
2.3090955801E-5
1.0527519044E-5
2.1775544155E-5
1.9839336164E-5
2.0692031830E-5
1.9170006271E-5
8.1946956926E-6
2.0748353563E-6
7.8021199443E-6
1.9021937623E-5
1.1102762073E-5
1.2662936933E-5
1.8894637469E-5
1.4436908532E-5
2.1273095626E-5
1.5202024952E-5
1.4519994147E-5
1.5316752251E-5
1.2870330829E-5
1.3786659110E-5
1.4645175543E-5
1.9017758313E-5
1.1761952192E-5
1.2421794236E-5
1.1428445578E-5
2.3704872000E-5
9.9319731817E-6
7.2406372057E-6
1.7368025146E-5
1.1977029499E-5
1.8442654982E-5
1.6329553909E-5
1.6755925026E-5
1.3610639144E-5
1.6847567167E-5
2.1392107010E-5
1.5882321168E-5
3.5572797060E-6
1.6563269310E-5
1.9313418306E-5
1.0193546768E-5
2.6074529159E-5
2.2418959997E-5
1.7947237938E-5
2.0481506362E-5
1.2010510545E-5
1.4190073125E-5
1.5707802959E-5
1.7696304712E-5
1.1869834270E-5
2.1837512031E-5
1.4475255739E-5
8.1384321676E-6
1.3967452105E-5
9.9864439108E-6
1.8412864301E-5
1.5543552581E-5
1.3955903705E-5
1.0841048788E-5
2.0832708105E-5
1.6640697140E-5
1.4987401664E-5
1.1445651762E-5
1.5352736227E-5
1.1398165952E-5
1.6562314704E-5
1.2454390526E-5
1.9300484564E-5
1.7024751287E-5
1.1121935677E-5
1.8812657800E-5
1.0764785111E-5
9.7566866317E-6
1.0592059698E-5
1.2793636415E-5
1.5177123714E-5
1.9756599795E-5
1.8552877009E-5
1.3429950923E-5
1.1898111552E-5
1.5864043962E-5
1.0177225340E-5
1.8262304366E-5
1.5222013462E-5
2.1500734146E-5
1.9482581410E-5
1.3654434588E-5
1.6015290748E-5
2.0172854419E-5
1.4426629059E-5
1.6376900021E-5
8.6753279903E-6
1.0006118100E-5
1.4508562163E-5
1.7936201766E-5
1.8077669665E-5
6.8718800322E-6
2.3021083325E-5
3.1630124430E-5
1.8289871514E-5
1.0579288937E-5
1.3909908012E-5
1.5609979164E-5
1.6844761558E-5
1.5251408331E-5
1.9273976795E-5
1.7783115618E-5
2.3849657736E-5
2.3902731481E-5
1.7951068003E-5
1.4193623792E-5
1.0008329991E-5
1.4163064770E-5
1.1213030666E-5
1.1175370310E-5
2.1323538385E-5
1.4535081573E-5
1.9024836365E-5
1.9361160230E-5
1.8623063806E-5
1.3654632494E-5
8.6622778327E-6
1.0394479614E-5
2.2941967471E-7
1.0804180056E-5
7.9762306996E-6
3.1764118466E-5
4.4729537331E-5
3.0157295986E-5
-2.3176334798E-5
-8.1721227619E-7
4.6756584198E-6
1.9233429339E-5
2.4089240469E-5
1.8838618416E-5
1.9479077309E-5
1.8474960234E-5
8.6857820862E-6
1.4271319378E-5
1.6813608818E-5
1.8480315339E-5
5.7423952967E-6
1.0999210645E-5
2.0446861162E-5
3.1512870918E-5
9.9398312159E-6
1.2780725956E-5
1.4345289674E-5
1.5166809317E-5
1.0622455739E-5
1.0645412840E-5
2.3840239737E-5
1.5688431449E-5
7.4056093582E-6
8.4290164524E-6
1.2685754336E-5
3.7120073102E-6
6.4965104684E-6
1.7309142276E-5
2.2188411094E-5
1.4519807883E-5
2.3045029956E-5
2.9583449941E-5
2.0373775623E-5
1.9813026301E-5
1.2600782793E-5
1.7902068794E-5
1.4096300583E-5
2.0975072402E-5
1.7314101569E-5
1.3504573144E-5
2.4893123190E-5
1.8626265228E-5
1.5680247452E-5
1.9730767235E-5
1.4802580699E-5
1.2240500655E-5
1.0341720190E-5
1.1698435992E-5
1.8607277889E-5
1.8215796444E-5
1.0940164793E-5
1.5210919082E-5
1.5503261238E-5
7.8168930487E-6
4.6597444452E-6
2.5396002456E-6
1.4079187531E-5
1.8924672622E-5
1.1801160872E-5
1.8598290626E-5
2.1658022888E-5
2.3962452541E-5
1.6009772662E-5
7.0821377449E-6
9.3545066194E-6
1.2964045163E-5
2.1261465736E-5
1.2224994134E-5
2.1546613425E-5
2.1824322175E-5
1.6596890054E-5
1.5744671691E-5
1.8364470452E-5
1.5653157607E-5
1.1175847612E-5
4.5977765695E-6
-3.7080259062E-6
1.2802449055E-5
2.0003877580E-5
2.1871749777E-5
2.3622019216E-5
1.9906379748E-5
1.8298963550E-5
9.8052201792E-6
9.6461735666E-6
1.3840850443E-5
1.8390885088E-5
1.9431486726E-5
2.4050415959E-5
2.0356953609E-5
8.3250226453E-6
1.7949216999E-5
2.6754464488E-5
1.8884707242E-5
1.9785435870E-5
1.8190569244E-5
1.2699689250E-5
1.7079093959E-5
5.9444573708E-6
1.0479043704E-5
1.5274842735E-5
1.6175548080E-5
1.6863597557E-5
2.4454854428E-5
2.3815629538E-5
1.7294881400E-5
1.0474817827E-5
1.8913298845E-5
1.1898425873E-5
9.2727481389E-6
6.0701626354E-6
2.1969794761E-5
1.9880302716E-5
1.6698893160E-5
1.9156513735E-5
2.0255160052E-5
1.7021526582E-5
1.0652595665E-5
9.8426127807E-6
1.2577627786E-5
2.2838974837E-5
3.7617364432E-5
5.0571106840E-5
1.2648338452E-5
-5.8974372224E-6
-9.3758222647E-6
-6.3920160756E-6
1.2633355800E-5
2.2336782422E-5
2.4105084594E-5
1.9060610793E-5
2.5795679539E-5
2.0280480384E-5
1.5494995751E-5
2.4159206077E-6
5.4256524889E-7
3.8075260818E-6
1.1691148393E-5
1.8421525601E-5
1.9025953952E-5
1.7098523676E-5
2.4803320411E-5
2.1977233700E-5
1.9173021428E-5
1.6118574422E-5
1.6932492144E-5
1.7769623082E-5
1.2475007679E-5
2.0664592739E-5
1.4143111184E-5
2.0474195480E-5
1.6255781520E-5
2.0068592857E-5
1.3694795780E-5
2.0462600514E-5
8.9452136309E-6
2.1196412853E-5
3.9136735723E-6
1.4513300266E-5
1.2211897410E-5
1.8468999769E-5
1.3854517602E-5
1.7621798906E-5
1.7142109573E-5
1.8691574223E-5
7.8213983216E-6
1.8875033129E-5
2.3858924396E-5
1.5401479322E-5
1.8217077013E-5
7.9624354841E-6
1.7883966211E-5
1.7051794566E-5
1.6636168584E-5
1.1473754421E-5
2.1406006999E-5
1.8965988420E-5
1.5354808420E-5
4.3213949539E-6
1.6477413010E-5
1.2463890016E-5
1.1423020624E-5
1.7737259623E-5
1.4121423010E-5
2.4408753961E-5
2.1012080833E-5
8.3183287644E-6
1.5861494467E-5
1.0581407696E-5
9.4665330835E-6
1.6475736629E-5
1.5246856492E-5
1.0338670109E-5
1.3807218056E-5
1.7091701738E-5
1.0438100435E-5
2.1012232173E-5
1.6453687567E-5
1.8800119869E-5
1.2272445019E-5
2.2818741854E-5
1.6890070401E-5
1.2409174815E-5
1.8168694805E-5
1.2667779811E-5
1.1559680570E-5
1.9488076214E-5
7.0909853094E-6
1.5339301899E-5
1.8006365280E-5
1.3910850976E-5
5.7793338783E-6
1.2991589028E-5
1.4601578005E-5
1.2409652118E-5
1.4434929472E-5
6.1722239480E-6
1.3465422671E-5
1.4995294623E-5
1.7436023336E-5
1.1815782636E-5
2.2117840126E-5
1.2033269741E-5
1.8429115880E-5
1.6656483058E-5
2.2284511942E-5
2.6219792198E-5
2.0404206588E-5
1.3159366790E-5
1.6014033463E-5
8.7548629381E-6
1.5010556672E-5
1.1943664868E-5
1.2269348372E-5
8.7003107184E-6
1.3508473057E-5
1.1918612290E-5
1.4907238074E-5
6.6367094406E-6
1.5367730521E-5
1.1092331260E-5
1.7898809165E-5
1.5353213530E-5
8.9260633104E-6
1.3242103159E-5
2.0308967214E-5
1.5055795666E-5
1.2843124569E-5
2.4862133431E-5
1.6228714958E-5
1.3738777488E-5
9.2389178463E-6
7.0876325482E-6
2.1574017591E-5
2.3560610134E-5
1.1372461449E-5
1.7552974168E-5
-5.4597621785E-7
2.0949146710E-5
1.6840081662E-5
1.6077794135E-5
6.0066580772E-6
1.1410971638E-5
1.1442031246E-5
1.6544596292E-5
1.7827667761E-5
9.4156479464E-6
1.2149650138E-5
1.8312898464E-5
1.2745475397E-5
1.1229328811E-5
1.6338692512E-5
1.7365871463E-5
6.0885446147E-6
2.2438145242E-5
1.4486268628E-5
1.0256934911E-5
2.1669873968E-5
2.9126822482E-5
1.0993413162E-5
8.6699379609E-6
1.1353474110E-5
1.2157449964E-5
2.0287290681E-5
1.9980745855E-5
1.8137565348E-5
2.2435910068E-6
2.0450889132E-5
1.4600553550E-5
7.2472961620E-6
1.0227877647E-5
1.0686891619E-5
2.3014668841E-5
1.6211066395E-5
1.5308638103E-5
1.8920225557E-5
1.2582924683E-5
2.6531540788E-5
2.3994885850E-5
1.7537223175E-5
1.9357074052E-5
1.6708520707E-5
3.9285980165E-6
-1.0114395991E-6
-1.7416430637E-6
9.3462294900E-6
4.4688407798E-5
6.9774803706E-5
5.7424651459E-6
-2.0443496760E-5
-1.7034122720E-6
1.7916003708E-5
1.6341789160E-5
1.4765257947E-5
2.5087699759E-5
1.6014941502E-5
1.7854932230E-5
1.3536727056E-5
1.9338878337E-5
1.6411847900E-5
2.0441610831E-5
1.9520369824E-5
1.0492128786E-5
2.0534847863E-5
4.3426407501E-6
8.8730361313E-6
1.6113661695E-5
9.6380594187E-6
1.0722235311E-5
1.9461172633E-5
1.1183659081E-5
1.4747760724E-5
7.8281969764E-6
7.8547396698E-6
1.7860159278E-5
2.0142260473E-5
1.6879825853E-5
1.8483249005E-5
1.3400358148E-5
9.6082221718E-6
1.6744888853E-5
1.8096785061E-5
1.6529485583E-5
1.4819600619E-5
1.8161104526E-5
2.7738034259E-5
1.3899768237E-5
1.7884536646E-5
1.2696441263E-5
9.9473632872E-6
1.4873931650E-5
2.1954649128E-5
1.3271905482E-5
4.2426167056E-6
1.5395262744E-5
1.5522306785E-5
2.1207612007E-5
1.9125163089E-5
2.3869518190E-5
2.0285171922E-5
1.4484394342E-5
2.5466782972E-5
2.4131825193E-5
1.4411460143E-5
1.2177345343E-5
1.1275615543E-5
1.0159751400E-5
1.8494471442E-5
1.9547459669E-5
2.1575135178E-5
1.5528069343E-5
2.2384524345E-5
1.5988596715E-5
2.1465122700E-5
1.8569512758E-5
1.3426679652E-5
4.4317333959E-6
1.0893342551E-5
1.6003765631E-5
1.5430350322E-5
1.9639928359E-5
2.3305497597E-5
1.7700192984E-5
1.1944992002E-5
8.0534606241E-6
9.5872674138E-6
1.5754427295E-5
1.2843229342E-5
2.4401862174E-5
2.8629763982E-5
1.4134857338E-5
1.6211473849E-5
1.5414832160E-5
2.1588511299E-5
1.6438821331E-5
5.0453003496E-6
1.8653634470E-5
1.2302130927E-5
1.0425841902E-5
1.2704124674E-5
1.4282390475E-5
1.5805324074E-5
2.0312715787E-5
8.9737237432E-6
1.8949958030E-5
2.1628709510E-5
1.9066140521E-5
1.0726018809E-5
8.3822291345E-6
4.0981569327E-6
7.7219679952E-6
1.8495949916E-5
1.8870411441E-5
1.5447277110E-5
2.0172004588E-5
6.4428430051E-6
2.5587552226E-5
1.7385871615E-5
8.8960281573E-6
1.3413780835E-5
2.0663288887E-5
2.1271535661E-5
1.0886765085E-5
1.9706191960E-5
1.1315289885E-5
1.8656125758E-5
1.5047681518E-5
1.0092603043E-5
7.6991273091E-6
1.3846810907E-5
2.4304364342E-5
3.8153759669E-5
3.2600504345E-5
2.7254573069E-5
1.3836123981E-5
-2.5401823236E-8
6.8080727943E-6
6.2403618358E-6
9.2968693936E-6
1.2191827409E-5
2.4037226102E-5
2.9855349566E-5
2.5143392849E-5
2.2572674788E-5
2.2315897512E-5
1.6659591347E-5
2.4414062500E-5
1.4073052444E-5
1.4193402603E-5
8.6962478236E-6
1.6013835557E-5
1.9657064695E-5
1.5736429486E-5
1.5867978800E-5
1.6550230794E-5
1.2959563173E-5
2.0123366266E-5
1.1161563452E-5
8.6166197435E-6
3.6527519114E-6
1.3251544442E-5
2.1508312784E-5
9.9794357085E-6
2.1429033950E-5
1.6860733740E-5
1.8908455968E-5
2.5535980239E-5
9.2488829979E-6
1.3147504069E-5
2.5347992777E-5
9.1541907750E-6
1.1306954548E-5
1.6792723909E-5
1.6817438882E-5
9.7118550912E-6
1.4471763279E-5
1.3280368876E-5
5.4452684708E-6
1.4445628040E-5
1.8185202498E-5
8.7437685580E-6
9.9175958895E-6
1.5276996419E-5
1.0477728210E-5
1.4596071560E-5
1.8787290901E-5
3.3166259527E-6
1.9108643755E-5
1.0478019249E-5
1.6702455468E-5
1.5359325334E-5
1.8473446835E-5
1.3216491789E-5
1.4681962784E-5
1.3931409922E-5
1.5641923528E-5
2.4882249999E-5
1.2182560749E-5
9.8967691885E-6
1.4267803635E-5
1.4415243641E-5
1.5319604427E-5
2.0903535187E-5
1.5218008775E-5
1.6698229592E-5
1.7171679065E-5
1.5458732378E-5
1.7401436344E-5
1.3158516958E-5
1.3684842270E-5
1.8297217320E-5
2.2226013243E-5
1.3265328016E-5
1.6926531680E-5
1.5278626233E-5
1.4111434575E-5
1.7434486654E-5
5.0243223086E-6
1.6159750521E-5
1.2556079310E-5
2.2100913338E-5
1.5589757822E-5
9.2627480627E-6
2.1941354498E-5
1.7051130999E-5
1.7541216221E-5
8.8136876002E-6
1.0251777712E-5
1.3538624626E-5
9.9485390820E-6
1.9191834144E-5
2.5993003509E-5
7.3830364273E-6
1.6871257685E-5
1.6569450963E-5
1.3126351405E-5
1.7974118236E-5
7.2440481745E-6
1.7460947856E-5
1.2618827168E-5
8.7252934464E-6
1.5186832752E-5
1.8101430032E-5
1.4756224118E-5
2.1619431208E-5
2.1894986275E-5
1.9894528668E-5
2.6628503109E-5
4.8275687732E-6
1.9840744789E-5
9.0958783403E-6
1.0570907034E-5
1.1617993005E-5
9.2898961157E-6
6.3363811933E-6
1.7573242076E-5
1.7484626733E-5
2.0957738161E-5
2.1206797100E-5
1.8837093375E-5
1.2102886103E-5
1.1096231174E-5
1.2844055891E-5
1.4356931206E-5
1.3899547048E-5
1.4634209219E-5
1.3886892702E-5
1.5292386524E-5
1.9645574503E-5
2.0575697999E-5
5.8598583565E-6
2.1698803175E-5
1.6381707974E-5
1.4380947687E-5
1.1925597210E-5
2.0994199440E-5
1.3141799718E-5
1.4502671547E-5
1.8516194541E-5
1.4168012422E-5
1.4109688345E-5
1.4397758059E-5
1.1350691784E-5
7.4692652561E-6
1.6292929649E-5
1.2918724679E-6
9.0772868135E-6
1.9922910724E-5
2.0103261340E-5
1.6329938080E-5
1.8645625096E-5
1.8563412595E-5
1.0081008077E-5
1.3912690338E-5
1.4233379625E-5
1.0638008826E-5
8.9701032267E-6
4.4569722377E-6
1.7633091192E-5
2.2568495478E-5
2.1500082221E-5
2.2912281565E-5
4.8018060624E-6
1.0976300109E-5
7.8456476331E-6
8.4096216597E-6
2.1227751858E-6
1.0464387015E-5
1.4421134256E-5
2.7047027833E-5
2.6743474881E-5
2.7592747937E-5
1.7143797595E-5
2.4966546335E-6
-1.5308591537E-5
-5.3065596148E-6
4.7079718206E-5
5.7895353530E-5
1.4602567535E-5
5.4614269175E-6
-1.6386620701E-6
2.9819901101E-6
1.1311692651E-5
1.3712851796E-5
8.3077582532E-6
2.0237953868E-5
1.7714686692E-5
1.9089982379E-5
1.7722451594E-5
2.7076574042E-6
7.1508344263E-6
1.5660363715E-5
1.2801995035E-5
1.5597592574E-5
8.8188215159E-6
1.0328670032E-5
1.5999015886E-5
6.2283710578E-6
1.7387187108E-5
2.4972087703E-5
2.2302253637E-5
3.2675499096E-5
1.7714523710E-5
1.5849515330E-5
1.0622025002E-5
1.5004212037E-5
9.5072318800E-6
1.8772203475E-5
1.8338591326E-5
1.2291781604E-5
1.3591127936E-5
1.3212673366E-5
1.8379488028E-5
1.8067331984E-5
1.7606501933E-5
2.5200832169E-5
2.0980974659E-5
8.9172739537E-6
1.9209750462E-5
1.3174826745E-5
1.0321009904E-5
1.1572253425E-5
2.5595899205E-5
1.2910307851E-5
1.8127716612E-5
1.3308052439E-5
1.7998483963E-5
7.0602167398E-6
9.1030378827E-6
1.4760007616E-5
1.6919069458E-5
1.3690628111E-5
1.5566800721E-5
3.0311779118E-5
7.5700925664E-6
1.3910687994E-5
1.6080576461E-5
7.9504563475E-6
1.4827575069E-5
1.7835490871E-5
7.3481700384E-6
1.7172773369E-5
1.2922822498E-5
2.7107447385E-5
1.4361378271E-5
1.7385743558E-5
1.1085369624E-5
4.6007451602E-6
-2.7026049793E-6
1.5653017908E-5
2.0213588141E-5
2.4006282910E-5
2.1412398200E-5
9.5761497505E-6
1.0150775779E-5
5.7609402575E-6
1.2365588918E-5
8.2814251074E-6
1.2176169548E-5
2.0862463861E-5
1.7853139434E-5
1.7646187916E-5
1.6122090165E-5
1.5607487876E-5
8.3918799647E-6
1.8153782002E-5
1.7849844880E-5
2.3484928533E-5
1.6430148389E-5
1.7313915305E-5
1.4394382015E-5
1.4253123663E-5
1.0581500828E-5
1.8569536041E-5
1.1925539002E-5
1.6939209308E-5
2.3911497555E-5
1.7927039880E-5
1.0370090604E-5
-2.9342132621E-6
1.8521491438E-5
1.5827571042E-5
1.7698167357E-5
1.9154418260E-5
7.7684642748E-6
1.0184478015E-5
8.1306439825E-6
2.7218367904E-6
1.5447917394E-5
7.5473915786E-6
9.7216339782E-6
1.4723790810E-5
1.0930036660E-5
1.6255490482E-5
2.0186707843E-5
2.2526271641E-5
2.2231379989E-5
1.3883109205E-5
5.5238255300E-6
-4.4757849537E-6
1.6495375894E-5
2.2003916092E-5
2.9967015142E-5
2.7407542801E-5
2.1290348377E-5
1.6567111015E-5
1.0873144493E-5
1.4832685702E-5
9.8832184450E-6
7.5690913946E-6
1.3174582273E-5
1.9778986461E-5
1.0500918143E-5
2.2097944747E-5
2.7304037939E-5
1.1898193043E-5
1.3783574104E-5
8.8798697107E-6
1.3336096890E-5
5.7565281168E-6
8.9852837846E-6
1.8619012553E-5
2.8270075562E-5
1.2877758127E-5
7.1676913649E-6
1.6213208437E-5
1.5455263201E-5
1.4345324598E-5
1.7378292977E-5
1.0440207552E-5
1.4043133706E-5
7.7485921793E-6
1.9133719616E-5
2.0454602781E-5
1.7951114569E-5
1.6191834584E-5
1.8511700909E-5
1.4462869149E-5
1.0453956202E-5
1.6103358939E-5
1.3905379455E-5
6.3531566412E-6
1.2698594947E-5
1.5959539451E-5
1.5115411952E-5
1.8981983885E-5
2.0273565314E-5
1.3763981406E-5
1.2749794405E-5
1.7761159688E-5
1.7053261399E-5
1.4274509158E-5
1.7358316109E-5
2.0142504945E-5
1.1597131379E-5
1.5727197751E-5
1.9304757006E-5
1.3475108426E-5
1.0646472219E-5
1.2340699323E-5
1.0266422760E-5
1.3732584193E-5
1.8021638971E-5
1.5997060109E-5
1.7310481053E-5
1.9675528165E-5
1.9286735914E-5
1.4325091615E-5
1.6824121121E-5
4.9008056522E-6
1.8016202375E-5
7.1960734204E-6
1.3902026694E-5
9.5825642348E-6
1.2226577383E-5
1.6047083773E-5
1.7292029224E-5
1.7905875575E-5
1.4404242393E-5
8.9392764495E-6
1.6618240625E-5
1.5926407650E-5
9.0316636488E-6
2.1515833214E-5
1.9878894090E-5
1.4647236094E-5
1.6409577802E-5
1.7877994105E-5
1.7512275371E-5
1.7259817105E-5
1.4609273058E-5
1.1636212003E-5
2.3597024846E-5
1.7604522873E-5
1.4072644990E-5
1.6513280570E-5
1.9351427909E-5
1.3666262385E-5
1.2559385505E-5
1.7487141303E-5
1.0040192865E-5
6.6045671702E-6
1.9180390518E-5
1.3802223839E-5
2.4973135441E-5
1.2814893853E-5
9.2529575341E-6
2.4500780273E-5
-2.0439038054E-7
1.5858211555E-5
1.6797741409E-5
7.3152477854E-6
9.5386873000E-6
1.0955682956E-5
1.8083327450E-5
2.3201468866E-5
2.2522895596E-5
1.4606898185E-5
1.6619532835E-5
2.5377399287E-5
1.3360672165E-5
8.7547232397E-6
1.4854921028E-5
1.4515558723E-5
1.0181043763E-5
1.3248366304E-5
2.2955716122E-5
1.7021875828E-5
2.4016352835E-5
1.6545969993E-5
1.6279960982E-5
1.1846644338E-5
9.7591662780E-6
1.4067883603E-5
1.9269750919E-5
1.4995061792E-5
1.0817416478E-5
1.6318866983E-5
1.6019656323E-5
1.1763907969E-5
2.0990194753E-5
2.2087083198E-5
1.8477218691E-5
1.3615225907E-5
7.2376686149E-6
1.0697718244E-5
2.0812696311E-5
3.1222018878E-5
1.9577390048E-5
1.0055699386E-5
1.4595827088E-5
1.0348111391E-5
1.6315269750E-5
1.6980362125E-5
2.0845455583E-5
8.3231250756E-6
8.3801802249E-6
5.9841433540E-6
8.9013716207E-6
2.0744162611E-5
1.9526795950E-5
1.9481894560E-5
1.1308433022E-5
9.3212001957E-6
9.1864261777E-6
1.4867936261E-5
9.4710849226E-6
1.4763290528E-5
2.1907384507E-5
2.3249885998E-5
2.8517027385E-5
1.8236413598E-5
1.8552702386E-5
1.8262281082E-5
1.1528981850E-5
5.9912097641E-6
1.6891991254E-5
1.2000394054E-5
1.5890039504E-5
2.3787131067E-5
3.4103321377E-5
5.3804495838E-5
3.7107721436E-5
-2.4064525496E-5
-3.9204710629E-5
1.7105892766E-5
3.1275686341E-5
3.1446130014E-5
2.6948400773E-5
2.5514082517E-5
1.4699681196E-5
3.4882454202E-6
6.3370796852E-6
1.0756135453E-5
1.1919648387E-5
1.6317411791E-5
1.4185695909E-5
1.1007231660E-5
2.5023147463E-5
1.9157119095E-5
1.6245408915E-5
1.3987580314E-5
8.9684035630E-6
1.5985884238E-5
1.6503548250E-5
6.2717474066E-6
2.1957943681E-5
1.8644530792E-5
6.4147403464E-6
2.2481649648E-5
9.9579920062E-6
9.8687829451E-6
2.1666544489E-5
9.6257892438E-6
1.6791687813E-5
1.3288902119E-5
1.5598291066E-5
1.4628539793E-5
2.1755136549E-5
5.6284363382E-6
1.8470338545E-5
1.0183348786E-5
2.3563066497E-5
1.9744981546E-5
2.0647095516E-5
1.2885860633E-5
1.9896996673E-5
1.0935752653E-5
1.5633914154E-5
1.3898825273E-5
2.2971350699E-5
9.0349349194E-6
1.8942635506E-5
1.9459240138E-5
1.0927242693E-5
1.6330438666E-5
1.6364362091E-5
1.6007677186E-5
2.0604510791E-5
2.0594731904E-5
5.7012890466E-6
2.2797868587E-5
1.8698617350E-5
1.6267097089E-5
1.4055101201E-5
1.5435239766E-5
1.0096014012E-5
9.2354719528E-6
1.8113118131E-5
1.2888200581E-5
4.3929205276E-6
1.0343780741E-5
1.6161333770E-5
2.0963547285E-5
2.4911167565E-5
9.0572284535E-6
4.3140724301E-6
1.1094880756E-5
1.9419146702E-5
1.4354067389E-5
1.2477952987E-5
1.6144732945E-5
2.0224985201E-5
2.3418024647E-5
1.6421487089E-5
2.5938439648E-5
2.3770506959E-5
7.8023411334E-6
2.2091343999E-5
2.3502041585E-5
2.2687565069E-5
6.4067076892E-6
9.3806767837E-6
1.2696662452E-5
1.4414347243E-5
1.3225909788E-5
1.9904901273E-5
1.2777035590E-5
1.2187985703E-5
2.5053159334E-6
5.6454678998E-6
1.5737360809E-5
1.3518473134E-5
1.5065039042E-5
2.0747224334E-5
2.2828835062E-5
1.4928157907E-5
1.0840769392E-5
1.5265622642E-5
9.1642839835E-6
2.7057062834E-5
1.2705370318E-5
1.7406442202E-5
1.8411607016E-5
2.1586718503E-5
8.7763881312E-6
1.8679606728E-5
1.3177818619E-5
1.6917719040E-5
2.1483190357E-5
1.8197880126E-5
1.8018274568E-5
9.3921902590E-6
7.7252159827E-6
1.0959291831E-5
1.6409123782E-5
2.8631591703E-5
4.7603866551E-5
2.4037016555E-5
-2.4280045182E-6
-9.8041607998E-6
5.1446259022E-6
1.2097368017E-5
2.8390611987E-5
2.9649294446E-5
2.2065709345E-5
2.3110839538E-5
2.1854927763E-5
1.0094570462E-5
1.0734784882E-5
5.6779128500E-6
8.3628809080E-6
1.5145784710E-5
1.7469294835E-5
1.7685827333E-5
2.2312183864E-5
9.6681527795E-6
1.4270306565E-5
6.0151796789E-6
1.6322080046E-5
1.1012179311E-5
1.6163068358E-5
9.6052535811E-6
1.6498158220E-5
1.9979791250E-5
2.3961765691E-5
2.4448800831E-5
1.2914149556E-5
8.1755337306E-6
9.5298863016E-6
1.0644376744E-5
2.2581894882E-6
1.0832748376E-5
2.2295571397E-5
2.5671476032E-5
2.3911916650E-5
1.8582178745E-5
1.9440485630E-5
1.4147826005E-5
1.8983765039E-5
1.1679180898E-5
1.4545151498E-5
1.4258979354E-5
8.2881073468E-6
1.8711131997E-5
1.7972383648E-5
1.6821979079E-5
1.7884850968E-5
1.3141345698E-5
1.5519000590E-5
8.2576996648E-6
1.1548341718E-5
1.8780177924E-5
2.4419859982E-5
6.6077685916E-6
1.5181337949E-5
1.4712312259E-5
9.5288851300E-6
1.7859018408E-5
2.5424559135E-5
1.5298824292E-5
1.0430684779E-5
1.5423202422E-5
1.4175137039E-5
2.0078849047E-5
1.8073909450E-5
1.6364268959E-5
2.4574121925E-5
2.6343541685E-5
8.8960630820E-6
1.2464763131E-5
2.0351388957E-5
1.8703436945E-5
1.0604155250E-5
1.9681872800E-5
9.9978526124E-6
1.9084743690E-5
1.4893000480E-5
1.2905360200E-5
1.9238796085E-5
1.8816324882E-5
2.0873593166E-5
2.7397193480E-5
1.8213049043E-5
9.0243527666E-6
1.6545411199E-5
1.1978042312E-5
1.6088085249E-5
1.5386752784E-5
1.3540009968E-5
7.9811201432E-6
9.7691081465E-6
2.2014440037E-5
1.4587969054E-5
1.9046710804E-5
1.4346675016E-5
1.4975690283E-5
1.9411824178E-5
2.1264317911E-5
1.1026894208E-5
2.4408812168E-5
2.4414062500E-5
1.8427986651E-5
1.8217344768E-5
1.5715113841E-5
1.3839593157E-5
1.5964347403E-5
4.5427586883E-6
1.4640227892E-5
1.3827777002E-5
2.4348986334E-5
1.2557290029E-5
1.7426314298E-5
5.7333847508E-6
3.2614567317E-6
1.1727458332E-5
2.1496263798E-5
1.8135248683E-5
1.4935876243E-5
1.6595062334E-5
2.5769881904E-5
1.6485177912E-5
1.1155102402E-5
1.4075997751E-5
9.0007088148E-6
1.2375344522E-5
1.6248202883E-5
1.9232719205E-5
2.3936538491E-5
1.9117607735E-5
1.4763907529E-5
2.5392288807E-5
1.6839778982E-5
1.6874633729E-5
1.5913369134E-5
1.2959307060E-5
6.3512939960E-6
9.6024712549E-6
1.3252382632E-5
6.0763326474E-6
1.1876178905E-5
2.2628426086E-5
1.8324039411E-5
1.6286608297E-5
9.7802025266E-6
6.7479442806E-6
1.9934226293E-5
1.6233010683E-5
2.4128705263E-5
2.8024741914E-5
1.5440664720E-5
2.7604564092E-5
1.2028310448E-5
1.3074360322E-5
1.7150409985E-5
1.7464300617E-5
3.7472927944E-7
1.4726584777E-5
1.7674837727E-5
6.7672226578E-6
1.6327027697E-5
2.2993539459E-5
1.7345719971E-5
2.4877768009E-5
1.1587119661E-5
7.7353557572E-6
5.2765128203E-6
1.3785355259E-5
9.5507246443E-6
1.3005977962E-5
1.7059163656E-5
2.9129674657E-5
3.1334569211E-5
2.6079756207E-5
2.1543866023E-5
9.6076750197E-6
4.7101755626E-6
-5.5290292948E-6
-1.2151023839E-5
3.6002648994E-5
7.4145628607E-5
2.3847271222E-5
-7.3349219747E-6
-9.7898882814E-6
-8.3055230789E-6
2.1357706282E-5
2.6289490051E-5
2.8083694632E-5
2.8689228929E-5
2.3117335513E-5
1.8633948639E-5
8.5085164756E-6
1.5739107039E-5
1.1921196710E-5
1.7275160644E-5
8.6415442639E-6
1.1801952496E-5
1.5325855929E-5
1.2504064944E-5
1.2689875439E-5
1.6330275684E-5
1.6745971516E-5
1.6453617718E-5
1.9576144404E-5
1.4830194414E-5
1.5466113109E-5
1.4714431018E-5
1.4504604042E-5
1.2495007832E-5
1.6467040405E-5
1.8254818860E-5
1.4993525110E-5
1.7312099226E-5
1.7255928833E-5
1.7928145826E-5
1.1753593572E-5
1.4033727348E-5
1.4589191414E-5
4.2765866965E-6
1.1128361803E-5
6.0178106652E-6
1.1481356341E-5
2.1683238447E-5
1.3459927868E-5
1.7146905884E-5
2.6625324971E-5
1.9750895444E-5
9.0389861726E-6
1.0920385830E-5
1.0012986604E-5
1.6684609000E-5
1.1625862680E-5
2.3493019398E-5
1.3726961333E-5
1.9454990979E-5
1.1016463395E-5
1.8389697652E-5
1.6101845540E-5
2.0144542213E-5
1.3583572581E-5
3.8681202568E-6
1.4905806165E-5
1.1397886556E-5
1.6162428073E-5
2.3952301126E-5
2.4105119518E-5
1.4094822109E-5
2.3192260414E-5
1.5258241911E-5
1.2467731722E-5
9.4321905636E-6
1.6276969109E-5
1.8324702978E-5
1.6834086273E-5
1.0522408411E-5
1.7081177793E-5
1.1286116205E-5
1.3460812624E-5
1.5187379904E-5
1.0730861686E-5
1.1657725554E-5
2.2530858405E-5
1.8339406233E-5
1.5213701408E-5
2.7494784444E-5
1.6900687478E-5
1.9303581211E-5
1.7285498325E-5
2.4849071633E-5
1.9106571562E-5
8.8368891739E-6
1.5561538749E-5
1.5461083967E-5
1.9091519061E-5
1.2162595522E-5
1.9660242833E-5
1.9924982916E-5
1.7993245273E-5
1.9362359307E-5
7.6115247795E-6
-5.6577846410E-8
1.3139215298E-5
2.1605961956E-5
1.0810617823E-5
1.9201985560E-5
1.5209533740E-5
2.5614502373E-5
1.4662521426E-5
2.1102814935E-5
1.7685245257E-5
3.6846613512E-6
7.2268652731E-6
2.2649497259E-5
1.5460001305E-5
1.9767542835E-5
1.0526087135E-5
1.5178229660E-5
1.0702654254E-5
1.4613836538E-5
1.7290771939E-5
9.0639921837E-6
1.3276899699E-5
1.3689813204E-5
1.4254800044E-5
1.1590868235E-5
8.2308310085E-6
1.5725987032E-5
2.0718318410E-5
4.9364008010E-5
4.3760205153E-5
-8.5570500233E-6
-9.1547495686E-6
2.4462235160E-6
1.1044181883E-5
2.1248054690E-5
2.2795284167E-5
2.2925657685E-5
1.6183219850E-5
1.9922247156E-5
1.4965084847E-5
7.7134463937E-6
1.4238653239E-5
9.3217473478E-6
1.6655900981E-5
1.2086972129E-5
1.5991367400E-5
2.4159322492E-5
1.4341063798E-5
1.1258921586E-5
1.9897019956E-5
1.4678540174E-5
1.4795456082E-5
1.1118338443E-5
7.4026407674E-6
1.3158924412E-5
1.8820911646E-5
1.7909682356E-5
1.6497331671E-5
1.8454447854E-5
9.4110728243E-6
1.1624384206E-5
1.0693829972E-5
1.3010366820E-5
7.8629236669E-6
1.3606017455E-5
8.4682018497E-6
1.8868327606E-5
1.9110506400E-5
1.5449267812E-5
3.1237641814E-5
1.0568008293E-5
1.8290872685E-5
1.4590250794E-5
2.4320697411E-5
8.8607892395E-6
1.5606370289E-5
6.6612497904E-6
1.4932639897E-5
1.8220639322E-5
1.8199183978E-5
1.8572306726E-5
1.5995069407E-5
1.6117224004E-5
1.2963893823E-5
1.1895445641E-5
1.5545613132E-5
2.0406476687E-5
5.0758128055E-6
1.2337160297E-5
1.3337435667E-5
1.6512267757E-5
1.0887696408E-5
1.5141826589E-5
9.0544461273E-6
2.0061177201E-5
1.2100941967E-5
1.2176949531E-5
2.0545790903E-5
1.1092319619E-5
1.9907136447E-5
1.1845387053E-5
2.2089132107E-5
1.6405119095E-5
1.9820034504E-5
1.4296011068E-5
1.2140849140E-5
1.5600514598E-5
1.8776836805E-5
2.1971343085E-5
9.6514588223E-6
1.1624663603E-5
1.7407024279E-5
1.7965026200E-5
1.7491343897E-5
9.7843352706E-6
9.4687915408E-6
2.5540171190E-5
1.6727484763E-5
1.8726114649E-5
1.8960784655E-5
1.8887803890E-5
1.2319197413E-5
1.8370815087E-5
1.0630639736E-5
1.9482127391E-5
1.0102172382E-5
7.4776588009E-6
1.6960653011E-5
1.1714245193E-5
1.8015934620E-5
1.1241505854E-5
1.6302382573E-5
1.4349340927E-5
1.9597867503E-5
1.6691093333E-5
1.3609055895E-5
1.2203713413E-5
2.4414062500E-5
1.5202397481E-5
1.5473796520E-5
2.0465999841E-5
2.1848455071E-5
1.6208179295E-5
1.1065788567E-5
2.0595337264E-5
1.1790264398E-5
1.1496804655E-5
1.7453928012E-5
1.4732533600E-5
1.7887924332E-5
1.5587965026E-5
2.7800980023E-5
1.2344866991E-5
1.6547273844E-5
1.4657399152E-5
9.8891207018E-6
1.5236728359E-5
9.4657181763E-6
4.9726455473E-6
2.1415983792E-5
1.7351435963E-5
1.6265513841E-5
1.2497906573E-5
1.6647321172E-5
2.6760541367E-5
2.3658084683E-5
1.2290664017E-5
1.2754963245E-5
1.9845413044E-5
1.7241993919E-5
1.9933888688E-5
2.0463892724E-5
1.5961669851E-5
2.2892619017E-5
2.1295098122E-5
2.1755159832E-5
1.9608577713E-5
1.6567937564E-5
1.0161323007E-5
9.5151597635E-6
8.9080655017E-6
1.1331273709E-5
1.8405448645E-5
2.1288462449E-5
8.4063154646E-6
1.3672420755E-5
1.1359981727E-5
1.8255936447E-5
1.0811351240E-5
1.4383497182E-5
1.9163882825E-5
2.4206587113E-5
3.0928466003E-5
2.0621845033E-5
2.7460651471E-5
2.1574657876E-5
1.3447750825E-5
7.0598791354E-6
5.9499172494E-6
7.5166695752E-6
8.5820560344E-6
8.1575941296E-6
3.6093324888E-5
5.3991226014E-5
3.3139856532E-5
-1.7761113122E-5
-4.5868626330E-5
-3.4207478168E-7
2.9279710724E-5
2.7107808273E-5
3.2835558522E-5
1.6915192828E-5
1.8017855473E-5
1.8959399313E-6
1.6616820358E-5
1.6254372895E-6
9.5458119177E-6
1.0660663247E-5
2.0503823179E-5
1.6943109222E-5
2.1466542966E-5
2.4718442000E-5
1.6560347285E-5
9.4053102658E-6
2.8944923542E-6
7.8694196420E-6
1.8693890888E-5
1.7887970898E-5
1.8684042152E-5
1.4627724886E-5
3.1483580824E-5
2.0675570704E-5
1.8432643264E-5
1.9912829157E-5
2.0728679374E-5
1.9015488215E-5
2.0644196775E-5
2.0198989659E-5
1.8207938410E-5
9.3900365756E-6
1.8222595099E-5
1.9211065955E-5
2.3996632080E-5
1.9947474356E-5
1.5617115423E-5
1.6010506079E-5
2.1811551414E-5
1.8100370653E-5
1.1981767602E-5
1.8640537746E-5
2.3758155293E-5
2.4197518359E-5
1.3502838556E-5
1.7682416364E-5
1.9114138558E-5
2.6662158779E-5
1.6928929835E-5
9.8493299448E-6
1.5784346033E-5
2.0037812646E-5
2.1464412566E-5
1.2884999160E-5
1.4584651217E-5
1.3336213306E-5
1.1845235713E-5
1.0083406232E-5
1.9686634186E-5
1.4739308972E-5
1.5997258015E-5
1.3793178368E-5
1.7522287089E-5
9.8233926111E-6
1.9866100046E-5
1.5214865562E-5
1.1942698620E-5
1.1828239076E-5
1.5561340842E-5
6.1914324760E-6
1.7525174189E-5
1.9516516477E-5
5.6290999055E-6
2.0503764972E-6
1.0041240603E-5
2.3740902542E-5
2.0428560674E-5
1.9127386622E-5
2.8268585447E-5
1.5079032164E-5
1.6510044224E-5
1.4208955690E-5
1.3054418378E-5
1.7556268722E-5
1.1654896662E-5
2.2787821944E-5
1.5715428162E-5
1.5012861695E-5
1.7119070981E-5
1.0376994033E-5
2.5901349726E-5
2.0630727522E-5
1.6488274559E-5
9.8680262454E-6
4.8522837461E-6
1.1956947856E-5
2.0615034736E-5
1.4577060938E-5
1.9741931464E-5
2.2843002807E-5
7.1308342741E-6
1.5547988005E-5
4.2675412260E-6
1.5868782066E-5
2.0939775276E-5
1.4455639757E-5
1.9552500453E-5
1.8329487648E-5
1.1961068958E-5
1.6024592333E-5
1.2659595814E-5
1.4578760602E-5
1.3566890266E-5
1.3117375784E-5
1.3744435273E-5
7.7043543570E-6
7.8735989520E-6
1.3771245722E-5
1.7673324328E-5
1.6540300566E-5
1.2168404646E-5
1.4518364333E-5
1.5372352209E-5
2.1540955640E-5
1.8834113143E-5
3.0717288609E-5
1.9785203039E-5
1.0302790906E-5
8.6343148724E-6
4.7175679356E-6
6.0237478466E-6
5.5396347307E-5
3.9836973883E-5
1.3634795323E-6
-9.1354944744E-6
4.4238870032E-6
8.4612751380E-6
2.0912755281E-5
2.4414062500E-5
2.5492208078E-5
2.0898017101E-5
1.5742331743E-5
1.9365735352E-5
1.7430423759E-5
1.4609773643E-5
8.3678402007E-6
1.7467106227E-5
2.9741157777E-5
9.4652292320E-6
1.8987955991E-5
1.8226273823E-5
2.0319409668E-5
1.9254465587E-5
1.7089839093E-5
1.4010211453E-5
1.3581628446E-5
1.0894495063E-5
5.7996367105E-6
1.8225598615E-5
1.6435654834E-5
1.2650794815E-5
2.1746603306E-5
1.7787795514E-5
1.2611504644E-5
1.6316922847E-5
1.5687220730E-5
1.4263042249E-5
2.0816689357E-5
1.5154096764E-5
1.8340779934E-5
2.0045414567E-5
1.6399554442E-5
1.4919089153E-5
1.7756212037E-5
1.8384924624E-5
1.1348654516E-5
1.4442042448E-5
8.7322434412E-6
1.5535019338E-5
1.3917509932E-5
7.9615623692E-6
1.9983318634E-5
2.6378734037E-5
2.5541591457E-5
2.1613575517E-5
1.3133639004E-5
1.2834870722E-5
1.2767885346E-5
2.6158627588E-5
1.5634694137E-5
1.4452205505E-5
2.4743645917E-5
1.2486800552E-5
1.1446478311E-5
1.6006303485E-5
1.8983066547E-5
1.7303309869E-5
1.3211020269E-5
1.1470029131E-5
1.4525896404E-5
1.1351809371E-5
1.6673875507E-5
1.8090428784E-5
1.6688625328E-5
6.8986788393E-6
1.1401006486E-5
1.5085143968E-5
1.7256580759E-5
1.7028267030E-5
1.8809456378E-5
2.2619881201E-5
2.0184682216E-5
2.1867849863E-5
1.7865165137E-5
1.9643153064E-5
2.1901319268E-5
1.0201672558E-5
1.2835534290E-5
1.0564434342E-5
1.4376186300E-5
1.6799021978E-5
1.6127666458E-5
2.2792455274E-5
1.3979244977E-5
1.4348444529E-5
6.4747175203E-6
1.8600234762E-5
9.8977005110E-6
5.9904530645E-6
1.7651193775E-5
1.3187108561E-5
1.6828416847E-5
1.1214241385E-5
2.2906018421E-5
1.1036719661E-5
2.2077828180E-5
1.5365995932E-5
8.8865868748E-6
1.0254082736E-5
3.6942656153E-6
2.7335947380E-6
2.0314345602E-5
2.2435537539E-5
1.0987382848E-5
2.2311555221E-5
2.0870484877E-5
1.7534173094E-5
1.1857843492E-5
1.3042567298E-5
1.2681039516E-5
1.2027111370E-5
1.9396247808E-5
9.5344847069E-6
1.0967673734E-5
1.8117483705E-5
2.1555123385E-5
1.2692424934E-5
1.7495232168E-5
1.2857955881E-5
7.0972018876E-6
1.1216290295E-5
2.1087878849E-5
1.5502853785E-5
1.3765471522E-5
1.2724823318E-5
2.9905291739E-5
2.2435560822E-5
1.6791897360E-5
1.8196122255E-5
1.3381394092E-5
1.1240388267E-5
1.0616076179E-5
1.3260624837E-5
1.2812821660E-5
1.9449216779E-5
2.5678810197E-5
1.7587619368E-5
1.6078981571E-5
1.6512011643E-5
7.8736920842E-6
1.5751807950E-5
8.7874010206E-6
7.5220363215E-6
1.1337408796E-5
2.1792540792E-5
2.8592860325E-5
2.0883197430E-5
1.8115295097E-5
1.1913350318E-5
1.7852499149E-5
2.1229812409E-5
1.3048842084E-5
1.2572470587E-5
5.9436773881E-6
1.1544034351E-5
1.8590455875E-5
2.4195632431E-5
3.3684517256E-5
2.8196291531E-5
1.8098053988E-5
-3.0336354393E-5
-3.0269962735E-5
7.4846786447E-6
6.1231770087E-5
4.3585081585E-5
2.0460761152E-5
1.2890913058E-5
1.9553466700E-6
-1.0661093984E-5
5.2145216614E-6
1.8314423505E-5
1.3345852494E-7
2.8419238515E-5
2.9386195819E-5
1.3109704014E-5
1.6035139561E-5
1.1664500926E-5
1.2864451855E-5
1.2516882271E-5
1.2509489898E-5
8.6607062259E-6
1.9282172434E-5
1.8951273523E-5
2.4650548584E-5
1.4821661171E-5
1.7953291535E-5
2.5065813679E-5
1.6884703655E-5
1.5397637617E-5
1.2430024799E-5
1.6353046522E-5
1.4289689716E-5
2.0125508308E-5
2.2483081556E-5
2.0638492424E-5
1.8024677411E-5
2.2054219152E-5
1.9022554625E-5
1.1347769760E-5
1.8101336900E-5
1.1645245831E-5
1.8004258163E-5
2.4256121832E-5
1.4619971625E-5
1.3863295317E-5
1.5476136468E-5
9.3351816759E-6
1.1963956058E-5
1.4990172349E-5
9.3078589999E-6
1.8912064843E-5
1.6600475646E-5
1.8432328943E-5
1.5773694031E-5
2.6072759646E-5
2.3025891278E-5
9.9108670839E-6
1.2732564937E-5
1.5472399537E-5
1.8343911506E-5
1.4199002180E-5
1.2748094741E-5
1.7030385788E-5
1.6159808729E-5
1.4292122796E-5
1.3405131176E-5
1.7580471467E-5
1.6142777167E-5
1.7273088451E-5
1.9101018552E-5
1.8531654495E-5
1.2353528291E-5
6.4103398473E-6
1.9292312208E-5
2.1915300749E-5
2.3902417160E-5
1.3513059821E-5
2.1654623560E-5
1.1544395238E-5
1.4498992823E-5
2.1417078096E-5
1.3097142801E-5
2.6938295922E-5
1.9742851145E-5
1.0142708197E-5
5.3798314184E-6
1.7849786673E-5
1.4056661166E-5
1.2907688506E-5
2.4073058739E-5
1.9684853032E-5
1.4795793686E-5
2.6738084852E-5
1.4865607955E-5
1.1906505097E-5
9.1872992926E-6
8.2087935880E-6
9.2420959846E-6
1.6395805869E-5
1.6887392849E-5
2.1148868836E-5
2.1105119958E-5
1.1514732614E-5
1.1188338976E-5
5.4692383856E-6
1.3398460578E-5
7.3727220298E-6
1.4016218483E-5
1.7268001102E-5
1.5679944772E-5
1.6251706984E-5
2.1177332382E-5
1.4756305609E-5
1.1043727864E-5
1.1354393791E-5
1.0077969637E-5
1.3846869115E-5
2.0085787400E-5
2.0297453738E-5
9.1432360933E-6
1.2211105786E-5
1.0119099170E-5
1.3386760838E-5
1.6574899200E-5
1.4979508705E-5
1.5229813289E-5
1.7890869640E-5
2.5596946943E-5
1.7438677605E-5
1.6886717640E-5
1.2352247723E-5
7.7237957158E-6
1.2485159095E-5
2.0057114306E-5
1.4555105008E-5
1.9156537019E-5
2.3487571161E-5
1.0758335702E-5
1.7724314239E-5
6.0491613113E-6
5.4178759456E-6
1.0236643721E-5
5.2058591974E-5
3.9617635775E-5
-2.4966779165E-6
2.6692519896E-6
6.2856124715E-6
1.3363594189E-5
1.6425340436E-5
1.0617112275E-5
2.4292338639E-5
1.6246782616E-5
1.7099874094E-5
1.7488456797E-5
1.4823547099E-5
1.3162335381E-5
1.9481929484E-5
1.2900354341E-5
1.2995314319E-5
2.4629384278E-5
1.4901452232E-5
2.1527463104E-5
1.0625412688E-5
1.6013160348E-5
1.4570180792E-5
1.6344874166E-5
8.1235426478E-6
1.2991763651E-5
1.5654251911E-5
1.9894563593E-5
1.3998092618E-5
1.9422627520E-5
8.0830417575E-6
1.2805266306E-5
1.7444964032E-5
1.3966916595E-5
1.3080378994E-5
1.7206138000E-5
1.9738741684E-5
1.4963198919E-5
1.1044484563E-5
1.8467777408E-5
1.9503093790E-5
2.4604797362E-5
1.4818634372E-5
1.5411549248E-5
1.1108850595E-5
1.4461309183E-5
1.1916842777E-5
2.4100148584E-5
8.0312369393E-6
1.3897777535E-5
1.3713608496E-5
8.1261969172E-6
2.0512845367E-5
2.4406367447E-5
2.0796898752E-5
1.5491095837E-5
1.3562140521E-5
1.5610142145E-5
1.5423726291E-5
2.1429732441E-5
3.2027252017E-5
1.3899302576E-5
2.0517257508E-5
1.4270644169E-5
1.7380481586E-5
1.5287171118E-5
8.0660218374E-6
1.1565373279E-5
2.0628748461E-5
1.2156355660E-5
1.5274912585E-5
2.0169862546E-5
1.2934964616E-5
7.3432922365E-6
3.1743198633E-6
2.3358257021E-5
1.6701361164E-5
1.5814194921E-5
1.2331211474E-5
6.7479792052E-6
1.7510505859E-5
1.3273616787E-5
1.3072474394E-5
1.8072209786E-5
1.5406659804E-5
8.1791309641E-6
2.1623435895E-5
1.9217666704E-5
1.1962023564E-5
2.0583113655E-5
1.8561957404E-6
1.6369775403E-5
1.9094557501E-5
1.3170228340E-5
8.2276645117E-6
7.7828997748E-6
1.2210768182E-5
2.0421179943E-5
9.1199879535E-6
1.1644803453E-5
1.1564372107E-5
1.8549186643E-5
2.0935060456E-5
1.7816049512E-5
1.0695483070E-5
1.1003646068E-5
1.8629606347E-5
1.5667779371E-5
1.8580176402E-5
1.2258382049E-5
1.4290539548E-5
2.2330554202E-5
1.9319588318E-5
2.2367050405E-5
1.5233468730E-5
2.1566182840E-5
1.2452667579E-5
1.2307171710E-5
7.9227844254E-6
1.3204559218E-5
8.3459308369E-7
8.2407728770E-6
2.8548692352E-5
2.3957411758E-5
9.6447765828E-6
2.0823895465E-5
2.0186929032E-5
2.1633110009E-5
1.4859240037E-5
1.3679533731E-5
1.8722924869E-5
1.1516106315E-5
1.6322615556E-5
1.4971010387E-5
1.7797725741E-5
2.8156617190E-5
1.3329565991E-5
7.9961027951E-6
9.6419011243E-6
9.8577584142E-6
8.6286105217E-6
1.8195423763E-5
1.8172932323E-5
1.6393617261E-5
2.3378233891E-5
2.0609330386E-5
1.7004995607E-5
1.1773372535E-5
1.2420187704E-5
1.5460548457E-5
1.1906074360E-5
7.5304997154E-6
6.6879554652E-6
2.6145111769E-5
2.8714479412E-5
2.0144239534E-5
2.9449199791E-5
2.2345315665E-5
1.9619171507E-5
4.5411405154E-6
-4.9766735174E-6
-1.4782545622E-5
1.9117491320E-6
5.6113791652E-5
5.5856991094E-5
2.4051009677E-5
-1.2331048492E-5
-2.2741267458E-6
-4.8910034821E-6
1.5746464487E-5
1.8964544870E-5
2.7340929955E-5
2.3579970002E-5
2.1428358741E-5
1.9664375577E-5
2.6141945272E-5
1.4909240417E-5
4.6539003961E-6
7.3449569755E-6
9.6502364614E-6
8.9924433270E-6
1.9497983157E-5
2.1273980383E-5
1.9945646636E-5
2.1571340039E-5
2.0555860828E-5
3.3584109041E-5
1.4532648493E-5
1.4174985699E-5
1.2446963228E-5
1.5560409520E-5
1.2746709399E-5
1.9231298938E-5
1.7066812143E-5
2.0764523651E-5
2.2322149015E-5
1.6367784701E-5
7.1719638074E-6
-2.5494722649E-6
1.4594593085E-5
9.2903152109E-6
1.7257011495E-5
1.1031294707E-5
1.6531790607E-5
1.5290302690E-5
1.8549954984E-5
1.8241768703E-5
8.1829028205E-6
1.5056575649E-5
2.0067230798E-5
1.6227550804E-5
7.7770440840E-6
9.7703887150E-6
2.0423694513E-5
2.6600365526E-5
2.0757771563E-5
1.4161155559E-5
1.6218330711E-5
2.8354488312E-5
1.5919469297E-5
5.9213954956E-6
2.2661767434E-5
1.6617262736E-5
1.2570887338E-5
4.2223720812E-6
1.2876628898E-5
1.7921207472E-5
2.9989040922E-5
1.2307614088E-5
1.6787007917E-5
3.5772798583E-6
1.3273558580E-5
1.5894242097E-5
1.4963105787E-5
1.9544805400E-5
2.3491191677E-5
1.6847497318E-5
1.8889131024E-5
2.1340034436E-5
1.1230516247E-5
8.6364336313E-6
1.6804772895E-5
1.4954945073E-5
9.2327245511E-6
9.5908995718E-6
1.1790217832E-5
1.3974483591E-5
8.1117497757E-6
1.5314214397E-5
9.5779076219E-6
1.7357186880E-5
1.0925123934E-5
2.5211076717E-5
2.3193261585E-5
1.7621589359E-5
1.6886589583E-5
1.6573013272E-5
9.3845766970E-6
1.2880144641E-5
2.1111115347E-5
2.6676373090E-5
1.5206413809E-5
2.6035623159E-5
1.3144151308E-5
1.2206053361E-5
1.3132998720E-5
2.3534137289E-5
2.0530377514E-5
1.1611462105E-5
2.3241073358E-5
1.9540102221E-5
1.6664096620E-5
2.0331458654E-5
1.6622955445E-5
2.3213669191E-5
1.3427040540E-5
2.4840468540E-5
2.2837996948E-5
1.4735292643E-5
1.1348177213E-5
1.5293317847E-5
1.6901327763E-5
1.6916578170E-5
1.5691271983E-5
1.9174069166E-5
9.6200732515E-6
1.8651946448E-6
1.3265281450E-5
1.9448995590E-5
2.3416883777E-5
9.9770491944E-6
1.6571651213E-5
1.4176557306E-5
1.6756670084E-5
2.1096132695E-5
2.0487967413E-5
2.0961195696E-5
1.7405685503E-5
1.4906981960E-5
1.3993820176E-5
1.3171171304E-5
1.4515547082E-5
1.2861087453E-5
1.9632908515E-5
1.7593032680E-5
1.7105170991E-5
2.0069989841E-5
2.2051436826E-5
1.1974445079E-5
-9.2068221421E-7
6.3273124397E-6
3.4668110310E-5
3.4563709050E-5
1.5989772510E-5
4.2778090574E-6
9.7508891487E-6
8.0072088168E-6
1.2380653061E-5
1.4333147556E-5
1.7241714522E-5
1.2139417231E-5
1.4042423572E-5
1.8117774743E-5
7.2393100710E-6
1.9745132886E-5
1.2833368965E-5
1.2318359222E-5
1.2383435387E-5
1.7544138245E-5
8.5657229648E-6
2.0163413137E-5
3.8737780415E-6
1.5411048662E-5
1.4665885829E-5
7.5154122897E-6
1.4085834846E-5
1.8539826851E-5
1.5649327543E-5
5.4323114455E-6
1.4474941418E-5
1.9562453963E-5
1.7737038434E-5
1.3425073121E-5
1.3786857016E-5
1.8812913913E-5
1.9669451285E-5
1.4521309640E-5
1.4249864034E-5
1.5020987485E-5
2.1656567696E-5
2.3546838201E-5
2.4773820768E-5
1.7750891857E-5
1.8391082994E-5
1.1361425277E-5
1.8635718152E-5
1.4686014038E-5
1.8882437143E-5
1.5618593898E-5
1.6237655655E-5
1.8961832393E-5
1.1637131684E-5
1.7084192950E-5
1.7296650912E-5
1.7218408175E-5
1.6085209791E-5
1.7791532446E-5
1.1043902487E-5
1.9303034060E-5
2.1587382070E-5
1.3234757353E-5
6.7250453867E-6
1.4824012760E-5
2.6181282009E-5
1.6317761037E-5
1.5338021331E-5
1.2930785306E-5
1.5345378779E-5
1.7919635866E-5
1.2148695532E-5
2.0133540965E-5
2.1063094027E-5
1.9023090135E-5
1.9558612257E-5
1.7631181981E-5
1.6254384536E-5
1.8544087652E-5
9.6848234535E-6
9.8179909401E-6
1.8550676759E-5
8.0070458354E-6
1.6309134662E-5
1.7391121946E-5
2.0067347213E-5
1.1380587239E-5
1.8389825709E-5
1.2470374350E-5
1.7268874217E-5
4.4722924940E-6
1.1692929547E-5
1.9069609698E-5
1.9998743664E-5
1.7889414448E-5
1.8027494661E-5
1.5318661462E-5
2.3210188373E-5
1.5759677626E-5
1.8061173614E-5
4.5692198910E-6
1.9917835015E-5
1.1278293096E-5
1.1954049114E-5
1.9493291620E-5
2.2465770598E-5
2.2042565979E-5
1.5704624820E-5
1.4627410565E-5
9.8569667899E-6
2.0789948757E-5
1.2140616309E-5
2.0750809926E-5
2.5454012211E-5
2.2592814639E-5
1.2278964277E-5
2.4366227444E-5
1.6850500833E-5
2.2349762730E-5
2.4132430553E-5
1.1402624659E-5
2.0190083887E-5
-2.9755756261E-7
1.3383373152E-5
1.3791723177E-5
1.2823997531E-5
1.5801843256E-5
2.2447330411E-5
2.0479992963E-5
2.3947446607E-5
2.0329153631E-5
1.7745897639E-5
1.6853958368E-5
1.0777905118E-5
1.2291804887E-5
1.1503440328E-5
2.1799246315E-5
2.0154344383E-5
2.5812652893E-5
2.5666458532E-5
2.8541579376E-5
1.9267736934E-5
1.6714434605E-5
5.7080993429E-6
1.4092284255E-5
-8.6812069641E-7
2.2245175205E-5
2.4158414453E-5
3.8507324643E-5
3.7443416658E-5
1.7773779109E-5
3.5637291148E-6
1.0411487892E-6
8.6154323070E-7
2.5572488084E-6
-1.2599630282E-7
1.5490152873E-5
4.0035555139E-5
6.6223239993E-5
3.1284405849E-5
-2.2046489175E-5
-2.4906487669E-5
-1.9308878109E-6
2.1524156909E-5
3.1191320158E-5
2.8181099332E-5
1.8696533516E-5
2.7818256057E-5
1.5762052499E-5
8.1948703156E-6
5.6929886341E-6
8.8773434982E-6
2.0662590395E-5
1.0147411376E-5
1.4662381727E-5
1.7360679339E-5
1.8141733017E-5
1.5079148579E-5
8.6860265584E-6
1.6014254652E-5
5.5656535551E-6
8.5286563263E-6
6.7930785009E-6
1.6548647545E-5
2.5685713626E-5
1.5102291945E-5
2.8363952878E-5
2.1516229026E-5
2.0205194596E-5
1.9003811758E-5
1.1253135745E-5
8.3804596216E-6
9.8044867628E-6
3.3824006096E-6
2.3493659683E-6
1.2801389676E-5
1.8962402828E-5
1.5759770758E-5
1.5364098363E-5
1.9573187455E-5
1.4190957881E-5
6.2032020651E-6
2.0873581525E-5
1.3349752407E-5
1.0113418102E-5
9.7635085695E-6
1.7466850113E-5
1.9363162573E-5
2.1072744857E-5
1.3497599866E-5
1.4913908672E-5
1.8096365966E-5
1.6745063476E-5
9.1746915132E-6
1.2034701649E-5
9.0067740531E-6
1.0968965944E-5
1.4364672825E-5
1.9980513025E-5
1.6679044347E-5
1.4949077740E-5
1.3803783804E-5
1.5626545064E-5
1.6412197147E-5
1.2715277262E-5
9.5015508123E-6
1.9361951854E-5
2.7021928689E-5
1.8795684445E-5
1.8378137611E-5
2.0681251771E-5
1.1543545406E-5
9.0482761153E-6
1.3722653966E-5
1.5581853222E-5
1.6114360187E-5
1.9800686277E-5
6.6786655225E-6
1.6731792130E-5
2.0522577688E-5
2.3493845947E-5
1.8900679424E-5
1.3467483223E-5
1.0986719281E-5
1.9299890846E-5
8.2941958681E-6
1.6532570589E-5
1.4371529687E-5
1.6679405235E-5
1.2504565530E-5
1.5940435696E-5
1.8770375754E-5
1.1804117821E-5
1.2496835552E-5
2.2135092876E-5
1.5061662998E-5
1.4581508003E-5
5.6733028032E-6
8.4394472652E-6
9.0067042039E-6
7.4376352132E-6
2.1142920013E-5
2.2103928494E-5
1.8849968910E-5
1.3548345305E-5
2.1504401229E-5
1.3967440464E-5
1.3310986105E-5
1.1881603859E-5
1.2020603754E-5
2.6149535551E-5
1.6840430908E-5
1.0283465963E-5
6.9036264905E-6
2.0409666467E-5
1.0893109720E-5
6.1787897722E-6
6.0984981246E-6
1.2939085718E-5
9.2247035355E-6
1.5112874098E-5
2.1067506168E-5
1.7010793090E-5
1.3235490769E-5
1.3820827007E-5
1.8831028137E-5
1.1547980830E-5
1.5331176110E-5
5.5005424656E-6
1.1512066703E-5
1.7376267351E-5
1.9252183847E-5
1.3409240637E-5
1.6758486163E-5
1.7053412739E-5
1.6285700258E-5
1.6948347911E-5
1.7255230341E-5
1.6079470515E-5
5.8295554482E-6
1.8323631957E-5
1.7089757603E-5
2.1357904188E-5
1.3623014092E-5
1.2494612020E-5
1.8185935914E-5
1.3221334666E-5
1.9381754100E-5
2.2451800759E-5
1.4633592218E-5
1.4239910524E-5
7.1874936112E-6
4.1232095101E-6
-1.5304889530E-6
3.6418694071E-5
2.3852626327E-5
1.2240547221E-5
4.6901521273E-6
1.0567274876E-5
9.4681628980E-6
1.3677694369E-5
1.8396833911E-5
1.2477429118E-5
2.0547502208E-5
1.6128644347E-5
2.1637266036E-5
1.6240077093E-5
1.4335475862E-5
9.7912270577E-6
1.0693294462E-5
1.3069878332E-5
2.5073089636E-5
2.1007540635E-5
1.7359585035E-5
1.4665769413E-5
1.4000537340E-5
1.7397955525E-5
7.8499550000E-6
1.7943582497E-5
1.1035625357E-5
1.1876702774E-5
8.9608016425E-6
1.6540102661E-5
1.0772491805E-5
1.0546750855E-5
1.4537887182E-5
1.4885573182E-5
1.0549661238E-5
1.6051554121E-5
1.2329628225E-5
1.3949233107E-5
8.8657601738E-6
1.5056622215E-5
1.5234271996E-5
2.0258745644E-5
1.0696775280E-5
2.2006395738E-5
6.0398131609E-6
1.1013320181E-5
1.4059885871E-5
2.2540241479E-5
1.4407385606E-5
8.8436645458E-6
1.5677814372E-5
1.6364501789E-5
2.0422704983E-5
4.7955196351E-6
5.3953146563E-6
1.8411292694E-5
1.5311257448E-5
2.5227200240E-6
8.6947809905E-6
1.5783717390E-5
1.3212789781E-5
2.1695636678E-5
2.6202248409E-5
1.8902425654E-5
1.4084449504E-5
1.7825409304E-5
8.1304227934E-6
1.1226045899E-6
1.5495321713E-5
9.9572003820E-6
1.8425157759E-5
1.1054973584E-5
6.9772941061E-6
1.6029004473E-5
1.2126413640E-5
1.2347067241E-5
7.5943884440E-6
1.1556106620E-5
7.2589260527E-6
8.4897619673E-6
1.3087759726E-5
1.2577511370E-6
1.5953567345E-5
1.2132339180E-5
2.4048367049E-5
2.8394313994E-5
1.0193081107E-5
1.5760096721E-5
9.3454145828E-6
-3.7715188228E-6
6.6989334300E-6
1.3286294416E-5
1.0383676272E-5
1.0975159239E-5
2.4738197680E-5
2.5730789638E-5
1.6024510842E-5
1.6672862694E-5
1.0102847591E-5
1.5215086751E-5
2.2932409774E-5
1.6362057067E-5
1.2637535110E-5
2.5369378272E-5
1.4699366875E-5
1.8792448100E-5
2.1109625231E-5
9.4005023130E-6
1.3158062939E-5
1.5112955589E-5
5.3922529332E-6
1.3417389710E-5
7.2850729339E-6
7.9919933342E-6
1.9427051302E-5
1.8170557450E-5
2.0788726396E-5
2.1520070731E-5
1.6604061238E-5
1.2581166811E-5
7.3894276284E-6
5.6121614762E-6
1.6931479331E-5
1.9162497483E-5
1.5208183322E-5
8.5552572273E-6
2.1060730796E-5
1.3698753901E-5
1.9457703456E-5
1.4924851712E-5
1.3908895198E-5
8.0807018095E-6
6.3784536906E-6
3.9942096919E-6
1.8008635379E-5
2.2441265173E-5
2.5605177506E-5
1.8468429334E-5
2.6038207579E-5
1.6948929988E-5
7.1335001849E-6
-4.3652602472E-6
-3.8854428567E-6
5.3897849284E-6
1.2517056894E-5
3.5695522092E-5
4.0844467003E-5
4.7505914700E-5
2.0149745978E-5
-2.9741541947E-5
-4.2589160148E-5
1.1981127318E-5
2.7460127603E-5
3.3783272374E-5
3.3388822339E-5
2.1430244669E-5
2.2862397600E-5
-9.3074049801E-7
4.8434012570E-6
-1.3961456716E-6
1.3976742048E-5
1.6552407760E-5
1.3641954865E-5
2.8169935103E-5
2.3350201081E-5
1.7150910571E-5
2.1122884936E-5
1.6845820937E-5
7.4782758020E-6
1.3172463514E-5
1.3268704061E-5
1.0491511785E-5
2.1864590235E-5
1.7029733863E-5
2.7081870939E-5
6.9422880189E-6
2.0607118495E-5
1.2206437532E-5
1.6869546380E-5
1.0670151096E-5
7.6538417489E-6
1.4602043666E-5
1.1889624875E-5
2.5023461785E-5
3.6380602978E-6
2.2022146731E-5
1.6430742107E-5
2.0124763250E-5
1.2832286302E-5
1.4581403229E-5
1.2658000924E-5
2.1085154730E-5
2.0762335043E-5
2.1853426005E-5
2.1063257009E-5
1.8102454487E-5
1.6984879039E-5
1.8049194477E-5
1.5649572015E-5
1.0708300397E-5
1.0968139395E-5
7.4047944509E-6
1.6738509293E-5
1.6546039842E-5
1.6229297034E-5
1.8415437080E-5
1.6339565627E-5
7.0683425293E-6
1.8966710195E-5
1.0695273522E-5
8.1668142230E-6
4.2320112698E-6
7.5256335550E-6
1.8782785628E-5
1.5537929721E-5
1.7715909052E-5
1.0257575195E-5
1.2786872685E-5
2.2743688896E-5
1.4153483789E-5
1.1025997810E-5
1.5106366482E-5
1.4699390158E-5
1.6053672880E-5
1.5521887690E-5
1.6538938507E-5
1.1190515943E-5
2.0026066340E-5
1.3438425958E-5
1.2020114809E-5
1.0116526391E-5
1.8473807722E-5
1.8210068810E-5
5.8876466938E-6
1.6644888092E-5
1.2892170344E-5
1.1603452731E-5
7.6131545940E-6
2.2513524163E-5
1.2064061593E-5
1.7822219524E-5
1.6609684098E-5
1.3577542268E-5
1.5431409702E-5
1.2689491268E-5
1.2776826043E-5
1.4926237054E-5
1.6508961562E-5
1.2266088743E-5
1.6096082982E-5
2.0037812646E-5
2.5985704269E-5
2.1890236530E-5
2.2404559422E-5
1.2514169794E-5
4.4192885980E-6
1.1165870819E-5
1.6045023221E-5
1.8677732441E-5
2.4944671895E-5
1.6939465422E-5
1.0289670900E-5
2.2149342112E-5
8.6983665825E-6
1.0630162433E-5
1.1970440391E-5
4.7601992265E-6
9.2152273283E-6
2.0119082182E-5
2.5237421505E-5
1.3391801622E-5
9.4647519290E-6
7.6969736257E-6
1.3144197874E-5
1.1136860121E-5
1.0045350064E-5
1.8143455963E-5
9.1437599623E-6
1.4320760965E-5
1.4038570225E-5
1.3705831953E-5
7.2431168520E-6
2.2586493287E-5
1.9871839322E-5
1.8686580006E-5
1.5877070837E-5
1.4626234770E-5
1.4048221055E-5
1.4027499128E-5
1.4174252283E-5
2.1665636449E-5
6.6469889134E-6
6.9600297139E-6
9.9367112853E-6
1.5070068184E-5
1.3657775708E-5
1.7928658053E-5
3.6027631722E-6
1.4162750449E-5
1.6345595941E-5
1.6379717272E-5
1.2259394862E-5
1.8474052194E-5
1.4287186787E-5
1.0890280828E-5
1.5321769752E-5
1.7703685444E-5
2.2087059915E-5
2.1347240545E-5
1.8063397147E-5
-4.7830399125E-6
1.1654396076E-5
3.4853874239E-5
2.5815970729E-5
1.8472434021E-5
1.1351145804E-5
1.5787000302E-5
8.1109232271E-6
1.0973715689E-5
1.0470533744E-5
1.0533933528E-5
1.8935289700E-5
2.8401846065E-5
1.5948945657E-5
1.6657658852E-5
1.3679789845E-5
2.0550098270E-5
6.8677007221E-6
1.1389784049E-5
1.8143083435E-5
1.6238435637E-5
1.8558127340E-5
1.7246301286E-5
2.4751166347E-5
9.3969749287E-6
1.7881451640E-5
1.5766068827E-5
2.1027214825E-5
1.2699887156E-5
1.0548613500E-5
2.3583113215E-5
2.2169691510E-5
9.9272001535E-6
1.3257004321E-5
1.7228897195E-5
1.7851509619E-5
1.8202885985E-5
1.2261513621E-5
1.6944925301E-5
1.3946567196E-5
1.7055589705E-5
9.3935756014E-6
2.3978459648E-5
