<| "Configuration" -> <| "Acquisition device" -> "UHFLI",  "Start time" -> "10/29/2021 15:02:56",  "Finish time" -> "10/29/2021 16:40:26", "Comments" -> "" |>, "Dimensions" -> {<| "Name" -> "Frequency 1", "Start" -> 6.200000*^+9, "Stop" -> 6.800000*^+9, "Step size" -> 2.000000*^+6 |>, <| "Name" -> "DC Voltage 1", "Start" -> -6.600000*^+0, "Stop" -> -7.400000*^+0, "Step size" -> -5.000000*^-2 |>}, "DataInfo" -> <| "Measured Spots" -> 5.117000*^+3,  "Samples" -> 1,  "Segments" -> 1,  "dFactor" -> 1,  "Sampling Time" -> 7.111111*^-8|>|>
2.4787290021E-5
2.4502153973E-5
2.5484128854E-5
3.5313190892E-5
2.1788710728E-5
2.2732897195E-5
2.1950295194E-5
2.3497559595E-5
2.7633446734E-5
1.8217135220E-5
3.1880778260E-5
3.2966001890E-5
2.6522029656E-5
3.6849186290E-5
3.3582223113E-5
2.6665593031E-5
3.0837126541E-5
2.9344193171E-5
2.6853277813E-5
2.8248818125E-5
2.8912920970E-5
2.3179897107E-5
2.3576244711E-5
2.6152818463E-5
2.4397950619E-5
2.6650913059E-5
2.8927915263E-5
2.6221084408E-5
2.9368489049E-5
2.4978339206E-5
1.9729894120E-5
2.4203024804E-5
3.1728076282E-5
2.5056162848E-5
2.7521653100E-5
2.9087462462E-5
3.0863389837E-5
2.4132395628E-5
2.7131394017E-5
2.1335284691E-5
2.7863669674E-5
1.9125221297E-5
3.6793970503E-5
3.1086662783E-5
2.4439231492E-5
2.5870092212E-5
2.1243281662E-5
3.4481310285E-5
2.4050276261E-5
2.6502285618E-5
1.3307726476E-5
2.4949107319E-5
2.0764616783E-5
2.3643742315E-5
2.9424333479E-5
3.4807063639E-5
3.7419272120E-5
2.5433697737E-5
2.0510610193E-5
3.8788991514E-5
3.2340199686E-5
2.5501963682E-5
3.0895066447E-5
2.7769431471E-5
3.4828775096E-5
2.7498381677E-5
2.8652965556E-5
3.5023293457E-5
3.4504209179E-5
2.9206508770E-5
1.6098527703E-5
2.5710952468E-5
2.4549162480E-5
2.4906184990E-5
2.2422021720E-5
2.8658087830E-5
2.2055720910E-5
2.6412168517E-5
2.3367104586E-5
3.2282958272E-5
2.1748500876E-5
2.4744786787E-5
1.8271384761E-5
1.6904226504E-5
2.5648414157E-5
2.6315858121E-5
2.8359983115E-5
1.7875910271E-5
4.0032318793E-5
2.3295416031E-5
2.4151545949E-5
2.9082654509E-5
2.6486010755E-5
2.1728500723E-5
1.7510319594E-5
3.1197350472E-5
3.2125797588E-5
2.6562146376E-5
2.4841143749E-5
3.7961779162E-5
2.9304123017E-5
3.5987852606E-5
2.7053838130E-5
2.8129504061E-5
2.1143432241E-5
2.9314460698E-5
2.8985401149E-5
2.6225263718E-5
2.9472925234E-5
3.6039145197E-5
3.4331984351E-5
2.9624509624E-5
2.8557877521E-5
2.0328175742E-5
2.4885393213E-5
2.1161988843E-5
2.5817123241E-5
3.3796695061E-5
4.4633448124E-5
4.5106466860E-5
3.1206384301E-5
3.5130197647E-5
2.8344884049E-5
2.6708131190E-5
8.8361790405E-6
1.9460951444E-5
2.0390609279E-5
3.7082645576E-5
4.1981891263E-5
5.0505204127E-5
3.6999990698E-5
2.0657433197E-5
1.1743977666E-5
7.1873073466E-6
1.1061225087E-5
3.0064571182E-5
3.0151044483E-5
3.2219092827E-5
3.9391964674E-5
3.2217113766E-5
4.2736076284E-5
3.2235821708E-5
4.7820352483E-5
3.2659852876E-5
5.1198294387E-6
-2.1405855659E-5
6.8811816164E-6
5.7903199923E-5
8.4043852986E-5
7.0926814807E-5
1.6333081294E-5
-1.0408204980E-5
3.4722499549E-6
1.6545935068E-5
1.6671454068E-5
3.0423980206E-5
4.1314447298E-5
4.1329720988E-5
3.8545136340E-5
2.5712186470E-5
2.6907282881E-5
1.6254477669E-5
2.4100067094E-5
2.1831819322E-5
2.1528732031E-5
1.8818851095E-5
3.4047674853E-5
3.9557670243E-5
4.2427144944E-5
3.0306715052E-5
2.8841337188E-5
2.6554812211E-5
2.9174087103E-5
2.5780452415E-5
2.4507998023E-5
2.1814182400E-5
2.8307770844E-5
3.5985873546E-5
3.4831138327E-5
3.0453270300E-5
2.9658025595E-5
3.5200989804E-5
2.1011894569E-5
2.5312637444E-5
2.1272257436E-5
2.8850126545E-5
3.9011368062E-5
2.5393068790E-5
3.2463797833E-5
2.7410790789E-5
3.3856346271E-5
2.8894690330E-5
2.0062178373E-5
2.4384330026E-5
2.4321046658E-5
2.7877290266E-5
2.9265927150E-5
2.6950275059E-5
3.0943553428E-5
3.5021163057E-5
2.9948924201E-5
1.9132264424E-5
2.6857946068E-5
2.6198220439E-5
1.7517351080E-5
1.5817058738E-5
2.2101844661E-5
2.5898986495E-5
1.9640917889E-5
3.2680225558E-5
3.1102239153E-5
2.7677998877E-5
3.1308655161E-5
2.2058398462E-5
2.0209816284E-5
3.3117644488E-5
3.5903556272E-5
2.5936635211E-5
3.0728161800E-5
2.7991551905E-5
2.3704464547E-5
3.4576654433E-5
2.1884555463E-5
2.7632387354E-5
1.6586866695E-5
1.9268144388E-5
1.6108644195E-5
2.5033438578E-5
2.2026919759E-5
3.4044648054E-5
3.2415206077E-5
3.0036573297E-5
3.2806082162E-5
3.3157935831E-5
2.5817274581E-5
2.2835319395E-5
3.6214571445E-5
1.7850182484E-5
2.8110784478E-5
2.4354504421E-5
2.4590152315E-5
3.1162996310E-5
2.9177288524E-5
3.0692049767E-5
3.2044213730E-5
2.9377790632E-5
2.6167090981E-5
2.7852598577E-5
2.5077781174E-5
2.8499402105E-5
2.6548618916E-5
3.0157086438E-5
2.1677021868E-5
3.6391103640E-5
2.4081312585E-5
2.2796168923E-5
2.8352648950E-5
2.7915439567E-5
2.7696357573E-5
3.0085921752E-5
2.8942734933E-5
3.7038559094E-5
3.2100966200E-5
3.2970029860E-5
2.8767075854E-5
3.3430347684E-5
2.6584044098E-5
2.4129101075E-5
2.8388621285E-5
1.6693107318E-5
1.8447451293E-5
2.6532437186E-5
3.0069705098E-5
2.8318702242E-5
2.4584808852E-5
2.7469557243E-5
2.7634599245E-5
2.1714856847E-5
3.5650632343E-5
3.1602778471E-5
2.6160362176E-5
2.5171146262E-5
2.3217266425E-5
2.6709702796E-5
3.0548160429E-5
2.4371116887E-5
3.7965027149E-5
2.5068072136E-5
2.6252015959E-5
2.6644510216E-5
1.4790240675E-5
2.4409987963E-5
3.0821154359E-5
3.0375411733E-5
2.4060020223E-5
2.3248593788E-5
3.3418904058E-5
2.6640947907E-5
2.7388473972E-5
2.4380278773E-5
2.5624921545E-5
2.3213203530E-5
2.4659594055E-5
3.1991198192E-5
2.5192310567E-5
2.6672554668E-5
2.4714157916E-5
2.3253017570E-5
3.1750684137E-5
2.2466969676E-5
3.6829232703E-5
1.8616416491E-5
2.6501482352E-5
3.1303917057E-5
2.8678122907E-5
2.3429945576E-5
2.8072379063E-5
2.5637913495E-5
1.8459453713E-5
2.5475723668E-5
2.3667665664E-5
1.9951816648E-5
1.5314889606E-5
2.3227964993E-5
2.5127409025E-5
2.5281379930E-5
3.1282077542E-5
3.0296295880E-5
2.2830022498E-5
1.8266460392E-5
1.1313497089E-5
2.8989696874E-5
2.8929987456E-5
2.3283017799E-5
2.1868932526E-5
2.9485649428E-5
2.9900425579E-5
2.7400290127E-5
1.6442313790E-5
2.2442755289E-5
3.8690399378E-5
2.1654099691E-5
2.2197514772E-5
2.9691820963E-5
1.5202269424E-5
3.0542945023E-5
3.4031120594E-5
3.5224843304E-5
2.3585325107E-5
2.1625822410E-5
1.9697169773E-5
2.0489725284E-5
1.1264579371E-5
2.2482371423E-5
2.2719369735E-5
2.5108328554E-5
3.3571780659E-5
2.3250153753E-5
3.1111505813E-5
2.9778725001E-5
3.0184932984E-5
2.4353573098E-5
3.6771374288E-5
2.8265872970E-5
2.7363211847E-5
3.1352927907E-5
2.7878931723E-5
3.0250148847E-5
3.6666262895E-5
3.0997989233E-5
2.9832019936E-5
3.0599371529E-5
3.6256737075E-5
2.0438071806E-5
1.9054405857E-5
3.0903203878E-5
2.8005277272E-5
2.2943946533E-5
2.9309582895E-5
2.6670214720E-5
1.9037036691E-5
3.9978546555E-5
1.8790643662E-5
3.2551586627E-5
2.1639384795E-5
2.9714335687E-5
2.0734267309E-5
3.2649561762E-5
3.1900021712E-5
2.9110489412E-5
2.3288535885E-5
2.6838982012E-5
3.0348240397E-5
2.5530345738E-5
2.0396069158E-5
1.9639742095E-5
2.1678523626E-5
3.2321165781E-5
2.4440290871E-5
3.2668130006E-5
1.9816099666E-5
1.5397369862E-5
1.8615426961E-5
2.0338827744E-5
1.7824361566E-5
3.2159686088E-5
2.2298155818E-5
2.4845614098E-5
2.0636327099E-5
3.1618715729E-5
3.8025435060E-5
2.2795982658E-5
3.2660481519E-5
2.7490069624E-5
1.9424641505E-5
2.7080730069E-5
1.7420318909E-5
2.9610597993E-5
3.0819326638E-5
3.3439788967E-5
3.3522862940E-5
3.8197927642E-5
2.9701739549E-5
2.6716955471E-5
1.5010125935E-5
1.2452632654E-5
6.2385573983E-6
3.7999753840E-5
3.5545113496E-5
4.1787000373E-5
3.5315903369E-5
3.0698836780E-5
2.9560655820E-5
1.9033974968E-5
1.2071814854E-5
2.0637572743E-5
3.2867689150E-5
2.8228340670E-5
2.5317689869E-5
2.6123528368E-5
3.6286364775E-5
2.8716481756E-5
2.9190280474E-5
2.6819400954E-5
2.0441086962E-5
1.3360893354E-5
1.5576311853E-5
5.9093581513E-6
1.5811412595E-6
5.6134804618E-5
8.4816815800E-5
6.6259491725E-5
1.6567076091E-5
-2.4109904188E-5
-2.2948603146E-6
3.0368962324E-5
3.4265511203E-5
5.4183858447E-5
4.2394071351E-5
4.1313434485E-5
3.7317734677E-5
1.8602947239E-5
2.3095996584E-5
1.7816701438E-5
2.7002952992E-5
1.7953792121E-5
3.0994089320E-5
2.7538102585E-5
3.6442209966E-5
3.5126670263E-5
2.8934399596E-5
3.0115549452E-5
1.4248769730E-5
2.0549597684E-5
2.5387934874E-5
2.7793133631E-5
2.7203268836E-5
2.7014838996E-5
2.7165934443E-5
4.7054328024E-5
3.4666573628E-5
3.8211815990E-5
2.5580346118E-5
2.4186680093E-5
1.8804264254E-5
2.1937943529E-5
2.2716645616E-5
1.8409371841E-5
2.6877259369E-5
2.2143963724E-5
2.8873747214E-5
3.8029730784E-5
3.2410549465E-5
2.5239645037E-5
2.4957628920E-5
1.2909609359E-5
2.6534660719E-5
1.9348866771E-5
3.0534842516E-5
3.1364627647E-5
3.4941942430E-5
2.4075771216E-5
3.1627318821E-5
2.6005005929E-5
3.1730358022E-5
2.0999461412E-5
2.7513212990E-5
2.4633051361E-5
2.4848105385E-5
2.5008327793E-5
2.8901419136E-5
3.0410324688E-5
3.9767427370E-5
3.4849322400E-5
2.4624459910E-5
3.3326470292E-5
2.6974012143E-5
3.2015284523E-5
2.9171642381E-5
3.5323121119E-5
3.0898675321E-5
2.7201860211E-5
2.6823568623E-5
3.0515342950E-5
3.6211917176E-5
2.3125426377E-5
2.8081878553E-5
1.8847431056E-5
2.7833157218E-5
2.1091161761E-5
2.8948753606E-5
3.1511427368E-5
2.6761414482E-5
2.6879284996E-5
2.2998813074E-5
2.3265974596E-5
1.7404521350E-5
3.1149503774E-5
2.4517194833E-5
3.0953320674E-5
2.9494625050E-5
2.5195779744E-5
3.2168102915E-5
2.7492071967E-5
2.7691444847E-5
2.7616485021E-5
3.2156438100E-5
1.9376992713E-5
2.7849478646E-5
1.9753479864E-5
2.8407387435E-5
2.8538447804E-5
3.3819663803E-5
2.3211829829E-5
3.1200400552E-5
2.6012887246E-5
2.3450539447E-5
2.5915564037E-5
2.9458978678E-5
2.0091177430E-5
2.1039869170E-5
2.8578878845E-5
2.5364756584E-5
2.2487971000E-5
2.4734192993E-5
2.8047431259E-5
2.9092747717E-5
2.0650017541E-5
2.5080563500E-5
2.4943717289E-5
2.4166097864E-5
1.9006663933E-5
2.5328446644E-5
3.3612560946E-5
2.6262877508E-5
3.3396447542E-5
2.9565615113E-5
1.5757244546E-5
3.5001931246E-5
2.2170168813E-5
3.2289139925E-5
2.3211748339E-5
2.7688697445E-5
2.8797809499E-5
2.8153299353E-5
3.0129798687E-5
2.8400751761E-5
2.8830207883E-5
3.2210280187E-5
2.3193191736E-5
1.8669990822E-5
2.8785911854E-5
2.2574362810E-5
3.5132863558E-5
2.9423157684E-5
3.0675844754E-5
3.1757948454E-5
3.5965628921E-5
2.6853254530E-5
2.3200339637E-5
2.9860099311E-5
3.2344646751E-5
2.4230754934E-5
3.1073484569E-5
1.1393264867E-5
2.8935377485E-5
2.4518137797E-5
2.2003974299E-5
3.2137846573E-5
3.1505548394E-5
2.6187021285E-5
2.5602837558E-5
3.0071474611E-5
2.6692869141E-5
3.0749186407E-5
3.7305650767E-5
2.7727161068E-5
3.1493010464E-5
2.2936775349E-5
2.8855935670E-5
2.8110423590E-5
2.8245069552E-5
2.8167699928E-5
2.6025529950E-5
3.2058940268E-5
2.6853987946E-5
2.7524447068E-5
2.2131169680E-5
2.7401023544E-5
3.0599068849E-5
2.8826959896E-5
2.9965594876E-5
2.7588545344E-5
2.0490621682E-5
2.8791092335E-5
2.9720342717E-5
2.2471288684E-5
2.4281546939E-5
3.2648351043E-5
2.7613074052E-5
2.6847596745E-5
2.5633815675E-5
3.3121078740E-5
3.1675188801E-5
2.5801209266E-5
2.3805384989E-5
2.3798504844E-5
2.4092011153E-5
3.5914732143E-5
2.6061013340E-5
2.1992507390E-5
3.1147059052E-5
2.3287499789E-5
3.1731510534E-5
2.5729532353E-5
3.2081431709E-5
3.4401984885E-5
2.0963652059E-5
3.6235747392E-5
2.0389014389E-5
2.7246668468E-5
3.5989296157E-5
2.1117064170E-5
2.4756602942E-5
2.1101802121E-5
3.0466017778E-5
2.6608305052E-5
1.8059881404E-5
2.5247107259E-5
3.6500673740E-5
2.2659276146E-5
2.8368143830E-5
2.4825788568E-5
2.2753060329E-5
1.6360671725E-5
2.9484066180E-5
2.4728523567E-5
3.1580333597E-5
2.9559968970E-5
2.1434342488E-5
3.3312197774E-5
3.2213411759E-5
3.2312620896E-5
2.4167681112E-5
2.3282936308E-5
1.8076749984E-5
2.4397263769E-5
2.9890926089E-5
2.6673125102E-5
2.9325683135E-5
3.8258533459E-5
3.5024061799E-5
2.2480008192E-5
1.5368743334E-5
2.3653905373E-5
1.6431324184E-5
2.3566989693E-5
2.3198372218E-5
2.4140451569E-5
2.9209000058E-5
2.5060668121E-5
2.7761119417E-5
2.7647882234E-5
3.3494352828E-5
2.7495471294E-5
2.2059632465E-5
2.1012825891E-5
2.7742388192E-5
2.2437842562E-5
3.5580678377E-5
3.5458663478E-5
3.1694723292E-5
3.6152964457E-5
3.6461453419E-5
3.2108533195E-5
3.1930080149E-5
2.1398731041E-5
1.9763305317E-5
3.3065176102E-5
3.2584788277E-5
3.9617158472E-5
3.1607609707E-5
3.6370370071E-5
2.8551567811E-5
3.1032168771E-5
1.7036125064E-5
2.3386825341E-5
9.3166716397E-6
2.9494182672E-5
2.1886930335E-5
3.7856691051E-5
3.7824257742E-5
3.4334883093E-5
3.1973246950E-5
1.6743049491E-5
1.5950796660E-5
1.8157088198E-5
2.6376510504E-5
3.5216193646E-5
3.1289970501E-5
3.3801887183E-5
3.6372407339E-5
3.1970557756E-5
3.3415725920E-5
3.1038257293E-5
2.7397379744E-5
1.8410745542E-5
1.7044181004E-5
1.9906600937E-5
1.6573444009E-5
2.8557283803E-5
4.9937353470E-5
6.3104589937E-5
6.2943447848E-5
2.0349910482E-5
-1.9905273802E-5
-1.2932461686E-5
2.9341550544E-6
5.8450305369E-5
4.7821586486E-5
5.5867491756E-5
3.4077011514E-5
2.1516659763E-5
1.2135959696E-5
8.4445928225E-6
1.5305017587E-5
1.7883128021E-5
2.8396723791E-5
4.1588221210E-5
4.0645920671E-5
3.9176421705E-5
3.3389346207E-5
2.4119252338E-5
2.2905098739E-5
2.3596244864E-5
2.1101091988E-5
2.8408889192E-5
2.6864861138E-5
2.8164871036E-5
2.8989568817E-5
3.2385555095E-5
3.9637775626E-5
3.8487650453E-5
2.6785803492E-5
2.4641864001E-5
1.1008500587E-5
2.9751344117E-5
2.1790817845E-5
4.0001957677E-5
3.4525885712E-5
3.4023029729E-5
3.5071384627E-5
2.4120020680E-5
2.9416929464E-5
2.5102833751E-5
3.4922535996E-5
3.4269795287E-5
2.0442868117E-5
3.0196493025E-5
3.1301740090E-5
3.7935399450E-5
3.2872951123E-5
3.7517049349E-5
1.8653471488E-5
1.7046905122E-5
1.9779358990E-5
3.0968501231E-5
2.2874167188E-5
2.0825269166E-5
3.1288620083E-5
2.6136764790E-5
3.2680982257E-5
3.7377176340E-5
3.3496785908E-5
2.8236396610E-5
2.5626213755E-5
3.0195747967E-5
2.5001668836E-5
2.0443752873E-5
3.1573127489E-5
3.4880416933E-5
2.8445315546E-5
2.5167316198E-5
2.4941307492E-5
3.2816617749E-5
2.2069679107E-5
2.7936126570E-5
3.0712760053E-5
2.0106881857E-5
2.2253976203E-5
1.9851664547E-5
3.2532704062E-5
2.5184045080E-5
2.2269308101E-5
2.5069271214E-5
2.5222450494E-5
2.4620501790E-5
2.8737017418E-5
2.2045569494E-5
2.8994958847E-5
2.4192885029E-5
2.2119702771E-5
2.9861647635E-5
3.4112157300E-5
3.3214688300E-5
3.1825224868E-5
2.3149966728E-5
2.4835835211E-5
3.4366827457E-5
2.6149000040E-5
2.9889028518E-5
2.6652985252E-5
4.2145792395E-5
2.7733808382E-5
2.9095797799E-5
2.9042141977E-5
2.7548486831E-5
2.3278128355E-5
2.6031956075E-5
2.8679601382E-5
3.0110264196E-5
2.0061212126E-5
3.0128390061E-5
3.1607155687E-5
2.9718910809E-5
3.2451341393E-5
3.1447387299E-5
2.8945691882E-5
2.9678607824E-5
2.1052907686E-5
2.3727398365E-5
2.3826363030E-5
3.4894235431E-5
3.0210020485E-5
2.5826343335E-5
3.0595087445E-5
2.6099849492E-5
2.7539685833E-5
2.9796070884E-5
3.3696147147E-5
2.6203761808E-5
2.2170820738E-5
1.9231648184E-5
3.1095673330E-5
3.4994259476E-5
2.6567862368E-5
2.8941826894E-5
2.6639236602E-5
2.4054700042E-5
3.0455959494E-5
2.9607524629E-5
2.0604161545E-5
2.7939490973E-5
2.7474341913E-5
2.5740556884E-5
2.3131899069E-5
2.7079414575E-5
2.4966057389E-5
2.7074653189E-5
3.5487802233E-5
1.9139447249E-5
2.9170815832E-5
3.1398667487E-5
3.1406909692E-5
2.5186839047E-5
3.5753741394E-5
4.6665524133E-5
3.1823292374E-6
1.8106133211E-5
2.7270452119E-5
2.2836576681E-5
2.5071401614E-5
3.4757331013E-5
2.8345396276E-5
2.5240785907E-5
2.2756028920E-5
2.8981652576E-5
1.9976194016E-5
2.4516088887E-5
2.9074097983E-5
2.5226967409E-5
3.3702026121E-5
2.1073361858E-5
3.4957239404E-5
3.5746896173E-5
2.8435490093E-5
3.5343109630E-5
2.8557551558E-5
2.1542073227E-5
3.1864491756E-5
3.2065552658E-5
3.2149231992E-5
2.1429033950E-5
2.2306700702E-5
2.8840196318E-5
3.2530608586E-5
2.7347938157E-5
2.6829168200E-5
2.1823088172E-5
3.4173869062E-5
2.5790894869E-5
3.5863579250E-5
2.3376522585E-5
3.2105355057E-5
3.0302908271E-5
2.4546799250E-5
3.1566550023E-5
3.0116795096E-5
2.7967174537E-5
3.1332159414E-5
2.2647180594E-5
2.2497144527E-5
2.6019487995E-5
1.9831769168E-5
3.5834696609E-5
2.7373072225E-5
3.7158979103E-5
3.3223291393E-5
3.1693791970E-5
2.4399196263E-5
1.7912359908E-5
3.5116681828E-5
3.5157240927E-5
2.3468665312E-5
2.5194510817E-5
3.2023317180E-5
2.7192372363E-5
2.9968307353E-5
2.3247906938E-5
2.6438711210E-5
3.0558323487E-5
2.5433837436E-5
2.3555196821E-5
3.0509813222E-5
2.5758869014E-5
3.0006642918E-5
2.8972525614E-5
1.6331044026E-5
4.0340353735E-5
2.1168787498E-5
2.7420849073E-5
2.7551862876E-5
2.6890693698E-5
2.3240956943E-5
3.8609805051E-5
2.6086915749E-5
2.6355753652E-5
1.8608896062E-5
2.6295182760E-5
2.2289901971E-5
3.2674148678E-5
2.7855299413E-5
3.0319124925E-5
3.1142949592E-5
2.2542348597E-5
3.0140345916E-5
4.1246705223E-5
3.1165720429E-5
2.8274161740E-5
2.4008401669E-5
2.4851597845E-5
2.0051281899E-5
3.0295981559E-5
3.5626010503E-5
3.9049575570E-5
3.7239189259E-5
2.3791135754E-5
2.0485313143E-5
2.6317918672E-5
2.4411012418E-5
2.2009131498E-5
3.7785049062E-5
4.2868067976E-5
2.5563372764E-5
2.3497699294E-5
2.0343484357E-5
2.6751356199E-5
1.5166832600E-5
1.9975111354E-5
1.9317620899E-5
2.0266126375E-5
2.7514901011E-5
3.9457587991E-5
3.9176701102E-5
3.3240742049E-5
3.3905776217E-5
2.9022688977E-6
-1.2225238606E-6
1.3003568165E-5
2.1228345576E-5
3.6075012758E-5
5.2024051547E-5
4.6352087520E-5
3.5517918877E-5
1.6763259191E-5
1.1916656513E-5
1.8006132450E-5
1.3303663582E-5
1.7512077465E-5
3.0667020473E-5
2.5186210405E-5
3.1156628392E-5
2.9632705263E-5
3.1581742223E-5
3.0698580667E-5
2.6703416369E-5
2.7113570831E-5
1.7734058201E-5
2.4503993336E-5
2.1844694856E-5
1.1136091780E-5
2.6381190400E-5
3.8955500349E-5
4.0619971696E-5
5.3764099721E-5
4.7459558119E-5
2.1343119442E-5
-6.4069521613E-6
-1.7152132932E-5
5.1274430007E-6
5.3488323465E-5
7.1843655316E-5
4.5022123959E-5
2.7994555420E-5
1.2644752860E-5
1.9289436750E-6
6.1477068812E-6
1.1309178080E-5
2.3263960611E-5
2.9749679378E-5
4.5842840336E-5
3.9306981489E-5
2.8001109603E-5
3.1336001119E-5
2.3961591068E-5
1.7496990040E-5
1.3532140292E-5
2.2459309548E-5
2.4951947852E-5
3.1110085546E-5
2.8332602232E-5
3.0051800422E-5
2.2795447148E-5
2.8926006052E-5
3.1470588873E-5
2.8170994482E-5
2.3372028954E-5
2.4142814800E-5
2.0995666273E-5
2.9346358496E-5
3.4714385401E-5
3.0185934155E-5
3.1808938364E-5
2.8185138944E-5
2.8491101693E-5
2.7527217752E-5
3.6298367194E-5
2.2213708143E-5
2.6523193810E-5
3.0285574029E-5
3.0448078177E-5
3.4460180904E-5
2.7501035946E-5
3.1457690055E-5
2.8631265740E-5
3.0076189431E-5
2.8873491100E-5
3.0520616564E-5
2.2561126388E-5
3.2811588607E-5
2.3634545505E-5
2.8051412664E-5
2.8759834821E-5
3.0707707628E-5
3.2120244577E-5
2.1720444783E-5
2.2876635193E-5
2.6438280474E-5
2.6214891113E-5
2.4190521799E-5
2.1259032655E-5
2.5429355446E-5
2.7989433146E-5
3.6237481981E-5
3.3915904350E-5
2.8332602232E-5
3.0646787490E-5
2.7478265109E-5
2.5900313630E-5
2.9349874239E-5
2.7819466777E-5
2.2566737607E-5
3.1447072978E-5
3.2765057403E-5
3.4348445478E-5
2.7126271742E-5
2.2384396288E-5
2.4393619969E-5
3.0218821484E-5
2.5053555145E-5
2.2958521731E-5
2.0604755263E-5
2.9623648151E-5
2.7589837554E-5
3.8589455652E-5
3.4468225203E-5
3.2465893309E-5
2.7086155022E-5
1.7917901277E-5
2.2968591656E-5
3.1425140332E-5
2.4200475309E-5
3.3598404843E-5
2.2762175649E-5
3.5945069975E-5
2.9630842618E-5
3.0986138153E-5
2.3889821022E-5
2.4459732230E-5
2.4109729565E-5
1.8472189549E-5
2.2958125919E-5
2.3571413475E-5
3.2480643130E-5
3.0148797667E-5
3.8787233642E-5
2.3021397646E-5
2.0635745022E-5
2.7201196644E-5
3.3811060711E-5
2.4654972366E-5
2.5890558026E-5
2.6880751829E-5
3.1011621467E-5
3.5564042627E-5
2.6335392612E-5
2.1534110419E-5
2.3155426606E-5
2.7658871840E-5
2.9241316951E-5
2.0072038751E-5
2.8665992431E-5
2.8541614300E-5
2.2434676066E-5
2.4505984037E-5
1.8003396690E-5
2.4226598907E-5
3.3412408083E-5
2.7191278058E-5
2.8618355281E-5
2.4057389236E-5
2.4138670414E-5
2.4528824723E-5
2.4686485994E-5
2.9775570146E-5
2.9567733872E-5
2.5035801809E-5
3.1887332442E-5
2.7258927002E-5
2.5476899463E-5
2.8606387786E-5
2.8126011602E-5
2.2571848239E-5
2.4480069987E-5
3.1531020067E-5
2.3855455219E-5
2.9028602875E-5
2.4211907293E-5
1.8160417676E-5
3.2679003197E-5
3.0248239636E-5
2.3036892525E-5
2.1798699162E-5
2.5369971990E-5
2.5356351397E-5
3.3323955721E-5
2.9400340281E-5
2.7060066349E-5
2.7053011581E-5
2.9408978298E-5
2.4655053857E-5
8.5004139693E-6
3.8466416300E-6
4.4843822252E-5
2.8912595007E-5
3.5223527811E-5
1.8775218632E-5
2.8206128626E-5
2.6797782629E-5
3.3663760404E-5
3.2623088918E-5
3.2481632660E-5
2.9609503689E-5
2.7501967269E-5
3.3963460009E-5
1.7380353529E-5
2.7463817968E-5
1.8408580217E-5
1.5436566900E-5
3.3843016717E-5
3.7200166843E-5
2.2023217752E-5
2.6825210079E-5
2.9287533834E-5
2.3442693054E-5
2.3680413141E-5
2.6138557586E-5
3.1189655418E-5
2.6209186762E-5
2.9198243282E-5
3.7185475230E-5
3.7061888724E-5
3.2029091380E-5
2.7835718355E-5
2.4344306439E-5
3.0731712467E-5
2.6867922860E-5
2.3399037308E-5
3.4346093889E-5
3.7826423067E-5
2.4822249542E-5
3.1256792135E-5
2.8269155882E-5
2.3140513803E-5
2.5806331541E-5
2.5602581444E-5
2.2970850113E-5
3.5442586522E-5
2.7447345200E-5
3.4960859920E-5
2.7823087293E-5
2.4829211179E-5
2.3413926828E-5
3.6782503593E-5
2.3622217122E-5
2.1573889535E-5
2.4899316485E-5
2.8739543631E-5
2.3213471285E-5
2.1371094044E-5
3.2681075390E-5
2.4185958318E-5
2.7334212791E-5
2.4117622524E-5
3.1187396961E-5
2.3890763986E-5
2.6422482914E-5
2.5840895250E-5
2.5379669386E-5
1.4728622045E-5
2.5826552882E-5
3.0488241463E-5
3.3128517680E-5
2.0169687923E-5
2.8691370971E-5
2.9505381825E-5
2.1383096463E-5
3.0564027837E-5
2.6806280948E-5
1.7500331160E-5
3.1425000633E-5
2.8372544329E-5
3.1582987867E-5
3.7607387639E-5
2.8989079873E-5
3.3858686219E-5
2.7164141647E-5
2.2630929015E-5
3.0059413984E-5
3.4772010985E-5
2.1785986609E-5
2.2924714721E-5
3.6319438367E-5
2.7821480761E-5
2.8899963944E-5
2.9960472602E-5
3.0348938889E-5
2.0478444639E-5
1.1127907783E-5
2.3775955196E-5
2.1863798611E-5
2.0808540284E-5
3.4108932595E-5
3.2211304642E-5
3.4110050182E-5
3.1031039543E-5
3.2308325171E-5
1.3475376181E-5
9.3716080301E-6
2.3105728905E-5
2.6341807096E-5
2.6684231124E-5
3.1411543022E-5
3.5595870576E-5
3.6990176886E-5
2.5343568995E-5
1.3166212011E-5
1.7304008361E-5
1.8898653798E-5
3.0628417152E-5
2.8832932002E-5
5.2154238802E-5
4.5856309589E-5
2.6743556372E-5
1.7218221910E-5
2.5329587515E-5
2.1641259081E-5
2.3185275495E-5
3.1727028544E-5
2.3107847664E-5
2.1077040583E-5
2.7041044086E-5
2.1049589850E-5
3.6531756631E-5
3.4285127184E-5
4.0310155600E-5
4.7687464394E-5
2.9711588285E-5
2.4870317429E-5
9.4348681160E-6
1.1199864093E-5
-5.8524310592E-7
2.2986193653E-5
5.5739912205E-5
7.7834900005E-5
4.6590995043E-5
1.6382802278E-5
-2.4570897221E-5
4.2765866965E-6
3.1052774283E-5
3.8120523094E-5
4.4727127533E-5
4.6025414485E-5
4.1776918806E-5
3.8745603524E-5
2.5822268798E-5
2.0663987379E-5
1.9677623640E-5
1.6856892034E-5
1.8605310470E-5
3.0973542015E-5
3.5750609822E-5
3.2339710741E-5
3.1193206086E-5
3.2692321110E-5
2.5577051564E-5
8.9388224298E-6
2.8808589558E-5
2.0074530039E-5
1.9993295427E-5
2.9421038925E-5
3.1926063820E-5
3.1687016598E-5
3.5488721914E-5
2.7477322145E-5
2.2783456370E-5
2.4103675968E-5
2.5653606280E-5
2.5263463612E-5
2.6525859720E-5
1.8999725580E-5
2.2158469073E-5
3.8566824514E-5
3.4330680500E-5
3.4641334786E-5
2.8686237055E-5
3.4196255728E-5
2.4976010900E-5
1.8313701730E-5
2.8101680799E-5
3.0499929561E-5
1.8843554426E-5
3.2616709358E-5
2.4414062500E-5
2.0821904762E-5
2.9451958834E-5
2.3304356727E-5
2.0321493502E-5
2.3064017295E-5
2.3290026001E-5
1.7056660727E-5
2.1257670596E-5
2.3959786631E-5
4.2006827425E-5
3.1779939308E-5
4.0176068432E-5
3.5268056671E-5
3.2057659699E-5
3.1347759067E-5
2.5365641340E-5
3.3523701131E-5
2.2900686599E-5
2.4600082542E-5
2.1954672411E-5
3.2277905847E-5
2.6607152539E-5
3.1824177130E-5
2.3915804922E-5
2.3283192422E-5
2.9304181225E-5
2.7027784380E-5
2.0966911688E-5
2.4169054813E-5
2.3548840545E-5
3.3350836019E-5
2.4066504556E-5
2.7005013543E-5
2.7469405904E-5
2.2512383293E-5
2.5417003780E-5
2.4727638810E-5
2.3626489564E-5
1.9938894547E-5
2.4963635951E-5
1.6430439427E-5
2.7550244703E-5
3.7885608617E-5
2.8512801508E-5
2.7784879784E-5
2.3552868515E-5
2.5010004173E-5
2.8354639652E-5
2.4832831695E-5
3.1036464497E-5
2.6974338106E-5
2.7576030697E-5
3.1478097661E-5
2.8353021479E-5
3.0483095906E-5
3.5658001433E-5
1.6652641352E-5
3.1323079018E-5
2.5952642317E-5
3.2530061434E-5
2.4387612938E-5
2.8955424204E-5
3.2586778979E-5
3.0097132548E-5
3.0131370294E-5
2.3029395379E-5
2.0234414842E-5
2.9492878820E-5
2.8956437017E-5
2.1709280554E-5
2.5713036302E-5
2.3910577874E-5
2.5380658916E-5
3.0150695237E-5
3.3916172105E-5
2.7298356871E-5
2.8647168073E-5
3.2431585713E-5
2.4557614232E-5
1.9428576342E-5
2.0446244161E-5
2.5780685245E-5
3.1483569182E-5
2.1315203048E-5
3.4601299557E-5
3.6698987241E-5
3.0902831348E-5
2.3680925369E-5
2.9988971072E-5
2.6534707285E-5
3.1551730352E-5
3.0861177947E-5
3.3842877018E-5
3.3054384402E-5
3.2244331668E-5
2.5928940157E-5
2.5383464526E-5
1.9390473607E-5
2.5831919628E-5
2.4254026356E-5
2.3948238231E-5
2.3251608945E-5
2.5908811948E-5
2.9230630024E-5
2.6055471971E-5
2.5451101828E-5
3.5946967545E-5
2.5815737899E-5
3.1949940602E-5
3.0612142290E-5
1.8756277859E-5
3.0162825714E-5
2.4401408154E-5
2.3087882436E-5
1.9455084111E-5
3.6234292201E-5
4.4240150600E-5
3.1298166140E-5
2.2515724413E-5
1.1550658382E-5
5.0928909331E-6
5.0337985158E-6
6.4984022176E-5
4.7911726870E-5
2.1273270249E-5
2.8281216509E-5
1.5887233894E-5
2.6827584951E-5
3.0977721325E-5
3.0748336575E-5
2.5097350589E-5
2.2296188399E-5
2.2881058976E-5
2.7971121016E-5
1.4674500562E-5
3.0013837385E-5
2.7982331812E-5
2.9441388323E-5
2.3785256780E-5
2.1021033171E-5
2.7127901557E-5
2.4303246755E-5
2.4032779037E-5
2.1830166224E-5
2.8493569698E-5
2.0075577777E-5
2.5173253379E-5
2.4725042749E-5
2.1948863286E-5
2.3431959562E-5
2.4476821999E-5
2.9187649488E-5
2.9801717027E-5
2.8537760954E-5
3.4149363637E-5
2.2952572908E-5
3.4905015490E-5
2.1367135923E-5
2.3295218124E-5
2.5705178268E-5
2.5861919857E-5
3.5768176894E-5
2.7485215105E-5
2.0818784833E-5
1.9508239347E-5
2.9219582210E-5
2.8165895491E-5
3.7117500323E-5
3.5415997263E-5
2.6282970793E-5
2.0149664487E-5
2.4073780514E-5
2.9049406293E-5
2.7142686303E-5
2.6376137975E-5
2.0070839673E-5
3.1165312975E-5
2.5925657246E-5
2.7936231344E-5
2.8121634386E-5
2.6766269001E-5
2.4431105703E-5
2.5255337823E-5
3.6675692536E-5
3.0880712438E-5
2.9354961589E-5
2.7302023954E-5
3.2556604128E-5
3.1656771897E-5
3.3162441104E-5
2.7844926807E-5
2.6091432664E-5
3.0265399254E-5
2.9721611644E-5
2.3983977734E-5
2.1413073409E-5
2.7551082893E-5
3.7433509714E-5
3.3382559195E-5
3.2023387029E-5
3.1656923238E-5
2.2930267732E-5
2.6949751190E-5
3.0120415612E-5
2.3505988064E-5
2.0984455477E-5
2.4046585895E-5
3.0005106236E-5
3.6965310573E-5
3.1904107890E-5
4.3087708764E-5
3.1304801813E-5
3.5700097214E-5
2.6823347434E-5
2.6074680499E-5
1.9423419144E-5
2.6315590366E-5
2.5766238104E-5
2.7510535437E-5
3.3435074146E-5
3.9749871939E-5
3.0241312924E-5
2.4128286168E-5
2.4803611449E-5
1.5277217608E-5
1.9282544963E-5
2.1073583047E-5
2.5020795874E-5
3.4301122650E-5
2.9759632888E-5
2.5342346634E-5
3.2371375709E-5
2.6279827579E-5
2.1786044817E-5
2.1993531845E-5
1.4096067753E-5
2.9373355209E-5
3.1618087086E-5
3.3430580514E-5
2.4180312175E-5
3.0655926093E-5
2.3099535610E-5
2.4341035168E-5
3.0258600599E-5
2.5238329544E-5
2.3958738893E-5
2.4130847304E-5
2.4305365513E-5
2.3123691789E-5
1.8618733156E-5
3.3433851785E-5
3.5258871502E-5
3.9559730794E-5
4.1388196404E-5
2.4990632664E-5
4.7189998441E-6
-1.4055368956E-5
8.6014275439E-6
4.2527867481E-5
7.7825132760E-5
4.3336895760E-5
3.3857731614E-5
2.0541890990E-5
2.2773991804E-5
8.8759697973E-7
1.7259165179E-5
2.0187022164E-5
2.4411187041E-5
2.9890565201E-5
3.9865309372E-5
2.7529569342E-5
3.2128719612E-5
2.9436277690E-5
2.8503546491E-5
2.1332921460E-5
2.8661568648E-5
2.9256893321E-5
2.3045914713E-5
2.7839711401E-5
4.2453745845E-5
3.6932411603E-5
3.5636837128E-5
2.6370189152E-5
2.9316486324E-5
1.9006826915E-5
2.8701673726E-5
1.9937241450E-5
2.4014594964E-5
2.5910546537E-5
1.9365444313E-5
3.0564062762E-5
3.4855899866E-5
2.7627032249E-5
2.4619803298E-5
2.7586496434E-5
1.7803779337E-5
2.0897004287E-5
2.8185732662E-5
3.2985419965E-5
2.6641611475E-5
3.0188600066E-5
3.6307692062E-5
3.3623201306E-5
2.2941792849E-5
2.4840934201E-5
3.3799489028E-5
2.9491842723E-5
2.0400527864E-5
2.0989333279E-5
2.3376056924E-5
2.4902273435E-5
2.8888788073E-5
2.4811853654E-5
3.1842663883E-5
2.7576135470E-5
2.6196008547E-5
2.6361760682E-5
2.3315660655E-5
1.7313298303E-5
3.1720357946E-5
3.0318857169E-5
2.2331823129E-5
2.7773983310E-5
2.3271911777E-5
2.4411070626E-5
2.2746529429E-5
2.6168231852E-5
2.8216675855E-5
2.1697324700E-5
2.6649376377E-5
3.1993561423E-5
2.2457621526E-5
3.4457992296E-5
3.4182611852E-5
4.4495437760E-5
3.0402210540E-5
1.8564867787E-5
3.3128517679E-5
1.7732346896E-5
2.5212962645E-5
2.2883038036E-5
2.3728481028E-5
3.0331918969E-5
3.0139670707E-5
2.6070117018E-5
2.4276494513E-5
2.4429475888E-5
2.6154133956E-5
2.1958351135E-5
2.2334267851E-5
3.0347774736E-5
2.5858276057E-5
3.2041920348E-5
3.2915023620E-5
3.1008885707E-5
2.2261030972E-5
2.6631890795E-5
2.5903666391E-5
1.6895600129E-5
2.5238620582E-5
2.6113179045E-5
2.9925990383E-5
3.0520546715E-5
2.6549072935E-5
2.6895920745E-5
3.5160058177E-5
3.3689895644E-5
2.1971168462E-5
1.9491242710E-5
2.4499103892E-5
2.7669244445E-5
3.3674773294E-5
2.3375137243E-5
2.8187152929E-5
3.8108043372E-5
2.9253866523E-5
2.7616729493E-5
2.2953003644E-5
2.9668910428E-5
2.2819137666E-5
2.4767708964E-5
2.4188519455E-5
2.0820624195E-5
2.7622736524E-5
3.3690931741E-5
2.5140889920E-5
2.2686482407E-5
2.8736330568E-5
2.8634816407E-5
2.2938731126E-5
2.3041421081E-5
2.1266553085E-5
3.4276116639E-5
2.1769234444E-5
1.9039225298E-5
2.6916200294E-5
2.5217700749E-5
2.7575879357E-5
2.8501788619E-5
2.4432083591E-5
2.6928540319E-5
3.3279554918E-5
2.8080272022E-5
2.4854892398E-5
2.0677770953E-5
3.0400475952E-5
3.2470910809E-5
2.7799105736E-5
2.4150300305E-5
1.8649047706E-5
2.8530845883E-5
1.3865379151E-5
2.0950299222E-5
2.9177393298E-5
2.7352187316E-5
2.8275465592E-5
2.8491183183E-5
2.9825058299E-5
3.0406320001E-5
2.2740894928E-5
2.5982793886E-5
2.2273580543E-5
3.0497740953E-5
2.4895695969E-5
3.2138195819E-5
3.1068723182E-5
3.1351658981E-5
3.5345589276E-5
2.6226299814E-5
2.3305392824E-5
1.4181272127E-5
1.5413900837E-5
1.7715652939E-5
1.6874691937E-5
4.1821098420E-5
7.9417380042E-5
1.7140095588E-5
1.0598322842E-5
1.7081142869E-5
3.2257509883E-5
2.6566488668E-5
2.6661599985E-5
3.2693555112E-5
2.7313735335E-5
2.3857096675E-5
3.1156803015E-5
2.9149767942E-5
2.8885691426E-5
3.3769768197E-5
2.5376596022E-5
2.2658298258E-5
2.7965160552E-5
2.5662791449E-5
2.7204374782E-5
2.2146629635E-5
2.9340246691E-5
2.8264021966E-5
2.4305644910E-5
2.9355031437E-5
2.4523760657E-5
2.6582484133E-5
2.3058406077E-5
3.1852466053E-5
2.5586318224E-5
2.5750685017E-5
3.0564563348E-5
1.8193491269E-5
3.4178129862E-5
2.9543181880E-5
2.4736789055E-5
2.1053501404E-5
3.1918042804E-5
2.2904796060E-5
2.1354376804E-5
2.2102834191E-5
3.6844704299E-5
2.9276602435E-5
3.1130225397E-5
2.3270735982E-5
2.1246785763E-5
2.5654630735E-5
3.0670280102E-5
1.9899976905E-5
3.1966133974E-5
1.9064883236E-5
2.7178169693E-5
1.3512722217E-5
3.2573717180E-5
2.1447520703E-5
2.9943895060E-5
3.1043030321E-5
2.9260304290E-5
3.0287296976E-5
2.7910969219E-5
2.7203769422E-5
2.4496042169E-5
1.4409027062E-5
3.4753209911E-5
3.5082676913E-5
2.9276043642E-5
3.3372885081E-5
3.5368115640E-5
2.2384943440E-5
2.9804836958E-5
3.0222837812E-5
2.5574513710E-5
2.1451129578E-5
2.5309133343E-5
2.4011381901E-5
1.8758256919E-5
3.4106743987E-5
2.7463247533E-5
3.5760877654E-5
3.0829035676E-5
2.6331946719E-5
1.5452085063E-5
2.1013501100E-5
3.0250020790E-5
2.7849734760E-5
2.4831795599E-5
2.7175922877E-5
2.9086647555E-5
3.8047542329E-5
3.0518963467E-5
2.3648608475E-5
1.1369690765E-5
1.1988019105E-5
3.2673252280E-5
2.8237921651E-5
3.5506417043E-5
3.0843750573E-5
3.1564105301E-5
3.1211448367E-5
3.3706112298E-5
2.0170293283E-5
1.9822781905E-5
3.1379226129E-5
1.6627856530E-5
2.2042356431E-5
2.6674568652E-5
3.2616476528E-5
2.4042278528E-5
3.1671335454E-5
2.2815412375E-5
2.6338524185E-5
3.0644680373E-5
2.8451974503E-5
2.3755838628E-5
1.9467412494E-5
1.8007960170E-5
2.8214184566E-5
3.2726698554E-5
3.5624240990E-5
3.5022129304E-5
3.3381208777E-5
2.7188134844E-5
2.2153742611E-5
2.2899918257E-5
2.2157980129E-5
2.3291492834E-5
1.6320613213E-5
4.0633731987E-5
5.5506650824E-5
2.4414062500E-5
2.9461062512E-5
-1.7337047029E-5
-1.3416167349E-6
1.9108853303E-5
3.3076026011E-5
4.5647146180E-5
4.0901068132E-5
3.9923225995E-5
3.9536773692E-5
3.5977282095E-5
1.3481418137E-5
1.7229444347E-5
2.2272323258E-5
2.6785733643E-5
2.8534652665E-5
2.5791965890E-5
2.4783832486E-5
2.9967608861E-5
2.8098956681E-5
3.3429625909E-5
3.4529378171E-5
3.7084787618E-5
1.9752013031E-5
2.5750277563E-5
3.4365826286E-5
3.2059114891E-5
3.1835073604E-5
3.3550569787E-5
3.0065688769E-5
3.3252814318E-5
3.0087423510E-5
2.9405183158E-5
3.0925113241E-5
2.0304706413E-5
2.7097656856E-5
2.3618561681E-5
2.7042464352E-5
3.3637089654E-5
2.1707860287E-5
3.3480580895E-5
3.0853308271E-5
2.7579278684E-5
2.6313296984E-5
2.8687587473E-5
2.2676296066E-5
2.0658900030E-5
2.4720933288E-5
2.9501540120E-5
2.6876700575E-5
2.3439212236E-5
2.5554909370E-5
2.5966647080E-5
2.3176823742E-5
2.1284073591E-5
3.0599755699E-5
2.5945669040E-5
1.5471794177E-5
2.8315919917E-5
4.0121865458E-5
3.3065374009E-5
3.0186050571E-5
2.7539266738E-5
2.3898715153E-5
3.2611237838E-5
2.5627901777E-5
1.5986198559E-5
2.9760424512E-5
2.4131475947E-5
2.7357833459E-5
3.3103430177E-5
3.3868616446E-5
3.1332485377E-5
1.9416550640E-5
2.6595720555E-5
2.2866565268E-5
2.0952406339E-5
3.2800808548E-5
2.2172729950E-5
1.6770220827E-5
2.7975859119E-5
2.6943406555E-5
2.5304045993E-5
2.6696699205E-5
2.2205023560E-5
2.4114281404E-5
2.2268714383E-5
2.1101511083E-5
2.5955273303E-5
2.9875081963E-5
2.1218159236E-5
1.9781617447E-5
2.7348764706E-5
2.7549220248E-5
2.5130331050E-5
2.8898764866E-5
2.7099810540E-5
2.1289382129E-5
2.4801783729E-5
1.7342250794E-5
2.5419937446E-5
2.9872579033E-5
3.0398671514E-5
3.7370715290E-5
3.3426017034E-5
3.4790881909E-5
2.3391295689E-5
1.6407307703E-5
2.2960011847E-5
2.5925529189E-5
1.5906221233E-5
2.1675450261E-5
2.8084975201E-5
3.0343513935E-5
3.1827553174E-5
2.6200851425E-5
2.8069957624E-5
3.0803948174E-5
2.6788702234E-5
2.3596559185E-5
2.8667098376E-5
3.0886637978E-5
3.0570966191E-5
2.3968331515E-5
3.0012731439E-5
2.8642674441E-5
2.5756971444E-5
2.6794534642E-5
2.2154964972E-5
3.0054117086E-5
2.5199644733E-5
2.2431288380E-5
2.4709955323E-5
2.9881624504E-5
2.6928028091E-5
3.0068517662E-5
3.1828542705E-5
3.4031306858E-5
2.3532833438E-5
2.9236951376E-5
3.3139472361E-5
2.8127327095E-5
2.5459192693E-5
2.4948467034E-5
3.3288006670E-5
3.6247656680E-5
2.3608724586E-5
2.6924663688E-5
3.1791219953E-5
2.5033846031E-5
2.5291345082E-5
3.1569029669E-5
2.5740638374E-5
3.0784588306E-5
2.4852296337E-5
2.7720874640E-5
3.3980316947E-5
2.8268340975E-5
2.4948432109E-5
2.8783467132E-5
2.0714057609E-5
2.1675578318E-5
2.2504525259E-5
3.0195480212E-5
3.4597388003E-5
2.7301278896E-5
4.0265766438E-5
2.0673673134E-5
2.6966852601E-5
2.2161216475E-5
2.1797395311E-5
2.2150413133E-5
2.8410495724E-5
3.4711090847E-5
3.7057732697E-5
3.4754548687E-5
4.4581771362E-5
1.8827128224E-5
2.7334142941E-5
2.3578666150E-5
2.2946752142E-5
1.1441158131E-5
2.1703157108E-5
8.2472711804E-5
5.7906517759E-5
2.5949208066E-6
2.0429282449E-5
2.5876518338E-5
1.9353651441E-5
1.9662478007E-5
4.0755432565E-5
4.0807004552E-5
2.9083492699E-5
2.1003431175E-5
2.6887014973E-5
1.9545026589E-5
2.2215745411E-5
2.2148597054E-5
2.8950255364E-5
2.1933985408E-5
3.0907779000E-5
3.7996226456E-5
2.9736221767E-5
2.9006623662E-5
2.6816385798E-5
2.8381473384E-5
3.9268820546E-5
3.0344829428E-5
2.6948843151E-5
2.6200176216E-5
3.4143461380E-5
3.3106131013E-5
3.4271355252E-5
3.7711323238E-5
3.7999136839E-5
2.9324286151E-5
2.4452607613E-5
2.3246649652E-5
3.0207948293E-5
3.0212453566E-5
2.3979123216E-5
2.5657948572E-5
3.1561090144E-5
2.4145562201E-5
2.1443504374E-5
2.0948867313E-5
3.3892621286E-5
3.8061710074E-5
2.7761585078E-5
3.1414814293E-5
3.6568706855E-5
2.2365082986E-5
3.7145602982E-5
2.8714700602E-5
2.4919654242E-5
1.8036307301E-5
2.7525646146E-5
3.0661013442E-5
2.4573109112E-5
4.2447540909E-5
3.6859128158E-5
3.3181882463E-5
3.0066119506E-5
3.4368014893E-5
2.1937501151E-5
2.1741306409E-5
2.4538720026E-5
2.9934966004E-5
3.1363673042E-5
3.9946660399E-5
2.5558145716E-5
2.0577618852E-5
2.9024016111E-5
2.8014543931E-5
2.2884621284E-5
2.3151456844E-5
3.2528268638E-5
2.3432169109E-5
2.9548408928E-5
3.3577962312E-5
2.8930162079E-5
3.4638214856E-5
1.8603901844E-5
1.1283648200E-5
1.6466679517E-5
2.4725473485E-5
3.5851250868E-5
3.9427599404E-5
3.2249523792E-5
2.6082759722E-5
3.7542963400E-5
2.5331752840E-5
3.3176096621E-5
2.9297126456E-5
2.4387345183E-5
3.1344394664E-5
2.7902983128E-5
2.4367345031E-5
2.5118712801E-5
2.7149775996E-5
3.3163302577E-5
2.2001226898E-5
3.0142709146E-5
2.9102282132E-5
2.4997838773E-5
2.1267589181E-5
2.8337305411E-5
1.6969011631E-5
3.0360498930E-5
2.9389548580E-5
2.3424963001E-5
3.3167121000E-5
2.9866525437E-5
2.9851263388E-5
1.8709502183E-5
1.3166165445E-5
2.7140707243E-5
3.2616604584E-5
2.8329354244E-5
3.2792321871E-5
3.9655820000E-5
2.7132011018E-5
2.7882144786E-5
3.2231875229E-5
2.2993481252E-5
9.9906232209E-6
5.3144292906E-6
1.4783639926E-5
4.8569776118E-5
5.9268868063E-5
4.2069342453E-5
3.1513045541E-5
2.3870053700E-5
1.8636707682E-5
1.4109991025E-5
2.0685791969E-5
2.8264871797E-5
3.2688817008E-5
4.0862045716E-5
3.0271185095E-5
3.4196046180E-5
2.6290933601E-5
1.8501654267E-5
2.5755749083E-5
2.3584649898E-5
2.4054304231E-5
2.1230638958E-5
3.3593468833E-5
3.4738983958E-5
3.2895081676E-5
4.0240015368E-5
2.8274103532E-5
2.5265943258E-5
2.1739979274E-5
1.9919930491E-5
2.7356378268E-5
1.1300260667E-5
2.4956581182E-5
2.7388590387E-5
3.7134205922E-5
3.4273916389E-5
3.2335717696E-5
2.9625731985E-5
2.7251546270E-5
2.8128677513E-5
2.7333828620E-5
3.2256718258E-5
3.2151816412E-5
2.3671926464E-5
2.8593942988E-5
3.1583209055E-5
3.1456723808E-5
2.9661064035E-5
2.9393052681E-5
2.7779501397E-5
1.9396853167E-5
1.8779968377E-5
1.3512687292E-5
1.9725027959E-5
2.5635026395E-5
2.7862261049E-5
3.9658963214E-5
2.4635088629E-5
3.3122522290E-5
2.0964222494E-5
2.4907710030E-5
2.7598789892E-5
2.9523752163E-5
2.8362986631E-5
2.7141033205E-5
3.0911236535E-5
2.4298205971E-5
2.4303048849E-5
2.8415804262E-5
2.4866522289E-5
2.9856921172E-5
2.3606547620E-5
2.4629605468E-5
3.3191067631E-5
2.4676125030E-5
3.2896595075E-5
2.8982106595E-5
3.2284064218E-5
3.4961896017E-5
2.1676812320E-5
2.5986705440E-5
2.2935087326E-5
2.5586551055E-5
2.8186594135E-5
1.8317147624E-5
3.3230741973E-5
2.9348582028E-5
3.0484166927E-5
3.0807696747E-5
2.6585243176E-5
2.7235283050E-5
2.3089942987E-5
2.8638995717E-5
2.9150361660E-5
2.1996244322E-5
2.8975110035E-5
3.3689022529E-5
2.1403853315E-5
2.0758912432E-5
2.9297918080E-5
2.6489375158E-5
3.7663010880E-5
2.0576058886E-5
2.5535793974E-5
2.3566815070E-5
3.2051466405E-5
2.9682170133E-5
2.1638558246E-5
1.9747612532E-5
2.9053969773E-5
3.2244471366E-5
3.5177683457E-5
2.2885377984E-5
2.5358761194E-5
3.1325325834E-5
2.8118002228E-5
2.7385156135E-5
2.6289746165E-5
2.6340584735E-5
2.4002441205E-5
3.1941116321E-5
3.2779457978E-5
3.0651618726E-5
1.6368099023E-5
2.5677692610E-5
2.9026623814E-5
3.5233108792E-5
2.6288675144E-5
3.5895523614E-5
3.2600341364E-5
2.6326568331E-5
3.1912245321E-5
2.7297448832E-5
2.7082604356E-5
2.4781201500E-5
1.9190902821E-5
4.0919031017E-5
2.3277965374E-5
2.7081393636E-5
2.3144530132E-5
1.9957672339E-5
2.9031943995E-5
2.5762477889E-5
2.4996604770E-5
2.6598828844E-5
2.1449406631E-5
2.4303735699E-5
2.2036139853E-5
1.9360485021E-5
2.0615360699E-5
2.7382222469E-5
2.8687203302E-5
3.0165386851E-5
2.5804352480E-5
2.4670595302E-5
2.4888454936E-5
2.1968083456E-5
2.1436566021E-5
2.8797145932E-5
2.2655457723E-5
2.2478227037E-5
2.7697917539E-5
2.2659124806E-5
2.4012383073E-5
3.2610236666E-5
2.5023811031E-5
3.6230543628E-5
2.4098588619E-5
2.4860550183E-5
2.0035437774E-5
3.2154819927E-5
2.5738263502E-5
2.5117106269E-5
2.3507815785E-5
2.0977074746E-5
2.8835225384E-5
2.2708636242E-5
2.1573738194E-5
1.6429240350E-5
2.5170831940E-5
3.2087590079E-5
2.5369855575E-5
2.1684786770E-5
4.0236557833E-5
2.9548455495E-5
1.1431507301E-5
-1.4923047275E-6
-1.4614197426E-6
4.8857484944E-5
7.8068044969E-5
2.5066779926E-5
1.7751473933E-5
9.3503389508E-6
2.3350294213E-5
2.7617509476E-5
2.0400714129E-5
3.2433425076E-5
3.2082898541E-5
3.0386680736E-5
3.4964899531E-5
2.7768674772E-5
2.1921098232E-5
2.7717440388E-5
2.9307359363E-5
2.1913310047E-5
2.1082966122E-5
1.9587262068E-5
3.2932276371E-5
2.4028460029E-5
2.6188744232E-5
2.0945782307E-5
1.9259331748E-5
2.6149826589E-5
2.5713699869E-5
2.8537074103E-5
3.5372504498E-5
3.1538226175E-5
3.1488935928E-5
2.4580850731E-5
2.5706249289E-5
3.2299791928E-5
2.1606264636E-5
2.8119899798E-5
3.9569707587E-5
2.8001179453E-5
2.2472406271E-5
3.0665635131E-5
3.7973665166E-5
2.7799652889E-5
1.9050179980E-5
2.9604870359E-5
3.5756779834E-5
2.6136182713E-5
2.0545511506E-5
3.6348518915E-5
3.0119938310E-5
2.7762388344E-5
2.4056213442E-5
2.7161173056E-5
3.3992505632E-5
2.2217642981E-5
3.2620725687E-5
3.0633714049E-5
4.1112059261E-5
3.0680082272E-5
2.9598409309E-5
2.8773548547E-5
3.0536227859E-5
3.1242216937E-5
1.6442965716E-5
2.3902032990E-5
2.7991656679E-5
3.1164160463E-5
2.4631875567E-5
1.8452049698E-5
2.7297437190E-5
2.6736571453E-5
2.1939526777E-5
2.8193043544E-5
2.9543717391E-5
2.1108379587E-5
1.4124193694E-5
2.1279801148E-5
3.2676104455E-5
3.9376784116E-5
2.8309249318E-5
1.9683549180E-5
2.7710187714E-5
1.6338611022E-5
2.0557013340E-5
3.2306206412E-5
2.5926972739E-5
3.2997329253E-5
2.9614777303E-5
2.3586861789E-5
3.1065789516E-5
3.2932660542E-5
3.2275437842E-5
3.0652352142E-5
2.7598103042E-5
2.0903209224E-5
2.2622128017E-5
2.6017741765E-5
2.0016438793E-5
3.1420076265E-5
2.7064874302E-5
2.8439075685E-5
2.7002498973E-5
4.2922340799E-5
3.0665355734E-5
2.9289140365E-5
1.7229968216E-5
2.9006251133E-5
2.0464055706E-5
3.7682696711E-5
4.0099432226E-5
2.9173516667E-5
2.5934516452E-5
3.0743144451E-5
2.3719295859E-5
2.4396250955E-5
3.0119740403E-5
2.2957555483E-5
3.0898721888E-5
2.3872626479E-5
2.4039496201E-5
3.1314475927E-5
3.3377401996E-5
3.3582816831E-5
2.8705841395E-5
7.8745069914E-6
1.0253384244E-5
2.5058223400E-5
3.7113716825E-5
4.3002318125E-5
4.6281982213E-5
4.4887070544E-5
2.5822175666E-5
2.9581307898E-5
1.9336352125E-5
1.0989443399E-5
1.6855110880E-5
2.7177447918E-5
2.6881950907E-5
3.2608618493E-5
2.8337538241E-5
4.1177507955E-5
2.4414062500E-5
2.4678395129E-5
2.3888784926E-5
2.4299917276E-5
1.4253496192E-5
2.7479010168E-5
2.4535809643E-5
3.4891837276E-5
3.5876501351E-5
2.8074660803E-5
3.1529797706E-5
3.3084000460E-5
2.3247161880E-5
2.9989657923E-5
2.7222477364E-5
2.1994451526E-5
2.9877678024E-5
3.1995994504E-5
1.9581033848E-5
2.9693299438E-5
3.1820952426E-5
2.7938827406E-5
2.8652534819E-5
2.5215477216E-5
3.3736997283E-5
2.8405827469E-5
2.6410643476E-5
2.7916627004E-5
2.4244782980E-5
3.4224428236E-5
3.2255041877E-5
3.2172200734E-5
2.6246497872E-5
3.0557857825E-5
2.4644052609E-5
2.0932278130E-5
1.4883384574E-5
1.7397431657E-5
3.4446525387E-5
2.9604230075E-5
3.1789951025E-5
2.8240191749E-5
2.3283646441E-5
2.9319815802E-5
2.4887593462E-5
3.5840633790E-5
2.1210382692E-5
2.5320856366E-5
1.6226700973E-5
3.2492610625E-5
2.3000477813E-5
2.8098654001E-5
2.5268946774E-5
2.5164068210E-5
2.9869412537E-5
2.5046942755E-5
2.4135317653E-5
2.7688231784E-5
2.4682737421E-5
2.9913743491E-5
2.4188298266E-5
2.9316591098E-5
3.1545688397E-5
3.3416703808E-5
3.1666352878E-5
2.6786909438E-5
1.8882786389E-5
3.4944945946E-5
3.3860129769E-5
2.7143466286E-5
2.8881861362E-5
2.6241270825E-5
2.8775096870E-5
2.0138313993E-5
3.2781471963E-5
2.0663288887E-5
2.9792042914E-5
1.6335735563E-5
2.1470070351E-5
2.0666676573E-5
2.8347386978E-5
3.4559390041E-5
2.7045432943E-5
3.5260641015E-5
3.1443324405E-5
2.6986992451E-5
2.2714363876E-5
2.3767037782E-5
2.8167827985E-5
2.7206714730E-5
2.5554059538E-5
2.8148689306E-5
2.2373022511E-5
3.3477065153E-5
2.7046073228E-5
2.5341892614E-5
2.8367969207E-5
2.8959475457E-5
2.5053310673E-5
1.7869076691E-5
2.5284523144E-5
2.6321574114E-5
2.6576837990E-5
3.0793447512E-5
3.4395011607E-5
2.3945467546E-5
3.4147256519E-5
2.9831682331E-5
3.0314037575E-5
2.8044369537E-5
2.2075977176E-5
2.4561828467E-5
3.1687051522E-5
2.9697688295E-5
2.7566880453E-5
2.4814938660E-5
1.4898960944E-5
1.5119579621E-5
2.2517866455E-5
2.5830534286E-5
3.4635642077E-5
3.1114323064E-5
2.7406250592E-5
3.5079754888E-5
2.8326117898E-5
2.3012096062E-5
3.0054466332E-5
2.3459829389E-5
2.7688581030E-5
2.9751961119E-5
1.9553501624E-5
3.2530794851E-5
2.9882043599E-5
2.5818368885E-5
1.3143487740E-5
2.3385882377E-5
3.1088094692E-5
1.5588628594E-5
2.8688344172E-5
2.4669279809E-5
2.8459844179E-5
2.5116035249E-5
2.2160913795E-5
2.5283906143E-5
2.3008487187E-5
3.2125553115E-5
2.8507143724E-5
3.7892069667E-5
2.6827096007E-5
2.2443325724E-5
2.2054568398E-5
2.1268078125E-5
3.0820665415E-5
2.0027824212E-5
3.3243629149E-5
3.1541730276E-5
2.9146810993E-5
3.9151147939E-5
2.9160699341E-5
2.2968556731E-5
2.5584723334E-5
1.3448693790E-5
2.4361826945E-5
2.5543267838E-5
2.1121895406E-5
4.0960602928E-5
3.5609304904E-5
4.8608565703E-5
3.5843695513E-5
-1.4686246868E-5
-1.6761955339E-5
5.5477709976E-5
6.6830788274E-5
4.7599407844E-5
2.9631447978E-5
2.8528773691E-5
2.2103730589E-5
2.8664257842E-5
2.8681429102E-5
2.3305276408E-5
3.3007899764E-5
2.6346009690E-5
1.2801459525E-5
3.1828600912E-5
2.5051564443E-5
3.3882202114E-5
1.4038186055E-5
3.1074881553E-5
2.3319164756E-5
2.3698958102E-5
2.8583116363E-5
2.9100221581E-5
2.1012837532E-5
3.2318360172E-5
3.4273182973E-5
2.1325470879E-5
2.2881187033E-5
2.2566004190E-5
2.9469607397E-5
1.9565166440E-5
2.2384466137E-5
2.4501828011E-5
2.9352691490E-5
2.5488005485E-5
1.3549008872E-5
2.8402509633E-5
3.0457018874E-5
2.2454978898E-5
3.3298449125E-5
2.0192249212E-5
2.9455113690E-5
1.4318886679E-5
2.4514354299E-5
2.8192414901E-5
2.5447120424E-5
2.9771996196E-5
2.8037652373E-5
2.9219849966E-5
3.2365345395E-5
3.6405469290E-5
2.1767395083E-5
2.6264181360E-5
2.0887865685E-5
2.7971796225E-5
2.2770999931E-5
2.8273439965E-5
2.0453438628E-5
2.3985735606E-5
1.9252672791E-5
3.2864173408E-5
2.6272109243E-5
2.3286894429E-5
3.3239077310E-5
2.5584630202E-5
2.0773988217E-5
2.3868505377E-5
1.8506776541E-5
3.3364864065E-5
2.5924609508E-5
3.3341976813E-5
3.5600608680E-5
2.8273533097E-5
3.2127799931E-5
1.6136118211E-5
2.7665100060E-5
2.2117584012E-5
3.7983944639E-5
2.4625554214E-5
2.4800153914E-5
3.6802934482E-5
2.4831772316E-5
2.7010531630E-5
3.2424333039E-5
2.8781383298E-5
2.2627797443E-5
2.6569887995E-5
3.2589037437E-5
3.1164055689E-5
2.2297445684E-5
2.5685201399E-5
2.7403247076E-5
2.5024253409E-5
3.8630911149E-5
2.8860161546E-5
2.4886697065E-5
2.3496511857E-5
2.7800223324E-5
2.1235016174E-5
3.0446762684E-5
2.9561831615E-5
2.8515863231E-5
4.0206720587E-5
4.0967529639E-5
3.3586309291E-5
1.5751423780E-5
2.3232365492E-5
1.9198702648E-5
3.6598742008E-5
2.5374302640E-5
3.3646693918E-5
2.7879513799E-5
2.7874100487E-5
2.2978533524E-5
3.2484973780E-5
2.5405513588E-5
1.9739288836E-5
2.1845789160E-5
3.3038773108E-5
2.5306211318E-5
3.0917336698E-5
2.6449235155E-5
4.2581174057E-5
4.0488468948E-5
1.8074014224E-5
4.7433888540E-6
8.4758619778E-6
2.2442999761E-5
2.1871062927E-5
3.9138842839E-5
3.9090996142E-5
2.9176753013E-5
3.0516029801E-5
2.0647386554E-5
2.5792152155E-5
2.4690409191E-5
1.6377051361E-5
2.3760320618E-5
3.0335714108E-5
3.2646313774E-5
3.6808813456E-5
3.2366730738E-5
3.6121823359E-5
2.1603109780E-5
2.3873324971E-5
2.7508323545E-5
2.3867469280E-5
1.7602532170E-5
3.4018012229E-5
2.3942580446E-5
2.9159896075E-5
2.8633233159E-5
3.2329780514E-5
3.1635351478E-5
3.1843129544E-5
2.0003761165E-5
2.7570093515E-5
2.2281636484E-5
2.6744848582E-5
3.5312445833E-5
2.8159085195E-5
3.8735242560E-5
3.9392628241E-5
2.2017885930E-5
2.3602973669E-5
1.9501801580E-5
2.8793199453E-5
2.3033772594E-5
2.6256334967E-5
2.4949805810E-5
4.0163332596E-5
2.9446615371E-5
2.0750472322E-5
3.0860537662E-5
3.4520111511E-5
2.7150008827E-5
2.4632853455E-5
1.9202893600E-5
2.3128802422E-5
3.0818767844E-5
1.6474560835E-5
2.2688438184E-5
2.4318729992E-5
2.4810549803E-5
2.9479945077E-5
3.1009200028E-5
2.2984482348E-5
3.3396435901E-5
1.9568728748E-5
2.4987570940E-5
2.1699338685E-5
3.1713244970E-5
2.5789218488E-5
3.3336679916E-5
2.6433286256E-5
2.1983624901E-5
2.5094347074E-5
3.0221033375E-5
3.1124462838E-5
2.2014195565E-5
1.2063479517E-5
2.5308376643E-5
2.1434971131E-5
2.6690738740E-5
2.4368695448E-5
3.3429777249E-5
2.5325792375E-5
2.3747852537E-5
2.0438223146E-5
2.4160370230E-5
2.6466010603E-5
3.1796039547E-5
3.0238926410E-5
2.0420458167E-5
2.8559460769E-5
2.9535079374E-5
2.6715267449E-5
2.2253545466E-5
2.9389944392E-5
2.6187906041E-5
2.1712039597E-5
2.2611557505E-5
2.0813115406E-5
2.9350328258E-5
2.2364011965E-5
2.3522984702E-5
3.4033483825E-5
1.6772316303E-5
3.1320680863E-5
2.4168239906E-5
2.6413681916E-5
2.9000150970E-5
2.2126547992E-5
2.2172473836E-5
2.1561305038E-5
3.6942737642E-5
2.4062651209E-5
2.4214584846E-5
2.5124265812E-5
2.1853181533E-5
2.2760592401E-5
3.7636479828E-5
2.1894369274E-5
2.2855773568E-5
3.3055478706E-5
3.1917646992E-5
2.7686066459E-5
2.4108798243E-5
2.9245973564E-5
1.7409585416E-5
1.5858805273E-5
2.3290212266E-5
2.3166416212E-5
2.1870795171E-5
2.3800588678E-5
3.0316575429E-5
3.6742747760E-5
3.2634474336E-5
3.0104501638E-5
2.0738434978E-5
2.6052701286E-5
2.9570143669E-5
2.2859207820E-5
2.5554944295E-5
2.8616597409E-5
2.6764930226E-5
2.2830930538E-5
3.1115277669E-5
2.9952789190E-5
1.7178477719E-5
1.3465457596E-5
7.5205694885E-6
2.2420124150E-5
3.3696100581E-5
2.7950294315E-5
2.2494210861E-5
2.9257754795E-5
2.4934241082E-5
3.2738700974E-5
2.7185224462E-5
2.7667568065E-5
1.8557079602E-5
1.3510941062E-5
2.7045549359E-5
2.7921714354E-5
1.9060622435E-5
3.2607861794E-5
3.7331762723E-5
3.0498614068E-5
3.4153542946E-5
2.2824143525E-5
2.3353693541E-5
3.0767847783E-5
2.4215062148E-5
2.2077502217E-5
3.7866574712E-5
2.9592204373E-5
2.4519476573E-5
3.0483223963E-5
3.7459481973E-5
3.4356385003E-5
3.1716632656E-5
2.2739369887E-5
1.9761943258E-5
1.5961530153E-5
2.1535158157E-5
3.8166111335E-5
8.2816125362E-5
6.0081714765E-5
4.6559376642E-6
-7.2973081843E-6
1.7591484357E-5
2.3686105851E-5
3.2426672987E-5
4.1161908302E-5
3.6954076495E-5
2.2338656708E-5
2.6340596377E-5
1.1855165940E-5
2.0791927818E-5
2.4696334730E-5
1.9755214453E-5
2.6858376804E-5
2.7910212520E-5
3.0595820862E-5
2.5308073963E-5
3.6866310983E-5
3.6668067332E-5
2.8999231289E-5
3.1003891489E-5
3.0402024276E-5
9.6765113995E-6
2.1160137839E-5
3.2271759118E-5
2.0585930906E-5
1.6736926045E-5
3.1973840668E-5
2.8907507657E-5
2.9878260101E-5
1.7419620417E-5
3.6535505205E-5
2.7653854340E-5
3.4300948026E-5
2.4013547226E-5
2.3933441843E-5
2.9828760306E-5
2.7550000231E-5
2.2825261112E-5
1.5026598703E-5
3.5406963434E-5
2.6233599055E-5
2.0029768347E-5
3.1267735175E-5
2.1702016238E-5
3.1684560235E-5
2.2074137814E-5
3.0115514527E-5
2.5568250566E-5
2.0465150010E-5
2.0240596495E-5
3.0694971792E-5
3.2653973903E-5
2.1769199520E-5
2.6508793234E-5
2.9476371127E-5
2.5216618087E-5
2.5410810485E-5
2.4836149532E-5
2.3535010404E-5
2.3790332488E-5
2.5564630050E-5
2.1439522970E-5
2.9393692966E-5
2.1468382328E-5
2.2168457508E-5
2.9016297775E-5
1.3794680126E-5
1.3591418974E-5
3.0813529155E-5
3.0173698905E-5
3.3069076016E-5
1.9510486163E-5
1.7643894534E-5
2.4791178293E-5
1.7020793166E-5
2.0432088058E-5
3.7364021409E-5
3.5220431163E-5
3.0323676764E-5
3.9524759631E-5
2.7745706029E-5
2.6003073435E-5
3.0258274636E-5
2.8870173263E-5
2.3274787236E-5
2.6517140213E-5
3.1131121795E-5
2.8411601669E-5
3.0981271992E-5
2.5585410184E-5
2.0133727230E-5
2.7992227114E-5
3.1221366952E-5
3.2794743310E-5
2.6123167481E-5
2.9084074776E-5
2.6391819119E-5
1.8254457973E-5
2.2590241860E-5
2.5815353728E-5
2.4414830841E-5
3.1626329291E-5
2.9084680136E-5
3.1794433015E-5
2.9226555488E-5
2.5454431306E-5
2.6176846585E-5
3.5776058211E-5
2.0147510804E-5
1.6660231631E-5
2.8185790870E-5
2.1914276294E-5
2.7835590298E-5
2.9782368801E-5
3.0107295605E-5
3.4971476997E-5
3.3476098905E-5
1.8801586702E-5
2.2486550733E-5
1.3472395949E-5
1.8638500478E-5
1.6732839867E-5
2.6203796732E-5
6.0089456384E-5
5.0140439998E-5
2.4082302115E-5
5.7859695517E-6
1.1791219004E-5
9.8430085927E-6
2.1675531752E-5
2.6974000502E-5
4.2903993744E-5
3.4546887036E-5
3.4685397985E-5
2.8769997879E-5
2.0168372430E-5
2.0518759265E-5
3.1472195405E-5
2.4381792172E-5
2.0875735208E-5
3.0082114971E-5
3.0573736875E-5
3.6175432614E-5
3.2552122138E-5
3.2362120691E-5
2.6418804190E-5
2.1076097618E-5
2.2747181356E-5
2.0540901459E-5
2.7641991618E-5
2.8999091591E-5
1.8920598086E-5
3.4001376479E-5
3.1079107429E-5
3.5869271960E-5
3.3972656819E-5
2.6460073422E-5
2.7865287847E-5
1.6055651940E-5
2.0594755187E-5
2.6671239174E-5
2.6809703558E-5
2.9495486523E-5
2.8888718224E-5
3.3939280546E-5
2.7930864598E-5
2.3852649610E-5
2.2734329104E-5
2.8565037063E-5
1.8206925597E-5
2.5060586631E-5
3.3187284133E-5
3.3472245558E-5
3.2293691765E-5
3.1170737929E-5
2.4448568001E-5
2.9051653108E-5
2.4022650905E-5
2.7357903309E-5
2.7170206885E-5
3.2353552523E-5
2.1316262427E-5
1.4262995683E-5
3.6352314054E-5
1.9346107729E-5
3.0835554934E-5
3.0175712890E-5
3.4946727100E-5
2.6939215603E-5
2.8467189985E-5
2.3167836479E-5
2.5243114214E-5
2.6191165670E-5
3.0399893875E-5
1.8277100753E-5
3.1942815985E-5
2.3608654737E-5
2.4913344532E-5
2.3426895495E-5
3.3109576906E-5
2.9786478261E-5
2.2501277271E-5
2.4479080456E-5
1.7367245164E-5
2.5813537649E-5
3.1153298913E-5
2.9378500767E-5
3.2497465144E-5
3.0413689091E-5
3.3671397249E-5
2.2106023971E-5
2.1099438890E-5
2.0993477664E-5
2.5883107446E-5
2.2766122128E-5
2.5796529370E-5
2.8537958859E-5
2.5202310643E-5
2.9349070973E-5
2.2183463443E-5
2.8955691959E-5
1.5622435603E-5
3.0142592731E-5
3.0552991665E-5
2.4816533550E-5
3.1714397482E-5
2.4414062500E-5
2.6174914090E-5
3.2625184394E-5
2.1561968605E-5
2.2569240536E-5
2.2620696108E-5
2.7031428180E-5
1.6675877850E-5
2.3007404524E-5
2.9308279044E-5
2.7846556622E-5
2.9994884971E-5
2.0150770433E-5
2.7583865448E-5
2.1008949261E-5
1.8880760762E-5
2.8237188234E-5
2.4306704290E-5
2.3574137594E-5
3.1387025955E-5
3.2629340420E-5
2.4609523825E-5
2.3711414541E-5
3.3276400063E-5
2.1598418243E-5
1.6413570847E-5
2.5461486075E-5
2.4256948381E-5
2.8909055981E-5
2.6222376618E-5
3.2338488381E-5
2.1891342476E-5
3.2660178839E-5
2.8368737548E-5
2.1692994050E-5
2.5490031111E-5
2.5371043011E-5
2.7119624427E-5
2.7124281041E-5
2.8322462457E-5
3.1632801983E-5
3.1724583822E-5
3.2433064188E-5
4.2082986329E-5
3.0115188564E-5
1.8665043171E-5
2.5381753220E-5
1.8758059013E-5
2.4796137586E-5
2.7445820159E-5
3.6817684304E-5
4.5691232662E-5
2.6643159799E-5
2.7092848904E-5
3.0953180976E-5
2.5956798344E-5
1.4751008712E-5
2.4267099797E-5
1.5449430794E-5
2.7424574363E-5
2.5540683418E-5
3.0677637550E-5
3.7921848706E-5
3.5570014733E-5
2.9530958271E-5
2.6003445964E-5
2.8946774545E-5
2.5423918850E-5
1.6051670536E-5
1.7680414021E-5
1.6061775386E-5
4.4976675417E-5
2.7073640376E-5
4.0984095540E-5
4.3235323392E-5
3.3563305623E-5
3.7621753290E-5
3.8410071281E-7
-1.8216017633E-5
3.0745298135E-5
7.7642733234E-5
4.1691341903E-5
3.0584959312E-5
2.5531521532E-5
1.1897715740E-5
1.1354754679E-5
5.6117423811E-6
3.2990332692E-5
2.9115076176E-5
2.6663520838E-5
2.4241383653E-5
3.4546363167E-5
3.0593818518E-5
2.6212434749E-5
1.8789211753E-5
2.0059361122E-5
2.5551964063E-5
2.6694638654E-5
2.7932494412E-5
3.9455038495E-5
2.6098405942E-5
3.1357060652E-5
3.0930654611E-5
2.7434737421E-5
2.9384240042E-5
2.3236707784E-5
2.1490640938E-5
1.5180511400E-5
2.2893061395E-5
2.5081785861E-5
1.6730488278E-5
2.2718938999E-5
2.2296421229E-5
1.9985984545E-5
2.7533539105E-5
2.7107098139E-5
2.9641634318E-5
1.9584561232E-5
2.3816525936E-5
3.1802244484E-5
2.8527155518E-5
2.2240821272E-5
2.9353681020E-5
2.3687153589E-5
1.7181946896E-5
2.6968610472E-5
3.3135095145E-5
2.0837306510E-5
2.4623936042E-5
4.0215102490E-5
2.2322498262E-5
3.0941597651E-5
2.7397600933E-5
2.4456402752E-5
2.8889742679E-5
2.2330973297E-5
2.8916902374E-5
2.7648452669E-5
3.0924915336E-5
3.0094408429E-5
1.9338098354E-5
2.2912723943E-5
2.1094700787E-5
2.1112768445E-5
3.5177636891E-5
3.3113255630E-5
3.5161839331E-5
3.5007321275E-5
2.7521373703E-5
3.2642751466E-5
2.8789520729E-5
2.3357896134E-5
2.1725380793E-5
2.9588420874E-5
3.5569304600E-5
2.8069969266E-5
2.8120272327E-5
3.5812158603E-5
3.1378434505E-5
2.5319750420E-5
3.1887984368E-5
2.2686319425E-5
1.9065628294E-5
2.6421132497E-5
2.3699819575E-5
2.3228046484E-5
3.1757389660E-5
2.8424186165E-5
3.2607151660E-5
3.2513798214E-5
2.9795174486E-5
2.2646738216E-5
2.8457853476E-5
2.8721208218E-5
2.1760037634E-5
2.9736955183E-5
3.3540115691E-5
2.8655922505E-5
2.8745702001E-5
2.9785267542E-5
1.9285618327E-5
1.1876854114E-5
2.1252024453E-5
2.5806308258E-5
2.5588949210E-5
3.5163597203E-5
3.1441811006E-5
2.7020554989E-5
3.1525595113E-5
2.5574467144E-5
2.2551300935E-5
2.6304647326E-5
2.4223246145E-5
1.9427994266E-5
1.9293802324E-5
2.5355687830E-5
2.8854818082E-5
2.6031781453E-5
2.5669287424E-5
2.5039876345E-5
3.0015187803E-5
2.9753753914E-5
2.8315989765E-5
3.2621808349E-5
2.3347511887E-5
2.0736595615E-5
7.0737558419E-6
1.6855564900E-5
6.2563118992E-5
5.9824180790E-5
2.6985688600E-5
1.7838075291E-5
1.5105190687E-5
1.2717768550E-5
1.5993590932E-5
1.7457117792E-5
1.9063358195E-5
3.6080123390E-5
2.9178196563E-5
3.1252182088E-5
2.8278306126E-5
2.1434028167E-5
1.5397963580E-5
8.5517764092E-6
2.3681740276E-5
1.7810799181E-5
2.8919219038E-5
3.0038377735E-5
3.6581652238E-5
3.3323524985E-5
2.8889626264E-5
3.4019013400E-5
2.5886087678E-5
2.6875629554E-5
2.7218053582E-5
3.1046289949E-5
2.3959251120E-5
3.3125746994E-5
3.4221494570E-5
2.3558025713E-5
3.3401011023E-5
2.6251608505E-5
2.7129135559E-5
2.9163819271E-5
2.2811640519E-5
3.2968050799E-5
3.2471353188E-5
3.1318573746E-5
3.1594652681E-5
1.6657751985E-5
3.2316043507E-5
3.0686473473E-5
3.4518446773E-5
2.9732903931E-5
2.7700955979E-5
2.5869556702E-5
3.3852597697E-5
2.8565432876E-5
3.3964985049E-5
3.3393711782E-5
3.3638963941E-5
3.3394480123E-5
3.1568482517E-5
2.4175504222E-5
3.0879676341E-5
3.0685309320E-5
2.4433725047E-5
2.4679827038E-5
2.3548328317E-5
2.3162900469E-5
3.2746233045E-5
3.5495019983E-5
2.9328593518E-5
3.5142572596E-5
2.7619767933E-5
2.5619682855E-5
3.1144020612E-5
2.5457947049E-5
2.7993519324E-5
3.0350219457E-5
2.8547458350E-5
2.2235745564E-5
2.7804612181E-5
2.5114719755E-5
2.3983395658E-5
2.7353374752E-5
3.1506421509E-5
2.6356510352E-5
2.5537877809E-5
2.7579313609E-5
2.5720242410E-5
2.9190827626E-5
4.0969881229E-5
2.3998471442E-5
1.9643106498E-5
2.8863362967E-5
3.1334452796E-5
2.4223502259E-5
3.5322830080E-5
3.2346474472E-5
3.3885985612E-5
2.4973705876E-5
3.0736578627E-5
2.8784805908E-5
3.4509482793E-5
2.5342649314E-5
2.4204014334E-5
2.6965560391E-5
2.7245900127E-5
2.2954388987E-5
2.8068397659E-5
3.9441918488E-5
2.9398838523E-5
2.4301349185E-5
2.3307790979E-5
2.3886910639E-5
2.4414062500E-5
2.6404694653E-5
2.5056290905E-5
1.7335673328E-5
2.4026632309E-5
3.2991438638E-5
2.7078634593E-5
3.1120411585E-5
2.6733265257E-5
1.9709090702E-5
1.3622071128E-5
2.3020862136E-5
3.4515571314E-5
2.5195057969E-5
2.0460202358E-5
2.5691266637E-5
3.0021567362E-5
2.7685624081E-5
3.5284832119E-5
2.7260382193E-5
2.4704751558E-5
2.5324954185E-5
2.4037994444E-5
2.3845885880E-5
1.8349708989E-5
3.3666938543E-5
2.0404334645E-5
3.6517379339E-5
2.8046942315E-5
3.3971085213E-5
2.4209299590E-5
2.6875582989E-5
2.2044917568E-5
2.3044203408E-5
2.3662159219E-5
2.4903821758E-5
2.3312191478E-5
3.2249605282E-5
4.1381106711E-5
3.9421452674E-5
2.7387565932E-5
2.1159369498E-5
1.8638407346E-5
1.8626963719E-5
2.3285206407E-5
3.0983332544E-5
3.7487072404E-5
4.1895138565E-5
2.8598436620E-5
2.5960803031E-5
2.2377737332E-5
3.0556216369E-5
2.6579841505E-5
1.6331591178E-5
2.3756199516E-5
1.9789929502E-5
2.2140238434E-5
2.2643536794E-5
2.5472044944E-5
3.1247967853E-5
3.4959206823E-5
2.7747300918E-5
1.8144934438E-5
1.6303069424E-5
9.1805937700E-6
1.0181893595E-5
2.7132907416E-5
7.5287616347E-5
6.8107922563E-5
1.6145699192E-5
-1.0643643327E-5
6.6261389294E-6
2.2474385332E-5
2.6857876218E-5
2.2168876603E-5
3.3696799073E-5
4.0277640801E-5
3.7749367766E-5
3.1685584690E-5
2.3074727505E-5
1.9770069048E-5
2.2039469331E-5
2.3081444669E-5
2.0576582755E-5
2.1392223425E-5
3.0893494840E-5
3.1844771001E-5
4.0161737706E-5
2.3292156401E-5
2.5809532962E-5
1.3400998432E-5
2.3242796305E-5
2.9992009512E-5
2.6351748965E-5
2.2571452427E-5
2.9178801923E-5
3.8209464400E-5
3.6457902751E-5
3.0460627749E-5
2.5190343149E-5
2.5604525580E-5
3.3666787202E-5
1.7920252867E-5
3.0979886650E-5
3.1495373695E-5
3.4736515954E-5
3.1911162659E-5
3.1449215020E-5
3.0449009499E-5
2.3369048721E-5
3.1868752557E-5
2.3427116684E-5
3.1400867737E-5
3.1399843282E-5
1.9333336968E-5
3.6059948615E-5
3.5656138788E-5
1.3812701218E-5
1.7697829753E-5
3.3998792059E-5
2.3925490677E-5
2.7552037499E-5
2.7940492145E-5
2.3615476675E-5
2.6906502898E-5
2.9878097120E-5
2.4048169143E-5
2.5237840600E-5
2.2121437359E-5
3.6675354931E-5
4.0227407589E-5
2.8150144498E-5
3.5811297129E-5
2.2441195324E-5
2.7446099556E-5
2.7313549071E-5
3.0552071984E-5
1.9373605028E-5
2.5188946165E-5
2.5385140907E-5
2.7030566707E-5
3.4590205177E-5
3.5091792233E-5
3.5557476803E-5
3.4284836147E-5
1.7860298976E-5
2.0743033383E-5
2.0844873506E-5
3.0543410684E-5
2.7764390688E-5
3.3507496118E-5
2.2229400929E-5
2.5278364773E-5
2.1254632156E-5
2.1998095326E-5
3.2100698444E-5
2.5377585552E-5
2.6439200155E-5
1.9512337167E-5
2.6847561820E-5
2.5234941858E-5
2.3720879107E-5
2.3903825785E-5
3.3776671625E-5
3.6385736893E-5
2.8590857982E-5
2.3410259746E-5
1.9399693701E-5
1.8772599287E-5
2.5084242224E-5
3.1576573382E-5
2.9394286684E-5
2.5832233950E-5
2.9912160243E-5
2.6823044754E-5
3.0531000811E-5
1.4491192997E-5
2.2837251890E-5
2.5974051095E-5
2.9659504070E-5
3.4583313390E-5
2.6807480025E-5
2.9634730890E-5
3.3662852364E-5
2.7115212287E-5
2.1635380107E-5
3.3686426468E-5
2.5792536325E-5
3.5216216929E-5
2.2149132564E-5
3.4236628561E-5
2.9096531216E-5
2.1156796719E-5
2.6247499044E-5
2.9485044069E-5
3.3930095377E-5
3.5264319739E-5
2.6080233510E-5
3.4748972393E-5
2.8700137044E-5
2.1556450519E-5
-7.2276452557E-7
1.0984786786E-5
5.2848085762E-5
5.1876658108E-5
3.2670411746E-5
1.6322406009E-5
2.5533814914E-5
1.9651290495E-5
2.4414062500E-5
2.5476096197E-5
3.1529134139E-5
2.8684874996E-5
3.3076689578E-5
3.0554551630E-5
2.8781883883E-5
2.6768271345E-5
2.4870433844E-5
2.6687269564E-5
2.6193982921E-5
3.0951423104E-5
2.6224937755E-5
3.3418741076E-5
3.3929548225E-5
2.5272672064E-5
2.7842796407E-5
2.1135108545E-5
2.2577843628E-5
2.0199758000E-5
2.7384469285E-5
2.6547536253E-5
2.1042639855E-5
2.1517660934E-5
3.0902656725E-5
2.5735551025E-5
3.1176500487E-5
2.0377698820E-5
3.0897732357E-5
2.1268217824E-5
2.8661114628E-5
2.5515432934E-5
2.8823560568E-5
2.1709676366E-5
2.7251266874E-5
2.6392750441E-5
2.2504851222E-5
3.0756089835E-5
1.9241787959E-5
2.8123718220E-5
2.5031622499E-5
2.7813727501E-5
2.7144642080E-5
2.1773925982E-5
2.1286250557E-5
3.2798829488E-5
3.7993362638E-5
2.1696789190E-5
3.0286062973E-5
2.2237608208E-5
2.8648017905E-5
3.1171285080E-5
2.4518265854E-5
2.7674564625E-5
3.1167955602E-5
3.0696648172E-5
2.8756563551E-5
1.6301742289E-5
2.8139364439E-5
2.0057277288E-5
1.8425739835E-5
2.3444870021E-5
2.5006686337E-5
2.4599174503E-5
1.8450594507E-5
2.7505843899E-5
2.9587943571E-5
2.6286556385E-5
3.1528098042E-5
3.0338659416E-5
2.2149295545E-5
2.2818439174E-5
1.9093707669E-5
1.7060386017E-5
2.7507077902E-5
2.6333378627E-5
3.0445226001E-5
2.8564152307E-5
2.3326487280E-5
2.6932160835E-5
3.7655362393E-5
2.7019204571E-5
2.0814419258E-5
1.9683106802E-5
2.9526476282E-5
2.3788237012E-5
2.3752532433E-5
3.0201917979E-5
3.3507973421E-5
2.4975650012E-5
2.6193400844E-5
2.3148243781E-5
2.0865013357E-5
1.4598516282E-5
2.1979957819E-5
3.4427596255E-5
2.4899712297E-5
2.8902466874E-5
3.0379311647E-5
2.9478303622E-5
2.7880829292E-5
2.9654521494E-5
2.2417574655E-5
2.0136323291E-5
2.1865649614E-5
2.9176799579E-5
2.8535060118E-5
2.9480899683E-5
2.4804531130E-5
2.9701308812E-5
3.8476265035E-5
2.8415897394E-5
3.2141129486E-5
2.3300200700E-5
2.8335733804E-5
2.6205973699E-5
2.7288869023E-5
2.6217568665E-5
3.0238239560E-5
2.3351237178E-5
2.9124587308E-5
2.1828780881E-5
2.4388520978E-5
3.3261708449E-5
2.3999274708E-5
1.8736091442E-5
3.2276252749E-5
2.7196551672E-5
2.1848268807E-5
2.9967434238E-5
3.9364129770E-5
2.6948063168E-5
2.4777255021E-5
3.0443840660E-5
1.7725105863E-5
1.7459236551E-5
1.7517746892E-5
2.5701371487E-5
2.9139826073E-5
3.0003406572E-5
4.0505011565E-5
3.4626189153E-5
3.1230866443E-5
2.1509150974E-5
2.8958613984E-5
1.5319848899E-5
9.0309185909E-6
2.9485172126E-5
3.2351445406E-5
3.0715297907E-5
2.8199260122E-5
2.7493864763E-5
2.2982503287E-5
2.8312671929E-5
2.0119163673E-5
1.5519326553E-5
1.8649967387E-5
2.2248120512E-5
2.7348869480E-5
2.3298722226E-5
4.3649715371E-5
5.8991776314E-5
4.8983818851E-5
-2.1331943572E-6
-1.2957234867E-5
4.9808761105E-6
4.8961106222E-5
5.1758578048E-5
3.8448336999E-5
3.0519173014E-5
2.5202368851E-5
1.6381370369E-5
2.8128630947E-5
1.8253002781E-5
2.8330378699E-5
2.3667595815E-5
2.9570376500E-5
3.4586817491E-5
3.0472176148E-5
3.5020883660E-5
3.7350074853E-5
2.9344053473E-5
2.3472646717E-5
3.1829206273E-5
2.5195954367E-5
3.8647209294E-5
2.8722430579E-5
3.0686520039E-5
2.7569837402E-5
2.8078793547E-5
3.7077371962E-5
3.2113341148E-5
2.4391617625E-5
2.3308233357E-5
2.3343041539E-5
2.2311788052E-5
2.4488929193E-5
2.9216078109E-5
2.4135119747E-5
2.0602461882E-5
3.1247048172E-5
2.4353852495E-5
2.1103525068E-5
2.4612771812E-5
2.7000706177E-5
2.0780693739E-5
1.8958689179E-5
2.6780948974E-5
2.0552787464E-5
2.4444609880E-5
2.3735861759E-5
2.6233936659E-5
2.0573695655E-5
3.8214272353E-5
2.1237554028E-5
2.3076322395E-5
3.0640384647E-5
3.0389183666E-5
2.5746959727E-5
2.4437706451E-5
2.7888012118E-5
2.1329475567E-5
1.8949236255E-5
2.3795233573E-5
2.8803013264E-5
2.6075658388E-5
2.7392734773E-5
1.8934009131E-5
2.3233436513E-5
2.4870492052E-5
1.9898754544E-5
2.9309175442E-5
2.6655651163E-5
2.6959751266E-5
3.1240819953E-5
2.4277798365E-5
2.2443698253E-5
2.8237665537E-5
2.7887057512E-5
3.1284440773E-5
3.1635700724E-5
2.6676198467E-5
1.9646482542E-5
2.2749241907E-5
3.1406059860E-5
3.2895733602E-5
2.7530686929E-5
2.6059267110E-5
1.5726697166E-5
2.0220724400E-5
3.2295507844E-5
2.3816013708E-5
2.2874132264E-5
2.5523081421E-5
2.8945656958E-5
3.3903087023E-5
2.9270327649E-5
2.6222981978E-5
2.8972292784E-5
2.1197856403E-5
2.1713122259E-5
2.1061312872E-5
3.5012396983E-5
3.1596876215E-5
3.7240528035E-5
2.8342148288E-5
2.9136519878E-5
1.9324198365E-5
2.3751624394E-5
2.3727084044E-5
2.9557570814E-5
2.7250265702E-5
2.7252919971E-5
3.5947153810E-5
3.0395633074E-5
2.6372657157E-5
2.2906821686E-5
2.2743316367E-5
2.2444920614E-5
2.3659446742E-5
2.7697847690E-5
2.8331147040E-5
2.8909405227E-5
3.4162937663E-5
3.0766834969E-5
1.9680755213E-5
2.7760234661E-5
2.6676442939E-5
2.4688709527E-5
2.3364904336E-5
3.5462423693E-5
2.6484078262E-5
2.2339180577E-5
2.2032647393E-5
2.3341225460E-5
1.9966950640E-5
2.9161130077E-5
2.6238150894E-5
2.9713683761E-5
3.4212891477E-5
3.4494791179E-5
4.5743910596E-5
2.2137002087E-5
-5.6065153331E-6
1.6103638336E-5
5.3943635430E-5
4.5546307228E-5
3.3427646848E-5
3.0634016729E-5
2.4685519747E-5
2.2216350771E-5
1.9649195019E-5
1.9886274822E-5
3.1460251192E-5
3.3996347337E-5
3.3505877944E-5
2.7850421610E-5
2.9782659839E-5
3.4344068262E-5
2.3759249597E-5
3.0428997706E-5
2.2263894789E-5
1.9066815730E-5
2.8602348174E-5
2.7543189935E-5
2.9482680837E-5
3.0077318660E-5
3.2172538339E-5
2.7226388919E-5
2.3484486154E-5
2.7618394233E-5
2.2260518744E-5
2.3926922585E-5
2.1152931731E-5
3.0187889933E-5
2.6763568166E-5
2.5957741308E-5
2.6951101608E-5
2.6890530716E-5
3.2315426505E-5
2.4263036902E-5
3.5122723783E-5
2.6557315140E-5
2.6059697847E-5
2.7517299167E-5
2.7952319941E-5
3.1853560357E-5
2.8683978598E-5
3.2248266506E-5
3.4627725835E-5
3.3060519489E-5
2.8023635968E-5
2.9272842220E-5
2.2205838467E-5
2.2635585628E-5
2.4785904679E-5
3.1191064044E-5
3.1777028925E-5
3.0273443552E-5
3.2060488591E-5
3.0572770628E-5
2.8584129176E-5
2.5885750073E-5
2.7355237397E-5
2.4486763868E-5
2.8481381013E-5
2.6150501798E-5
2.1910492796E-5
3.0001823324E-5
3.5495264455E-5
3.7000351585E-5
2.4017703253E-5
2.6988959871E-5
2.8559064957E-5
2.1818047389E-5
1.9305851310E-5
3.3278297632E-5
2.9728573280E-5
2.8710882178E-5
2.7193035930E-5
2.2205675486E-5
2.9740517493E-5
2.3095484357E-5
2.7883658185E-5
2.6151665951E-5
2.7410266920E-5
3.2780924811E-5
3.5765266511E-5
3.4230446908E-5
2.3892580065E-5
3.0504877212E-5
2.9464554972E-5
3.1818752177E-5
2.0335346926E-5
2.0562112331E-5
2.7665181550E-5
2.8169725555E-5
3.0829210299E-5
3.5560212563E-5
2.9397895559E-5
2.4336948990E-5
2.4925218894E-5
1.5484530013E-5
2.2725656162E-5
2.4603621568E-5
1.7540424596E-5
2.9426091350E-5
2.4880992714E-5
2.7187215164E-5
3.0632247216E-5
3.4311658236E-5
2.5968661065E-5
2.6845582760E-5
2.9948307200E-5
2.7851189952E-5
2.7194211724E-5
2.7102243620E-5
2.2556167095E-5
2.8524594381E-5
3.0699546914E-5
2.9425742104E-5
2.2437504958E-5
3.1440914608E-5
3.2038218341E-5
2.3834360763E-5
1.6686983872E-5
1.8603401258E-5
2.4016643874E-5
2.6483030523E-5
3.3388449810E-5
3.4379400312E-5
3.6859512328E-5
2.7023127768E-5
1.7801194917E-5
2.8923642821E-5
1.6913423315E-5
2.0932080224E-5
2.7639965992E-5
2.7883483562E-5
2.6558386161E-5
2.9001780785E-5
3.3110193908E-5
3.3581233583E-5
2.4477916304E-5
2.3827236145E-5
2.4512410163E-5
2.3431563750E-5
2.4400022812E-5
3.7494942080E-5
2.3977679666E-5
3.4159771166E-5
2.9874453320E-5
3.9946136530E-5
3.7866702768E-5
2.3089826572E-5
1.4240609016E-5
1.8152489792E-5
1.2081407476E-5
1.2705451809E-5
2.8300599660E-5
2.9053026810E-5
2.9817910399E-5
3.7360971327E-5
4.0934723802E-5
3.8532400503E-5
2.0930403843E-5
-1.6703014262E-5
-9.8126940429E-6
4.7302222811E-5
7.2149652989E-5
4.8506655730E-5
2.9852776788E-5
1.9039015751E-5
5.7769240812E-6
4.7686509789E-6
2.0221236627E-5
2.3548840545E-5
2.9607780743E-5
3.7160958163E-5
3.9237295277E-5
2.3129931651E-5
3.0429766047E-5
1.2683053501E-5
2.1377531811E-5
2.2456992883E-5
2.6095623615E-5
2.9010360594E-5
2.1075073164E-5
2.8225104323E-5
3.2498524524E-5
3.5068579017E-5
3.6685040686E-5
3.2111222389E-5
3.1088292598E-5
2.8091995045E-5
1.8761574756E-5
2.2306095343E-5
3.1980336643E-5
2.3786828387E-5
2.9021303634E-5
2.9987096786E-5
3.1023530755E-5
2.2498494945E-5
2.8769462369E-5
3.0279648490E-5
1.7981592100E-5
2.7003814465E-5
2.3656268604E-5
2.5697611272E-5
1.5755556524E-5
2.0263565238E-5
3.9589800872E-5
3.4391332883E-5
2.5768915656E-5
2.8797739650E-5
3.1086173839E-5
3.0286074615E-5
1.5976512805E-5
3.3036409876E-5
1.8050021026E-5
3.5394786391E-5
2.1192291751E-5
3.4171890001E-5
3.0168762895E-5
3.1295872758E-5
2.7532770764E-5
3.0789047013E-5
2.4552620016E-5
2.3486628197E-5
2.3095810320E-5
2.1303631365E-5
2.2277992684E-5
3.7815514951E-5
1.9608717411E-5
1.5886873007E-5
2.9815756715E-5
2.4729268625E-5
2.4127820506E-5
4.0245859418E-5
3.1234219204E-5
2.2401986643E-5
2.1852320060E-5
3.0576321296E-5
2.0849227439E-5
2.7872296050E-5
2.7412967755E-5
3.3201382029E-5
2.8808834030E-5
3.2033678143E-5
2.7721852529E-5
2.2212381009E-5
2.8695282525E-5
3.6011147312E-5
2.1048693452E-5
2.8650392778E-5
2.7795787900E-5
3.3898896071E-5
3.0405644792E-5
3.4431705716E-5
3.0544633045E-5
1.8228346016E-5
2.2858323063E-5
2.3775757290E-5
3.1518924515E-5
3.0733027960E-5
3.2888085115E-5
3.4967798273E-5
2.8801697771E-5
2.4153676349E-5
1.1250586249E-5
2.2682163398E-5
1.4882115647E-5
2.8562243095E-5
3.2509455922E-5
3.0792073811E-5
2.9430934227E-5
2.9617035760E-5
3.0383665579E-5
1.9687495660E-5
2.2900395560E-5
1.7327256501E-5
3.2318162265E-5
2.5669904425E-5
2.8677552472E-5
2.9108289163E-5
2.8824142645E-5
2.9717059805E-5
2.3985700681E-5
3.5385496448E-5
2.3479445371E-5
2.7685496024E-5
2.7645297813E-5
2.6383856311E-5
2.4898245464E-5
2.9879505745E-5
2.2796320263E-5
3.0623201745E-5
2.4142535403E-5
2.6653136591E-5
2.5356397963E-5
2.5902886409E-5
3.1214638146E-5
2.8238038066E-5
1.9977474585E-5
2.9913615434E-5
2.1274981554E-5
2.4741876404E-5
3.1776004470E-5
3.2075843773E-5
3.2764498609E-5
3.7390226498E-5
3.0543806496E-5
3.1964492518E-5
2.0066311117E-5
3.9458856918E-6
8.3226826975E-6
4.1185016743E-5
4.7016656026E-5
3.7752930074E-5
3.4181808586E-5
1.9780837465E-5
2.4157110601E-5
2.0213308744E-5
2.0039360970E-5
1.7467327416E-5
2.6801787316E-5
3.9217085577E-5
2.6498781516E-5
2.5625363923E-5
2.8097291942E-5
2.6081583928E-5
3.2118696253E-5
2.9555906075E-5
3.1499285250E-5
3.0606461222E-5
1.8728221766E-5
2.9836711473E-5
2.2624735720E-5
2.8341205324E-5
2.5100191123E-5
3.0156329739E-5
2.9127742163E-5
2.3239944130E-5
1.4980975539E-5
3.1884305644E-5
3.1240761745E-5
3.8160011172E-5
2.9036984778E-5
3.4484360366E-5
3.4561031497E-5
2.3227417841E-5
3.0881573911E-5
2.2589159198E-5
2.0469806622E-5
2.6851100846E-5
3.2413355074E-5
2.2915925364E-5
2.4385727010E-5
3.1055591534E-5
3.0804472043E-5
2.8262927662E-5
3.1750311608E-5
2.6528618763E-5
2.1484284661E-5
2.2573815658E-5
2.2707344032E-5
2.5346188340E-5
2.5571254081E-5
3.3281545619E-5
2.6523659471E-5
2.5209283921E-5
2.3186474572E-5
3.3926509786E-5
1.2527697254E-5
2.5976705364E-5
2.3043679539E-5
2.8102577198E-5
1.8275389447E-5
3.4999812487E-5
2.8113124426E-5
3.0385574791E-5
2.7398811653E-5
1.6713014338E-5
2.5734468362E-5
2.3694534320E-5
2.7778744697E-5
2.1782063413E-5
1.6845169011E-5
3.2919086515E-5
3.2057159114E-5
2.6578293181E-5
2.9645313042E-5
3.3507635816E-5
2.4401885456E-5
2.3791519924E-5
2.8219993691E-5
2.7654063887E-5
2.7122860773E-5
3.1025975476E-5
2.3928738664E-5
3.0565052292E-5
2.8100959024E-5
3.1167897395E-5
1.5989353414E-5
2.8661941178E-5
1.5780201647E-5
1.7577002291E-5
2.1786370780E-5
1.9053474534E-5
2.4088087957E-5
3.8597744423E-5
2.9189721680E-5
2.4040648713E-5
1.8913275562E-5
2.1630257833E-5
1.9506493117E-5
2.1433958318E-5
2.2426736541E-5
2.2127339616E-5
2.7013465295E-5
2.5409762747E-5
2.6183063164E-5
2.8272322378E-5
3.4196616615E-5
2.9968575108E-5
2.9121409169E-5
1.9125710241E-5
1.6077631153E-5
1.8790818285E-5
2.9052270110E-5
3.2145984005E-5
2.1638651378E-5
3.2844487577E-5
2.7650129049E-5
2.4207937531E-5
2.9682274907E-5
2.7331791352E-5
3.1068967654E-5
2.1698419004E-5
2.2360950242E-5
2.6540656108E-5
2.7775333728E-5
3.2980670220E-5
3.5422586370E-5
2.9384612571E-5
2.8769019991E-5
2.1574611310E-5
2.1911645308E-5
2.7519895229E-5
1.9833457190E-5
2.5334500241E-5
3.3309112768E-5
3.2907922286E-5
4.1913823224E-5
3.6090798675E-5
2.3569038603E-5
1.9845657516E-5
2.3977190721E-5
1.4091562480E-5
2.0682869945E-5
2.1891621872E-5
3.1770078930E-5
3.8872996810E-5
3.5155995283E-5
2.5003415066E-5
3.2875465694E-5
1.1281878688E-5
4.1338964365E-6
-5.9690559283E-6
-1.2431282084E-5
3.8348126690E-5
7.0641888307E-5
5.7443080005E-5
8.1175472588E-6
1.3296958060E-7
3.4867553040E-6
1.3061845675E-5
2.6709493249E-5
3.4657097421E-5
3.7303194403E-5
3.4503382630E-5
4.1409593541E-5
2.7587939985E-5
1.9295606762E-5
1.6308890190E-5
1.3416551519E-5
2.2468622774E-5
1.8671050202E-5
3.3302546944E-5
3.9664283394E-5
2.5751767679E-5
3.1872303224E-5
2.5984947569E-5
3.0398892703E-5
3.3356586936E-5
2.5002530310E-5
1.6245630104E-5
2.1552434191E-5
1.7099361867E-5
3.5903847310E-5
3.4906435757E-5
2.0112388301E-5
3.1864678021E-5
2.8076872695E-5
3.2579526305E-5
3.0773901380E-5
3.4819310530E-5
2.8190086595E-5
1.8355262000E-5
3.2108300365E-5
2.8375373221E-5
2.9001128859E-5
1.9167712889E-5
3.0919909476E-5
2.5230715982E-5
2.5033846031E-5
2.0925782155E-5
3.1695247161E-5
2.4480069987E-5
2.7698359917E-5
2.7497170958E-5
2.3196369875E-5
3.1718146055E-5
2.1749408915E-5
2.9647385235E-5
2.4481583386E-5
2.9967306181E-5
2.7093885000E-5
2.7173990383E-5
1.9181577954E-5
2.1943100728E-5
2.7058133855E-5
2.8083857614E-5
3.1048676464E-5
2.9729527886E-5
2.3494032211E-5
3.0275317839E-5
2.1063862368E-5
1.3936799951E-5
2.0554463844E-5
2.8329784981E-5
2.7094758115E-5
3.0011998023E-5
2.4767359718E-5
2.3350014816E-5
3.0524446628E-5
2.3227510973E-5
2.8839940204E-5
2.6222155429E-5
2.5852501858E-5
2.4555297568E-5
3.0053569934E-5
2.2424769122E-5
1.8104689661E-5
3.8837362080E-5
3.9659859612E-5
2.5884248316E-5
2.9320071916E-5
1.9219575915E-5
3.1551369465E-5
2.3756537120E-5
2.2608321160E-5
2.7153815608E-5
2.5054416618E-5
1.9475095905E-5
3.0821363906E-5
2.8767297044E-5
2.3496255744E-5
3.1124567612E-5
3.5412400029E-5
2.7744437102E-5
1.9105151295E-5
1.2649467681E-5
2.1816871594E-5
3.2892369199E-5
3.5518687218E-5
3.6538438871E-5
2.4539919104E-5
3.1845888587E-5
2.5153358001E-5
2.5473278946E-5
1.7798726912E-5
2.2516469471E-5
2.6532029733E-5
2.9122573322E-5
2.9303599148E-5
3.1884224153E-5
3.2431504223E-5
2.2978172637E-5
3.1122565268E-5
2.4907861370E-5
2.3476406931E-5
1.5987327788E-5
2.7273630257E-5
2.1929887589E-5
3.2687827479E-5
3.5485450643E-5
2.3019791115E-5
3.2972288317E-5
2.4525832850E-5
2.1548231597E-5
2.4955626576E-5
2.3784046061E-5
2.0576652604E-5
2.8018641750E-5
2.7590745594E-5
2.5307538453E-5
2.5484664365E-5
2.6499410159E-5
2.7465599123E-5
2.6617641560E-5
2.3736967705E-5
1.9160099327E-5
2.2903294302E-5
2.3493403568E-5
1.6628985759E-5
2.3148278705E-5
2.0226172637E-5
2.2150564473E-5
2.9137835372E-5
2.1836510859E-5
2.8819590806E-5
2.6230944785E-5
3.4331402275E-5
3.0721467918E-5
3.8326834328E-6
8.9421053417E-6
2.9093900229E-5
4.0881487075E-5
3.4351134672E-5
3.1298433895E-5
2.2980861830E-5
2.4849828332E-5
2.6645639445E-5
2.2674794308E-5
3.5157008095E-5
2.8735946397E-5
2.9325683135E-5
3.0074384994E-5
3.0092033556E-5
3.2994546927E-5
2.9658107086E-5
2.7774670160E-5
2.0647491328E-5
2.4613074492E-5
2.2739404812E-5
1.8711050506E-5
2.0697410218E-5
2.7580722234E-5
3.1574314925E-5
3.0446937307E-5
2.9707257635E-5
1.9969604909E-5
3.1750416382E-5
2.5558599736E-5
2.0657130517E-5
2.5389192160E-5
2.8951908461E-5
2.2333278320E-5
2.7776323258E-5
3.1140784266E-5
2.2713502403E-5
3.1265465076E-5
2.6184308808E-5
2.7702411170E-5
2.7791457250E-5
2.0677957218E-5
3.5120127722E-5
2.3510213941E-5
2.9530853498E-5
2.6264367624E-5
2.7470220811E-5
2.2943282965E-5
3.4200935624E-5
2.3256568238E-5
2.3892847821E-5
2.6267429347E-5
3.1949218828E-5
2.6360061019E-5
2.1411792840E-5
2.6492646429E-5
2.9879389330E-5
3.0583678744E-5
2.6565778534E-5
2.0469608716E-5
2.3641611914E-5
2.0242470782E-5
2.8082658536E-5
2.5600800290E-5
3.4137384500E-5
3.0714960302E-5
2.7919199782E-5
2.6746059302E-5
3.0256866011E-5
2.3747445083E-5
2.9803579672E-5
1.8511211965E-5
2.1039368584E-5
3.0915590468E-5
1.9858439918E-5
2.2302777506E-5
3.3821898977E-5
2.4898548144E-5
1.6207911540E-5
2.5113462470E-5
2.6044389232E-5
2.6055274065E-5
2.0854396280E-5
2.0482810214E-5
2.6926968712E-5
2.5516783352E-5
2.6200781576E-5
2.7457636315E-5
2.6295660063E-5
2.3729423992E-5
2.4878396652E-5
2.4681165814E-5
1.9974051974E-5
3.0034279916E-5
3.0556868296E-5
2.4032208602E-5
3.4185533877E-5
3.6607333458E-5
2.5401008315E-5
2.3408571723E-5
3.3345737028E-5
1.6457471065E-5
2.7532840612E-5
2.7437205426E-5
2.4653482250E-5
3.9222917985E-5
2.2163020912E-5
3.0452886130E-5
3.0763342510E-5
2.5745946913E-5
2.9820401686E-5
2.8081936761E-5
2.1762098185E-5
2.5517668109E-5
2.3815385065E-5
2.6612379588E-5
3.1061086337E-5
3.2772216945E-5
3.6712351720E-5
2.6636559050E-5
3.1799566931E-5
3.2220093998E-5
2.5756482500E-5
1.9545387476E-5
2.2247061133E-5
2.4784030392E-5
2.3216148838E-5
2.2538250778E-5
2.8598739299E-5
3.2191921490E-5
3.9049668703E-5
3.7122832144E-5
1.9529741257E-5
1.5643425286E-5
1.2589327525E-5
1.4195730910E-5
1.5380210243E-5
3.2084470149E-5
3.6301673390E-5
5.1631755195E-5
5.0864869263E-5
3.0281452927E-5
1.5085807536E-5
4.6619097703E-6
3.3934949897E-6
1.4435523190E-5
1.1154089589E-5
4.4429965783E-5
8.7150256152E-5
5.4556527175E-5
1.3624224812E-5
-1.4506676234E-5
3.6387820728E-6
1.7040071543E-5
4.0093378629E-5
3.0773645266E-5
3.4432951360E-5
3.0660501215E-5
3.4514255821E-5
1.6071205027E-5
2.0013144239E-5
1.7316429876E-5
2.2729171905E-5
1.7465918790E-5
3.8956641219E-5
2.5729730259E-5
3.6475399974E-5
1.4771113638E-5
2.9405450914E-5
2.6075018104E-5
2.5227898731E-5
2.3065286222E-5
1.4465581626E-5
2.5853828992E-5
3.0785985290E-5
2.1367508452E-5
2.5357014965E-5
2.6873231399E-5
2.4972530081E-5
3.1034788116E-5
3.0296808108E-5
1.8436845857E-5
2.7182884514E-5
1.9567541312E-5
1.7738621682E-5
3.2290688250E-5
3.0988920479E-5
3.3783377148E-5
1.9892165437E-5
3.0460045672E-5
3.2214471138E-5
2.2919289768E-5
3.2222410663E-5
2.1715182811E-5
2.1908024791E-5
2.8203753754E-5
3.3334095496E-5
2.9091152827E-5
2.1355028730E-5
3.5329197999E-5
3.0787126160E-5
1.7136055976E-5
2.9636838007E-5
2.4533038958E-5
2.7198274619E-5
2.5746680330E-5
1.6817823052E-5
2.6539620011E-5
2.9815873130E-5
2.2716040257E-5
2.4357927031E-5
2.8994225430E-5
2.5541288778E-5
1.6746309120E-5
2.3831974249E-5
3.4131086431E-5
2.4900503922E-5
1.5245610848E-5
2.3966014850E-5
3.5260291769E-5
2.4194479919E-5
3.1593174207E-5
2.5329750496E-5
3.5392050631E-5
2.6389735285E-5
2.0166079048E-5
2.1246890537E-5
2.3826106916E-5
2.8591929003E-5
3.5156018566E-5
2.8741394634E-5
2.7398415840E-5
3.4863164182E-5
2.9006425756E-5
2.4592352565E-5
2.7251965365E-5
2.7669256087E-5
3.1533150467E-5
2.9773905407E-5
2.8754211962E-5
2.2503477520E-5
3.2853463198E-5
2.9444880783E-5
2.5522732175E-5
3.4327444154E-5
2.4730816949E-5
2.4636066518E-5
2.8466293588E-5
2.5205186102E-5
3.9459834806E-5
2.6500457897E-5
2.8876913711E-5
3.5423564258E-5
2.1772086620E-5
2.6644882745E-5
2.2461591288E-5
1.9987486302E-5
2.0480924285E-5
1.9639672246E-5
2.5607459246E-5
2.3691786918E-5
2.7502456213E-5
2.8915866277E-5
3.0181522014E-5
2.9091874602E-5
3.0689151025E-5
3.5052921157E-5
2.7405424043E-5
2.5273871142E-5
2.7888594194E-5
1.7433695029E-5
2.8920581098E-5
3.1999568454E-5
2.9799516777E-5
3.5271735395E-5
2.1622178610E-5
2.1195947192E-5
2.8032262343E-5
2.0995084196E-5
2.4392013438E-5
3.1339121050E-5
2.6798271574E-5
2.9919110238E-5
2.8620334341E-5
2.0619516726E-5
3.0228076502E-5
2.5399855803E-5
2.7548568322E-5
2.1745462436E-5
3.0690140556E-5
2.5541405193E-5
2.0672532264E-5
2.1954125258E-5
2.5612686294E-5
2.5648775044E-5
3.4854898694E-5
2.4632073473E-5
2.5408610235E-5
3.6784866824E-5
2.2918893955E-5
2.5831453967E-5
2.8123485389E-5
2.3293087724E-5
2.6846223044E-5
2.5438680313E-5
2.5152298621E-5
3.7179759237E-5
2.9068032744E-5
3.6786717828E-5
3.5402330103E-5
3.4919113386E-5
-7.8391749414E-7
1.5809177421E-5
3.9505807217E-5
2.8712151105E-5
3.7820660508E-5
2.8971664141E-5
2.7300883084E-5
2.5981664656E-5
2.6359944604E-5
2.5050132535E-5
2.4627626407E-5
3.3457635436E-5
2.4735508486E-5
3.0964228789E-5
3.0014885123E-5
2.0334764849E-5
3.5099661908E-5
3.1991780269E-5
2.4945882614E-5
3.1586631666E-5
3.6756542976E-5
2.4610303807E-5
1.9344000611E-5
2.0755070727E-5
2.6996887754E-5
2.4163001217E-5
2.7201883494E-5
2.8064032085E-5
2.1525856573E-5
2.3093970958E-5
1.5772518236E-5
2.4451152421E-5
2.2880255710E-5
2.3716734721E-5
2.7947570196E-5
2.9829633421E-5
3.2894301693E-5
2.5170075241E-5
3.3723399973E-5
3.1479913741E-5
2.9795255977E-5
3.2419210765E-5
