<| "Configuration" -> <| "Acquisition device" -> "UHFLI",  "Start time" -> "10/27/2021 15:59:28",  "Finish time" -> "10/27/2021 17:35:55", "Comments" -> "" |>, "Dimensions" -> {<| "Name" -> "Frequency 1", "Start" -> 6.200000*^+9, "Stop" -> 6.800000*^+9, "Step size" -> 2.000000*^+6 |>, <| "Name" -> "DC Voltage 1", "Start" -> -6.600000*^+0, "Stop" -> -7.400000*^+0, "Step size" -> -5.000000*^-2 |>}, "DataInfo" -> <| "Measured Spots" -> 5.117000*^+3,  "Samples" -> 1,  "Segments" -> 1,  "dFactor" -> 1,  "Sampling Time" -> 7.111111*^-8|>|>
8.1017380581E-6
1.8605403602E-5
1.6588647850E-5
1.0607321747E-5
1.4092493802E-5
1.2312422041E-5
8.8990898805E-6
5.7892058977E-6
1.8657452892E-5
2.1967804059E-5
1.0272301734E-5
1.4486513101E-5
2.3257697466E-5
2.2685260046E-5
8.2164420747E-6
1.9717833493E-5
1.9356224220E-5
9.4754504973E-6
1.6153266188E-5
1.9271799829E-5
1.5902565792E-5
1.1813617311E-5
9.9887023681E-6
1.1750496924E-5
1.4727946836E-5
1.2618210167E-5
3.9890408516E-6
1.4574523084E-5
7.1892165580E-6
1.5503680333E-5
1.7010676674E-5
1.8613517750E-5
2.4414062500E-5
1.5838444233E-5
1.7112807836E-5
1.8250895664E-5
1.2023444287E-5
1.8471525982E-5
3.8543832489E-6
1.8403562717E-5
5.3539872170E-6
1.7711892724E-5
1.3495015446E-5
2.0948157180E-5
1.8071779050E-5
8.3517516032E-6
1.7279281746E-5
8.5151288659E-6
1.0174349882E-5
1.0763201863E-5
1.4183053281E-5
1.4240492601E-5
1.6305444296E-5
1.9257399253E-5
1.9716459792E-5
8.8547007182E-6
9.1489753687E-6
1.2393586803E-5
1.5042605810E-5
1.0860164184E-5
1.6952876467E-5
2.0080932881E-5
1.5805568546E-5
1.5060394071E-5
2.5078968610E-5
1.8715229816E-5
1.3579090592E-5
1.1863966938E-5
1.1790997814E-5
1.7379608471E-5
1.0856660083E-5
8.2413316705E-6
2.0760705228E-5
1.6594585031E-5
2.0385300740E-5
1.0055757593E-5
1.7672101967E-5
1.0585656855E-5
2.7566275093E-5
4.6321656555E-6
1.7650681548E-5
1.6293057706E-5
2.9168417677E-5
1.1925888248E-5
2.2064754739E-5
1.7000199295E-5
1.7680157907E-5
1.5460501891E-5
1.6372592654E-5
2.0822277292E-5
9.3602691777E-6
1.3468251564E-5
8.2819955424E-6
2.2621813696E-5
1.9827135838E-5
2.2347515914E-5
2.8232717886E-5
4.4376007282E-6
1.8203177024E-5
1.5413830988E-5
1.2372224592E-5
7.3735136540E-6
1.8431502394E-5
1.1552521028E-5
5.0864298828E-6
1.8453295343E-5
2.0939821843E-5
2.4414062500E-5
1.6340881120E-5
8.9460052551E-6
8.0769648776E-6
4.8844492994E-6
7.6587777586E-6
5.2480027090E-8
3.0974752734E-5
2.3737165611E-5
2.0149478223E-5
3.5675789695E-5
2.2945937234E-5
1.7954886425E-5
1.0686472524E-5
8.1660109573E-6
4.2086117901E-6
-6.0381018557E-6
7.1979826317E-6
2.1459918934E-5
4.1150161996E-5
3.8612156640E-5
2.9010989237E-5
2.2998719941E-5
-5.1867449656E-6
-1.4242122415E-5
-1.3337517157E-5
1.3040495105E-6
3.4793769009E-5
3.6159728188E-5
2.6891485322E-5
1.4859926887E-5
2.7288636192E-5
1.4319201000E-5
8.2883983852E-6
1.4799949713E-5
-7.4298586697E-6
-1.8737907521E-5
-2.8866692446E-5
8.8585889899E-6
1.0009185644E-4
1.0456230957E-4
4.0770182386E-5
-1.4532951172E-5
-9.1198692101E-5
-2.1478126291E-5
2.2414163686E-5
3.2519851810E-5
4.5495340600E-5
3.7208991125E-5
2.9737828299E-5
1.1374382302E-5
5.9111043813E-6
-3.6081764847E-6
-1.3558776118E-6
1.0849907994E-6
1.0917370673E-5
1.7488747835E-5
3.2906257547E-5
2.1447020117E-5
2.7863262221E-5
2.2236793301E-5
2.2837670985E-5
9.9678756670E-6
5.6757475250E-6
1.8709409051E-5
1.5351874754E-5
2.2008072119E-5
2.9616348910E-5
2.3877911735E-5
1.7444055993E-5
1.5397835523E-5
1.5458103735E-5
6.4856489190E-6
1.2789899483E-5
6.7904009484E-6
7.5966469014E-6
1.3622269034E-5
2.1487276535E-5
2.3569515905E-5
2.4089659564E-5
1.7472007312E-5
1.0844250210E-5
1.8125982024E-5
1.3279612176E-5
1.3815122656E-6
7.3384260759E-6
1.1417653877E-5
2.0240549929E-5
8.2903658041E-6
2.4039333220E-5
2.2055406589E-5
2.0011118613E-5
1.9753794186E-5
9.5414114185E-6
1.1289259419E-5
1.2897048146E-5
4.4076587074E-6
1.3064639643E-5
1.3510498684E-5
2.6691157836E-5
2.6029103900E-5
2.1245307288E-5
7.8390468844E-6
1.7150002531E-5
1.8251978326E-5
8.3205755800E-6
1.2819946278E-5
5.9898477048E-6
1.2879457790E-5
1.4015100896E-5
2.3510504979E-5
1.6291579231E-5
2.6913092005E-5
1.3558170758E-5
2.6710401288E-5
7.3355156929E-6
9.3387439847E-6
1.4421262313E-5
1.6317574773E-5
1.1777307373E-5
1.6316899564E-5
2.3144914302E-5
1.5602516942E-5
2.1247693803E-5
2.3234111722E-5
1.3331684750E-5
4.8103393055E-6
8.1384205260E-6
1.2642925140E-5
1.1590041686E-5
1.6107782721E-5
1.7220049631E-5
1.9955972675E-5
1.7412146553E-5
1.7265789211E-5
1.1954188813E-5
6.8992725574E-6
7.4906623923E-6
1.7221609596E-5
1.5014200471E-5
1.5221838839E-5
1.5767058358E-5
8.0992816948E-6
2.4743401444E-5
2.1103036124E-5
1.3792840764E-5
1.9102101214E-5
7.2241644376E-6
1.0537507478E-5
3.6260928027E-6
1.3786670752E-5
2.5744352023E-5
2.0771310664E-5
1.1621229351E-5
1.0945776012E-5
1.1345138773E-5
7.5610587375E-6
9.9972123281E-6
1.1662463658E-5
6.8734167145E-6
1.4609890059E-5
8.4194820375E-6
7.4904295617E-6
3.1682080589E-6
1.5059311409E-5
1.8308230210E-5
1.3403350022E-5
1.4077080414E-5
1.5819934197E-5
1.7638318240E-5
1.5921634622E-5
1.1986412574E-5
1.2737233192E-5
2.0204915199E-5
1.3979501091E-5
1.3604573905E-5
1.0631943587E-5
1.7294078134E-5
1.3167213183E-5
1.7230503727E-5
1.3443455100E-5
1.7691880930E-5
1.0820606258E-5
1.8199544865E-5
2.0705175120E-5
1.7758132890E-5
7.3444913142E-6
1.7078639939E-5
2.0448432769E-5
2.1148216910E-5
1.1888612062E-5
6.5612024629E-6
1.4257605653E-5
2.0668760407E-5
1.3583246619E-5
1.1608365458E-5
2.5424128398E-5
5.1920185797E-6
2.1821539849E-5
1.0546378326E-5
2.0308210514E-5
1.9503536168E-5
1.5901681036E-5
7.3618255556E-6
1.6464875080E-5
1.6186491121E-5
1.6446702648E-5
1.2704054825E-5
1.3402011245E-5
1.1631357484E-5
8.8016618975E-6
1.3229064643E-5
1.5434343368E-5
1.8752261530E-5
1.0889512487E-5
1.4981930144E-5
2.3700983729E-5
8.9577166364E-6
1.4806794934E-5
1.2936955318E-5
1.0052346624E-6
9.0390094557E-6
9.7952201031E-6
1.5985791106E-5
1.8290360458E-5
1.4035392087E-5
2.1942006424E-5
1.1136231478E-5
2.4349335581E-5
1.2168940157E-5
1.9803270697E-5
2.6249862275E-5
9.1543304734E-6
1.3369694352E-5
8.0339610578E-6
1.7879018560E-5
1.7419306096E-5
1.0948872659E-5
2.0725303329E-5
1.7910078168E-5
1.8031173385E-5
-2.6724883355E-6
9.5287570730E-6
1.7956562806E-5
1.6399624292E-5
2.0013202447E-5
1.5547557268E-5
2.2303615696E-5
1.9726238679E-5
2.1383678540E-5
1.5595136210E-5
1.6043195501E-5
1.6208027955E-5
1.5560630709E-5
1.6149610747E-5
1.9731582142E-5
1.7086882144E-5
2.5651336181E-5
2.5891559198E-5
2.7754891197E-5
1.3960315846E-5
1.4526117593E-5
1.9179098308E-5
1.3786426280E-5
1.2225413229E-5
1.4477770310E-5
1.4711194672E-5
6.1147031375E-6
1.7581286374E-5
2.0981684792E-5
1.5160616022E-5
1.5665986575E-5
1.7857702914E-5
6.1608850957E-6
1.1274393182E-5
1.7081829719E-5
2.2816250566E-5
1.6552698798E-5
2.0708073862E-5
1.6677926760E-5
2.7809070887E-5
1.6874517314E-5
2.4414062500E-5
1.5733495820E-5
1.4451891184E-5
1.2936419807E-6
1.1278677266E-5
7.9327262939E-6
2.3792858701E-5
2.2680242546E-5
1.9226246513E-5
2.0768493414E-5
1.6957160551E-5
6.9601112046E-6
9.7280484625E-6
3.4580123611E-6
1.1957145762E-5
5.6435586885E-6
1.8739851657E-5
2.6585522573E-5
2.9997166711E-5
2.4414062500E-5
2.3456814232E-5
1.4519912656E-5
1.3813085388E-5
1.2684462126E-5
3.7750345655E-6
1.4069117606E-5
1.2791261543E-5
2.7473282534E-5
3.4765654708E-5
2.5626423302E-5
2.5351007934E-5
1.9401626196E-5
6.5795029514E-6
-6.9955247455E-6
-3.0613620766E-6
6.5984437243E-6
1.3342557941E-5
1.7503916751E-5
3.2952718901E-5
3.3725891262E-5
2.7732388116E-5
9.0750632808E-6
-1.9785133191E-6
-1.1838122737E-5
-2.1555228159E-6
1.2881262228E-5
3.6319310311E-5
2.7660466730E-5
1.8854672089E-5
2.0454300102E-5
2.4378322996E-5
1.8672575243E-5
1.0295677930E-5
1.5624251682E-5
-1.1856900529E-7
-1.9676052034E-6
-5.2753137424E-6
-1.9866041839E-6
2.6432715822E-5
6.7928223872E-5
8.7849190461E-5
1.7704651691E-5
-4.7433481086E-5
-7.1253185162E-5
-5.5707839784E-5
4.7323550097E-5
7.2952709162E-5
4.8495107330E-5
4.1495589539E-5
4.4036889449E-6
3.0570314266E-6
-1.7218757421E-6
-3.4767552279E-6
-1.3584620319E-6
6.5112370067E-6
3.1194067559E-5
3.5530561581E-5
3.0735263135E-5
2.4743820540E-5
1.7153029330E-5
9.1996625998E-6
5.5287615397E-6
7.7759730631E-6
-1.1180876754E-6
1.3770232908E-5
1.5202292707E-5
2.9300723690E-5
2.1091836970E-5
3.1999102793E-5
1.4438619837E-5
1.3560045045E-5
1.2000137940E-5
5.6280288846E-6
-1.1751311831E-6
7.8761600891E-6
1.5709153377E-5
1.9963039085E-5
2.6370829436E-5
1.9789091311E-5
1.9934680313E-5
2.3995910305E-5
8.2370592282E-6
1.9901141058E-5
1.3233069331E-5
1.3092358131E-5
1.3616599608E-5
1.6773305833E-5
1.4011084568E-5
2.3941195104E-5
3.1306326854E-5
1.7383182421E-5
1.8190662377E-5
1.6185350250E-5
9.9448952824E-7
1.4894898050E-5
8.0318422989E-6
1.2067134958E-5
9.7449868918E-6
1.8129334785E-5
2.3316149599E-5
2.7192523702E-5
1.1030666064E-5
8.9673441836E-6
7.7677541414E-6
1.2119894382E-5
1.8678558990E-5
3.2902928069E-6
1.8175609875E-5
1.7758936156E-5
1.6202719416E-5
2.4153687991E-5
1.8848269246E-5
9.6556846985E-6
1.6250647604E-5
1.1320668273E-5
6.4026098699E-6
1.3398192823E-5
1.9222591072E-5
9.2223286629E-6
2.0973640494E-5
2.0032783504E-5
1.3836042490E-5
2.0898482762E-5
1.7720379401E-5
1.9100075587E-5
1.7055193893E-5
1.8307031132E-5
1.4363904484E-5
1.9381544552E-5
1.9406771753E-5
1.5880982392E-5
1.8517451826E-5
1.7096649390E-5
1.2486416381E-5
2.6725605129E-5
1.4208198991E-5
1.4351413120E-5
1.1675979477E-5
1.1866108980E-5
1.7545477021E-5
1.0938092601E-5
1.2311059982E-5
2.0484963897E-5
2.5887158699E-5
1.5462818555E-5
1.6491697170E-5
9.3827955425E-6
1.4866213314E-5
1.5155051369E-5
1.7253390979E-5
1.1319085024E-5
1.6862666234E-5
1.5568616800E-5
2.0079175010E-5
1.2205715757E-5
1.7333612777E-5
1.3693352230E-5
1.5041499864E-5
1.3475364540E-5
2.2702792193E-5
1.9900826737E-5
1.9717286341E-5
1.7481157556E-5
1.9793270621E-5
1.7627561465E-5
2.0404940005E-5
6.6654407420E-6
1.8377928063E-5
6.3372193836E-6
6.9323694334E-6
1.7300283070E-5
2.3803126532E-5
2.0594999659E-5
1.0451348499E-5
2.1129753440E-5
1.8502725288E-5
1.0061997455E-5
1.4940323308E-5
1.5290593728E-5
1.9330100622E-5
1.0794843547E-5
1.0287715122E-5
2.3655011318E-5
1.1536991224E-5
1.6785867046E-5
2.6051804888E-5
1.7130107153E-5
1.2092548423E-5
1.2358312961E-5
1.9936275202E-5
2.0673591643E-5
1.4842220117E-5
1.4000665396E-5
7.8640063294E-6
2.5936856399E-5
1.5464157332E-5
1.6005279031E-5
1.9346084445E-5
6.7005166785E-6
1.5935255214E-5
1.6269704793E-5
1.8653331790E-5
1.8030428327E-5
1.4963618014E-5
1.2247834820E-5
7.8659388237E-6
2.1913729142E-5
1.9186339341E-5
1.0771187954E-5
1.6855355352E-5
1.3625307474E-5
6.7675253377E-6
1.7528235912E-5
1.3314862736E-5
1.6572419554E-5
2.0125962328E-5
8.6807180196E-6
1.8727208953E-5
1.8474052195E-5
1.2246868573E-5
8.9046545327E-6
1.7503544222E-5
1.2586964294E-5
1.1540134437E-5
1.4399341308E-5
1.4339049812E-5
7.4772164226E-6
2.1122035104E-5
1.9322137814E-5
2.5462976190E-5
1.6188679729E-5
1.6300741117E-5
1.5219685156E-5
2.5442556943E-5
1.7357163596E-5
2.0835024770E-5
2.0428444259E-5
2.1584436763E-5
1.7145893071E-5
1.6392196994E-5
1.2255529873E-5
1.7359550111E-5
1.6109843273E-5
1.0747567285E-5
1.4749215916E-5
2.0564859733E-5
2.0914978813E-5
1.8336833454E-5
1.0782317258E-5
8.7495194750E-6
9.2775444501E-6
1.0966858827E-5
1.5101698227E-5
1.4883058611E-5
1.0891340207E-5
1.8618011381E-5
2.2846099455E-5
1.2484425679E-5
2.3238302674E-5
1.9860686734E-5
1.1967506725E-5
2.3001024965E-5
1.9717100076E-5
1.1374114547E-5
1.0098866187E-5
2.0284822676E-5
1.6773596872E-5
2.3595266974E-5
1.9782234448E-5
2.2726610768E-5
1.9544153474E-5
1.5501643065E-5
1.5480176080E-5
1.3492361177E-5
1.3731443323E-5
7.6996278950E-6
2.1887710318E-5
1.5039113350E-5
2.0235287956E-5
2.5328993797E-5
1.3116630726E-5
1.7373077571E-5
1.0233919602E-5
9.6320756712E-6
5.7239201852E-6
2.5307282339E-5
1.0474154260E-5
1.5709397849E-5
1.8502573948E-5
2.4581409525E-5
1.0787718929E-5
1.9676028750E-5
1.2058706489E-5
4.3981941417E-6
9.0807676316E-6
1.6527576372E-5
9.4719463960E-6
2.3018568754E-5
3.2215600367E-5
3.0174409038E-5
2.1966907661E-5
2.0967901218E-5
1.9514840096E-5
1.5088042710E-5
4.3652253225E-6
6.9699133747E-6
1.0938383639E-5
9.2693255283E-6
2.4497427511E-5
2.6632903609E-5
2.9921857639E-5
2.2277585230E-5
1.4339282643E-5
2.2085825912E-5
-2.1950807423E-6
2.5831512176E-6
3.7230318413E-6
2.0216882694E-5
3.2083468977E-5
3.4764304291E-5
3.5447464324E-5
2.3269723169E-5
1.4293810818E-5
6.8599707447E-6
-2.6841415092E-6
-7.0197856986E-6
1.7085520085E-5
3.0762015375E-5
2.9056461062E-5
2.4414062500E-5
1.6398401931E-5
1.7430668231E-5
1.5828013420E-5
1.3853702694E-5
2.7128553483E-5
8.9931301773E-6
7.4641313405E-6
6.9628003969E-8
6.9199013524E-6
1.7105287406E-5
2.7252966537E-5
4.6835071407E-5
5.8564613573E-5
3.5174307413E-5
-3.5380083136E-5
-7.8167591712E-5
-4.2221869808E-5
3.7776783574E-5
1.2520231539E-4
6.3727679663E-5
1.6072799917E-5
-4.9925409258E-6
-1.7879426013E-5
-8.6783431471E-6
-4.0990067646E-6
7.7197444626E-6
2.0646268967E-5
4.1996897198E-5
3.8971006870E-5
2.7826731092E-5
2.0259164739E-5
7.6813390480E-6
3.8144877181E-6
8.1053818577E-6
3.6110868677E-6
5.5422424339E-6
2.0535325166E-5
2.0850833971E-5
2.1334830671E-5
2.4792412295E-5
1.9359448924E-5
1.7347559333E-5
1.5274388716E-5
6.4935185947E-6
5.6497287006E-6
2.9058312066E-6
1.4933757484E-5
1.5481351875E-5
1.9871210679E-5
1.8022849690E-5
2.6009720749E-5
2.2322672884E-5
5.9136073105E-6
1.0435865261E-5
1.3902946375E-5
8.7928143331E-6
1.0434142314E-5
8.6804153399E-6
1.6695645172E-5
2.6445323601E-5
1.8167472444E-5
1.3330555521E-5
1.5732494648E-5
9.0703251772E-6
1.7350411508E-5
1.6619462986E-5
1.0367191862E-5
7.0529291407E-6
1.3578776270E-5
2.0999845582E-5
1.2837990653E-5
1.3572722674E-5
2.0444998517E-5
1.7840939108E-5
1.7260853201E-5
1.1208537035E-5
5.4689939134E-6
1.5160522889E-5
2.5605328846E-5
1.3105315156E-5
1.7000315711E-5
2.2483605425E-5
1.7499562818E-5
1.6801396850E-5
1.3287190814E-5
1.0713934898E-6
1.3860431500E-5
6.2865088695E-6
2.0411552395E-5
1.5353504568E-5
1.5659735072E-5
1.9007443916E-5
1.6499904450E-5
1.0568986181E-5
1.3165990822E-5
8.8568427601E-6
1.6899080947E-6
1.9119284115E-5
7.3106144556E-6
1.6868161038E-5
2.4141778703E-5
1.7043808475E-5
1.9963935483E-5
4.5382417739E-6
1.4650437515E-5
1.0636623483E-5
8.3514605650E-6
1.1016696226E-5
1.5937013086E-5
2.0088034216E-5
1.6113976017E-5
1.1689879466E-5
1.6238971148E-5
2.2974854800E-5
2.2637227084E-5
8.0333440566E-6
1.2235925533E-5
1.1286768131E-5
8.5782259704E-6
1.1750345584E-5
1.3450370170E-5
1.5627732500E-5
1.0705145542E-5
1.6868521925E-5
1.1692068074E-5
2.0953826606E-5
1.0463641957E-5
1.2764567509E-5
1.1697958689E-5
1.1509854812E-5
1.5807524324E-5
1.2029812206E-5
1.9648193847E-5
1.3304234017E-5
1.5683367383E-5
1.4036358334E-5
1.5063304454E-5
1.2904196046E-5
2.1764088887E-5
1.4745688532E-5
1.5916710254E-5
2.1916790865E-5
1.4734163415E-5
2.4145946372E-5
1.8134491984E-5
1.7717306036E-5
1.5736895148E-5
1.6693910584E-5
1.9295292441E-5
1.5297986101E-5
1.3149599545E-5
1.0014034342E-5
2.0928971935E-5
1.9571848679E-5
1.8657499459E-5
1.9682513084E-5
1.8281536177E-5
1.2679398060E-5
1.7660518642E-5
1.7220003065E-5
1.2819806580E-5
1.7144228332E-5
7.1814050898E-6
1.8962507602E-5
1.3254315127E-5
3.3139018341E-5
1.9537482876E-5
-1.0307377670E-5
1.4348560944E-5
3.2632879446E-5
2.6468897703E-5
2.0010082516E-5
2.2199726663E-5
1.7250177916E-5
1.4488841407E-5
1.5758152585E-5
1.3530207798E-5
1.7025577836E-5
1.9255280494E-5
1.4679739252E-5
2.4380453396E-5
1.5019590501E-5
1.8378533423E-5
1.3891118579E-5
2.0359281916E-5
6.7522516474E-6
1.2598244939E-5
2.4983671028E-5
1.2272933964E-5
2.5186326820E-5
7.8512937762E-6
1.2552761473E-5
1.2546998914E-5
2.3800157941E-5
1.1456815992E-5
1.0576890782E-5
1.8343352713E-5
1.8418661784E-5
1.8139032181E-5
1.2616813183E-5
1.0171870235E-5
5.6321034209E-6
7.0246402175E-6
1.1646514759E-5
1.5251035802E-5
1.4483835548E-5
1.8188648391E-5
2.0413496531E-5
1.1181028094E-5
1.5720259398E-5
1.0185129941E-5
1.7043564003E-5
1.1745677330E-5
3.4246244467E-6
1.4585407916E-5
2.5363906752E-5
1.3829220552E-5
2.9396254103E-5
1.6030052211E-5
1.2636138126E-5
1.3557518832E-5
1.3096211478E-5
1.7633079551E-5
1.5937420539E-5
4.4856104069E-6
1.3969384600E-5
2.7799850795E-5
1.1733174324E-5
1.8771761097E-5
1.4597037807E-5
1.2375786901E-5
1.9371393136E-5
2.2707844618E-5
1.6861583572E-5
1.0675133672E-5
1.6203650739E-5
2.3220677394E-5
8.3955819720E-6
2.8559158090E-5
7.7401637100E-6
2.1740072406E-5
5.8820703998E-6
1.3148924336E-5
1.4768843539E-5
1.1493940838E-5
1.5787000302E-5
3.0850176699E-6
1.4085858129E-5
9.3363574707E-6
2.7587113436E-5
2.6833894662E-5
1.2441433501E-5
1.3444211800E-5
1.7283868510E-5
1.5443179291E-5
2.2598518990E-5
1.4585780446E-5
5.5457814597E-6
2.1750049200E-5
1.8383108545E-5
1.1765281670E-5
1.9124906976E-5
7.9581863248E-6
8.5007399321E-6
1.4130258933E-5
1.9555119797E-5
6.7732878961E-6
1.3076362666E-5
2.3929064627E-5
2.5718100368E-5
2.6680552400E-5
2.4696975014E-5
1.3321300503E-5
1.2358184904E-5
8.6466665380E-6
1.1799158528E-5
1.1050759349E-5
4.7842040658E-6
2.3448513820E-5
1.9782758318E-5
2.0991102792E-5
2.2307853214E-5
1.8215191085E-5
1.3794912957E-5
1.0240636766E-5
-2.5914167054E-6
-1.5511503443E-5
3.4134369343E-6
2.1663086954E-5
3.7381937727E-5
5.1632383838E-5
4.1838805191E-5
2.3567897733E-5
1.3008306269E-5
1.0079937056E-6
-6.7556160502E-6
-2.7499860153E-6
1.5223363880E-5
2.3903744295E-5
3.5507348365E-5
1.4747469686E-5
1.5362782869E-5
2.2002356126E-5
2.0298874005E-5
2.0723836496E-5
1.5165156219E-5
7.7704549768E-6
2.1875707898E-5
7.4215233327E-6
2.7269124985E-6
1.3104593381E-5
2.1899770945E-5
3.6022358108E-5
3.5667535848E-5
3.0940864234E-5
3.7713441998E-6
-6.9016241469E-6
-2.6758410967E-5
-4.3415697292E-5
2.0660122391E-5
9.2625501569E-5
9.0323283806E-5
5.2677851636E-5
-5.0102861133E-5
-4.2136176489E-5
-1.2814963702E-5
1.0599568486E-5
3.2203039154E-5
3.8269301876E-5
3.9875588845E-5
2.8880476020E-5
1.5921611339E-5
1.0942423251E-5
8.2187820227E-6
1.9359518774E-6
3.2668700442E-6
1.2199825142E-5
1.9213522319E-5
2.2860092576E-5
2.3676350247E-5
1.9202823750E-5
2.5968439876E-5
1.1710159015E-5
1.1746690143E-5
7.1134185419E-6
1.0088551790E-5
7.0952810348E-6
9.0431305580E-6
1.0628392920E-5
1.7541111447E-5
2.5490939151E-5
2.2781395819E-5
1.9705563318E-5
1.3029866386E-5
9.4605144114E-6
6.3860788942E-7
1.5151023399E-5
6.8301800639E-6
1.2277683709E-5
1.8123723566E-5
2.0835944451E-5
1.9494770094E-5
2.7213816065E-5
2.4753273464E-5
1.7072365153E-5
1.5548989177E-5
7.8745186330E-6
8.8544795291E-6
1.4373764861E-5
2.1352793555E-5
2.7325085829E-5
1.7487630248E-5
8.0124824309E-6
1.7747317906E-5
9.2126079835E-6
1.7179700080E-5
1.3165152632E-5
1.3264047448E-5
8.4596336820E-6
1.8695089966E-5
1.9982620142E-5
1.6406073701E-5
1.9295583479E-5
2.2406619973E-5
1.7582485452E-5
1.1580146384E-5
2.1978328004E-5
8.7737687864E-6
1.0059750639E-5
1.3137341011E-5
1.8657813780E-5
1.1966715101E-5
1.8292944878E-5
1.4259258751E-5
9.6950214357E-6
1.4688854571E-5
1.5408045147E-5
1.2393493671E-5
6.0666352511E-6
2.0455347839E-5
1.4426722191E-5
1.6691337805E-5
1.3701373246E-5
1.8189242109E-5
1.8024886958E-5
1.0948849376E-5
9.0038171040E-6
6.1503727921E-6
1.7199048307E-5
2.6794255245E-5
9.7222160548E-6
1.5179382172E-5
1.7442530952E-5
1.5172304120E-5
1.7391832080E-5
1.7644150648E-5
1.4852150343E-5
2.1205213852E-5
2.4414062500E-5
1.2563494965E-5
1.3408216182E-5
1.4192960225E-5
1.1803314556E-5
2.0553509239E-5
1.3632175978E-5
1.6869709361E-5
2.4572794791E-5
1.6201299149E-5
1.2671819422E-5
1.8948828801E-5
1.2427370530E-5
7.4884155765E-7
1.4856981579E-5
2.0150933414E-5
1.7414661124E-5
1.0492478032E-5
2.2078491747E-5
1.0721769650E-5
1.9509694539E-5
1.3779045548E-5
1.3689626940E-5
1.3432663400E-5
1.8642819486E-5
1.2775661889E-5
1.7656630371E-5
1.9985018297E-5
1.6038934700E-5
1.9063160288E-5
1.5858619008E-5
1.0754424147E-5
1.3218168169E-5
1.2420897838E-5
9.5803639853E-6
1.0986905545E-5
9.9308788777E-6
2.0062981638E-5
1.8071825616E-5
1.3742153533E-5
1.8223572988E-5
1.8268288113E-5
2.0793697331E-5
1.2646743562E-5
9.2246686110E-6
1.1541903950E-5
1.1363136582E-5
1.9121821970E-5
2.0919681992E-5
1.3705843594E-5
1.6194698401E-5
1.4828809071E-5
1.5923113096E-5
1.1664303020E-5
1.5949655790E-5
1.1911010370E-5
7.6329102741E-6
2.0651845261E-5
2.7372629847E-5
1.3024744112E-5
1.4247535728E-5
1.5272747260E-5
4.3074251153E-6
-5.0773378462E-6
-8.9580891654E-6
8.0299214463E-5
2.4439976550E-5
1.1634989642E-5
1.4518003445E-5
2.5724759325E-6
9.0971938335E-6
1.5553808771E-5
2.4783017579E-5
1.3320054859E-5
1.5482457820E-5
1.6688788309E-5
7.8293494880E-6
1.2706813868E-5
2.2772897500E-5
1.1836970225E-5
1.3488379773E-5
9.5307710581E-6
1.5545694623E-5
1.6280449927E-5
1.4026765712E-5
1.1184683535E-5
9.1751688161E-6
1.7212715466E-5
2.5633419863E-5
1.2667349074E-5
1.5485240146E-5
1.9680429250E-5
2.1781562827E-5
1.6437401064E-5
1.1492322665E-5
1.1485430878E-5
1.3485294767E-5
2.1518603898E-5
1.4344125520E-5
1.7494021449E-5
1.3091426808E-5
2.4327926803E-5
1.7532904167E-5
9.9009950646E-6
1.2336438522E-5
2.2493745200E-5
2.3642543237E-5
2.0326813683E-5
1.2982357293E-5
2.2992910817E-5
2.0779122133E-5
1.6338995192E-5
1.6425596550E-5
1.7593696248E-5
2.1577859297E-5
1.9790197257E-5
7.3653063738E-6
2.1655170712E-5
6.0556805693E-6
1.3915973250E-5
2.3808877449E-5
2.2047536913E-5
2.1091045346E-5
1.7801171634E-5
8.9020119049E-6
1.4202622697E-5
1.9866274670E-5
1.7647386994E-5
1.7228780780E-5
1.2576032896E-5
2.5848182849E-5
2.6129733305E-5
1.5987886582E-5
1.1384987738E-5
2.0806514658E-5
1.3016362209E-5
5.6869233959E-6
1.5006237663E-5
4.7630979680E-6
1.9305059686E-5
1.7304602079E-5
2.2563792299E-5
1.8382398411E-5
2.0264566410E-5
2.4783401749E-5
2.8064963407E-5
1.1098757386E-5
8.6215324701E-6
-1.7692567781E-6
1.6959535424E-5
9.2396978289E-6
2.7112662792E-5
1.4861347154E-5
2.4664378724E-5
1.7181923613E-5
1.7233286053E-5
1.8126831855E-5
1.5458569396E-5
2.3920903913E-6
1.1931813788E-5
9.1249356047E-6
6.1830971391E-6
1.7165590543E-5
2.9376440215E-5
2.7763878460E-5
1.8965231720E-5
2.6904244441E-5
1.2719037477E-5
-4.1489722206E-6
1.2092408724E-6
1.3199530076E-5
1.0548450518E-5
2.8200028463E-5
3.6324630491E-5
2.1268776618E-5
2.1089764777E-5
1.6073265578E-5
1.4988635667E-5
-3.9184000343E-6
4.9072667025E-6
2.1010928321E-5
2.4313805624E-5
3.5821460187E-5
3.6109180655E-5
2.0274694543E-5
-8.8695902377E-6
-4.0846876800E-6
7.1306712924E-7
1.2266868726E-5
1.8400733825E-5
1.8331152387E-5
7.8214448877E-6
1.6814656556E-5
1.7978658434E-5
2.0963058341E-5
2.3320841137E-5
2.2240029648E-5
1.8714100588E-5
1.7980579287E-5
-1.5703728423E-6
-1.3572163880E-5
-1.2295844499E-5
3.8992147893E-7
1.2496148702E-5
5.3353013937E-5
7.5211969672E-5
6.6136009992E-5
-1.2308324222E-5
-5.8296893258E-5
-3.8132793270E-5
1.6223965213E-5
6.2099704520E-5
6.1882997398E-5
3.3968221395E-5
2.7777138165E-5
9.9255470561E-6
-5.0366856158E-6
-6.7468383350E-6
2.8836075211E-8
1.3571057934E-5
9.8075950519E-6
2.4160044267E-5
1.9068643450E-5
2.6652892120E-5
2.8862745965E-5
2.7383631095E-5
1.1030095629E-5
1.7773616128E-5
-4.9017835409E-6
5.9673446231E-6
1.5335774515E-5
1.4587072656E-5
2.4466414470E-5
1.9771314691E-5
2.8946402016E-5
2.0940904505E-5
1.6011705156E-5
6.5780477599E-6
1.2922566384E-5
8.2971528173E-6
1.1875538621E-5
1.3592385221E-5
2.0121515263E-5
2.4509651120E-5
2.3105903528E-5
2.1177704911E-5
1.7535139341E-5
5.8106146753E-6
5.7007884607E-6
1.6603805125E-5
1.7965969164E-5
2.3404636885E-5
2.0991684868E-5
1.3936904725E-5
3.0525377951E-5
3.0159298329E-5
2.2046267986E-5
2.4306750856E-5
1.5474378597E-5
7.9894787633E-6
8.4245810286E-6
1.8820271361E-5
1.4675839339E-5
1.6550370492E-5
1.6795611009E-5
2.2293790243E-5
2.5209656450E-5
2.5207968428E-5
2.3098289966E-5
1.3549614232E-5
1.0080530774E-5
1.9954785239E-5
2.2996729239E-5
1.6746076289E-5
1.8423853907E-5
2.2124627139E-5
2.4796929210E-5
7.1191694588E-6
1.4707900118E-5
1.5087344218E-5
2.2228644229E-5
9.0053421445E-6
1.5767733566E-5
1.7077859957E-5
1.8872902728E-5
2.5798357091E-5
1.8922553863E-5
1.6207282897E-5
2.5648507289E-5
1.2377835810E-5
7.6410593466E-6
1.7001014203E-5
1.1928367894E-5
1.9318447448E-5
1.6496540047E-5
1.3878254686E-5
1.9521999638E-5
1.4647014905E-5
2.1802389528E-5
1.1013646144E-5
7.1204151028E-6
1.4026497957E-5
1.6928697005E-5
1.2447580230E-5
1.4600949362E-5
1.3630837202E-5
2.3883453104E-5
1.2361747213E-5
7.0120673628E-6
1.2726790737E-5
1.0328122880E-5
2.3256847634E-5
9.3823880890E-6
6.5183965490E-6
1.1938461103E-5
8.9518958703E-6
1.8220092170E-5
1.5011976939E-5
1.4708377421E-5
1.9243417773E-5
1.7978285905E-5
1.5917501878E-5
1.8182024360E-5
2.0404206588E-5
1.4181528240E-5
2.0142481662E-5
1.8521258607E-5
1.3663887512E-5
1.5370990150E-5
1.4543510042E-5
8.8216853329E-6
1.0567833670E-5
8.2070706414E-6
1.9050156697E-5
8.3922408523E-6
1.3006431982E-5
2.0116218365E-5
1.4202075545E-5
2.1989294327E-5
1.6151671298E-5
1.1938391253E-5
1.6488158144E-5
1.6222207341E-5
2.2051122505E-5
1.1080526747E-5
2.4058006238E-5
8.3717284725E-6
2.1760235540E-5
1.4857971110E-5
1.3894087169E-5
1.6689219046E-5
2.4057633709E-5
4.2119761929E-6
1.6623106785E-5
6.9164787419E-6
1.7281586770E-5
2.0912080071E-5
1.1825538240E-5
1.5815556981E-5
2.0579854026E-5
1.7895712517E-5
1.8505798653E-5
1.3924890663E-5
1.2267101556E-5
9.4030285254E-6
6.2215141953E-6
1.1517282110E-5
2.1797674708E-5
2.1424761507E-5
2.6093435007E-5
2.2038328461E-5
1.8018903211E-5
1.5898153651E-5
6.7691202276E-6
1.0474747978E-5
-3.9415201172E-6
1.6118399799E-6
1.2337043882E-5
4.7764694318E-5
6.3021876850E-5
-3.3881259150E-5
-1.2930145021E-5
1.8444936722E-5
8.5862237030E-6
2.1179951727E-5
2.0672404207E-5
2.2408552467E-5
2.2819719742E-5
1.5934777912E-5
2.0475557539E-5
4.4806860387E-6
1.5580211766E-5
1.7624010798E-5
9.2433416285E-6
2.2285559680E-5
2.0079605747E-5
2.1414773073E-5
1.5590188559E-5
1.8015620298E-5
2.3274170235E-5
1.5129568055E-5
2.3517268709E-5
1.8973031547E-5
1.8088531215E-5
1.5660072677E-5
8.0173369498E-6
2.3481238167E-5
1.1385360267E-5
1.3810093515E-5
1.8979585729E-5
1.5901355073E-5
1.7602089792E-5
1.5382643323E-5
9.7029726022E-6
1.6787205823E-5
1.6099691857E-5
1.9005127251E-5
1.8220720813E-5
-8.5121719169E-7
6.2181963586E-6
1.5518104192E-5
1.4182808809E-5
8.6072483100E-6
1.2727675494E-5
2.0798586774E-5
1.5344121493E-5
2.5997008196E-5
1.0473479051E-5
1.1091283523E-5
7.2652474045E-7
1.9384268671E-5
1.4082458802E-5
1.5318777878E-5
1.6262929421E-5
1.9785040058E-5
2.0050245802E-5
1.1959450785E-5
1.6634073108E-5
1.9181263633E-5
2.1222629584E-5
2.2133148740E-5
2.1629279945E-5
1.9423721824E-5
1.6304349992E-5
1.4255032875E-5
1.9573688041E-5
1.8857675604E-5
1.3872853015E-5
1.8059578724E-5
5.3099123761E-6
1.8588895909E-5
1.2045411859E-5
1.2114015408E-5
1.5657267068E-5
2.2900663316E-5
2.8903130441E-5
1.4177232515E-5
1.7508084420E-5
3.7626945414E-6
1.0472780559E-5
1.1090468615E-5
9.9980388769E-6
1.7001247033E-5
1.5831517521E-5
1.9587739371E-5
2.2182194515E-5
1.6598880757E-5
2.3991859052E-5
3.5895733163E-6
-6.6714826972E-6
-3.8869213313E-6
7.8467535787E-6
1.8619524780E-5
2.3350457195E-5
2.1902704611E-5
2.4853053037E-5
2.4686416145E-5
1.9295350648E-5
8.1993173809E-6
-1.1171563528E-6
-1.7249607481E-6
4.1452818550E-6
2.5532278232E-5
2.6282353792E-5
1.9864703063E-5
1.4226313215E-5
9.1979396530E-6
1.1144333985E-5
1.8899003044E-5
1.3811083045E-5
5.6374119595E-6
7.0876791143E-6
1.0658765677E-5
2.3421260994E-5
1.8191430718E-5
2.1105026826E-5
7.5152958744E-6
1.2178719044E-5
1.1239072774E-5
1.9172299653E-5
3.4135533497E-6
7.9408404418E-6
1.9049574621E-5
1.1419644579E-6
1.7934723291E-5
2.1639652550E-5
3.6164734046E-5
3.1820777803E-5
3.0676042660E-5
2.0752730779E-5
-1.8881633878E-6
-3.4134462475E-5
-4.1241419967E-5
2.0413671154E-5
7.5571087657E-5
1.0239313124E-4
2.8031645342E-5
-1.9106909167E-5
-1.2079207226E-5
-7.9784309492E-6
-4.6898494474E-6
2.1003338043E-5
1.9614864141E-5
4.5213801786E-5
3.4168991260E-5
2.8335582464E-5
1.6331789084E-5
1.7846247647E-5
-9.4355782493E-6
-1.1916854419E-6
2.3962464183E-6
1.6183045227E-5
1.8042768351E-5
2.3196137044E-5
2.6656803674E-5
2.7024885638E-5
1.6841746401E-5
2.5233323685E-5
6.4611900598E-6
4.1431398131E-6
1.4341319911E-5
6.1964383349E-7
1.9720976706E-5
2.1037389524E-5
2.5462743360E-5
2.3827247787E-5
1.7935817595E-5
1.3438600581E-5
1.4386558905E-5
7.3729897851E-6
8.0499914475E-6
1.0307203047E-5
9.9716591649E-6
1.9925541710E-5
1.9560614601E-5
1.3567868155E-5
2.2024719510E-5
2.6589585467E-5
1.6578566283E-5
1.5941192396E-5
8.3694467323E-6
1.0201102123E-5
1.9677251111E-5
1.5335623175E-5
2.8674036729E-5
1.7054099590E-5
2.9465742408E-5
1.9113277085E-5
1.7372053116E-5
1.2570433319E-5
1.7733068671E-5
1.5206111129E-5
8.0658704974E-6
2.1828920580E-5
1.6125687398E-5
1.6741931904E-5
2.7871411293E-5
1.3733620290E-5
1.6479520127E-5
1.7259840388E-5
1.2896454427E-5
1.0610802565E-5
1.0748300701E-5
1.2432283256E-5
1.1095812079E-5
1.3829255477E-5
1.9282975699E-5
1.5104503837E-5
1.5391281340E-5
1.0871631093E-5
1.6365270130E-5
1.7498910893E-5
7.7385338956E-6
1.9758113194E-5
1.7073797062E-5
1.2917048298E-5
1.5000975691E-5
1.9847019575E-5
1.3802014291E-5
1.5709619038E-5
9.7463373096E-6
1.4980288688E-5
1.2655125465E-5
1.4165148605E-5
1.5365576837E-5
1.5838770196E-5
2.4278787895E-5
2.0083948038E-5
1.4275161084E-5
1.2049614452E-5
2.1857093088E-5
1.6213802155E-5
7.5622112491E-6
1.0224874131E-5
1.4679960441E-5
2.0965386647E-5
1.2511422392E-5
1.1484336574E-5
2.0679540466E-5
1.2923113536E-5
1.9770651124E-5
1.6301008873E-5
1.6609742306E-5
1.9574409816E-5
1.7152121290E-5
1.8195074517E-5
1.3707962353E-5
1.1572416406E-5
9.6132047475E-6
1.3506296091E-5
1.2040219735E-5
1.7927761655E-5
2.3107265587E-5
1.4719308820E-5
8.8914763184E-6
1.6584340483E-5
1.6917323228E-5
2.5728507898E-5
1.0963517707E-5
1.5763984993E-5
1.7694395501E-5
5.0902250223E-6
7.7247503214E-6
1.4795979951E-5
7.2140246630E-6
1.3492442668E-5
1.6312452499E-5
1.4859193470E-5
1.6417831648E-5
1.5129754320E-5
8.3564082161E-6
2.2154941689E-5
1.1880800594E-5
1.1735118460E-5
3.3915508539E-6
1.0356749408E-5
9.6674542875E-6
2.2703129798E-5
1.1183670722E-5
1.2707780115E-5
2.6425404939E-5
9.9853612482E-6
1.8212187569E-5
1.4684570488E-5
8.2899001429E-6
1.6943318769E-5
2.0011479500E-5
1.0044570081E-5
8.8905333542E-6
1.9056443125E-5
1.4812045265E-5
1.7545535229E-5
1.7792161088E-5
1.2674089521E-5
1.0281708092E-5
1.3142719399E-5
5.3880154155E-6
2.3478886578E-5
2.1875242236E-5
2.2702862043E-5
1.5775195789E-5
2.7110462542E-5
2.3418373893E-5
3.1469331588E-5
1.2965023052E-5
1.4296034351E-5
4.3655396439E-6
2.4567707442E-6
7.8914803454E-6
1.6641546972E-5
5.3098681383E-5
7.0171873088E-5
5.8862264269E-6
-3.5255437251E-5
2.0190142095E-6
2.2353779059E-5
2.4478381965E-5
2.9745209030E-5
2.8317444957E-5
1.8216297030E-5
1.3588694856E-5
9.9708326161E-6
1.3550894801E-5
1.4160503633E-5
1.7480109818E-5
1.2361083645E-5
1.7301517073E-5
1.7686758656E-5
1.9235489890E-5
2.0917959045E-5
1.2620864436E-5
1.5459547285E-5
1.3543514069E-5
1.8398137763E-5
1.9743642770E-5
9.2196278275E-6
1.7440004740E-5
1.4985771850E-5
1.2711319141E-5
8.0584548415E-6
1.5109591186E-5
1.1718447786E-5
7.3108822108E-6
6.9728121162E-6
1.5180592891E-5
2.4388625752E-5
1.8790608737E-5
1.5332561452E-5
1.4832348097E-5
1.9791873637E-5
1.7300120089E-5
7.7614211478E-6
2.4154747370E-5
1.6239471733E-5
1.9300566055E-5
1.3378565200E-5
1.7058523372E-5
2.2592383902E-5
6.1322236434E-6
1.2095982675E-5
4.6462402679E-6
1.8403143622E-5
1.5125400387E-5
1.6577413771E-5
2.0397151820E-5
2.3628189228E-5
1.7795746680E-5
3.0213221907E-5
6.8794703111E-6
1.0703119915E-5
1.0612385813E-5
1.5347742010E-5
1.6077887267E-5
1.2007658370E-5
1.0656588711E-5
2.0833918825E-5
2.9685406479E-5
1.1849729344E-5
1.4951929916E-5
9.3663693406E-6
1.3800314628E-5
7.9413410277E-6
1.4083634596E-5
2.0883406978E-5
7.7568576672E-6
1.1326791719E-5
2.2597308270E-5
2.6525813154E-5
1.6032811254E-5
8.1872800366E-6
5.0931703299E-6
1.9402941695E-7
2.0982744172E-5
2.2658822126E-5
2.4414062500E-5
2.5246245786E-5
2.0189362112E-5
2.6223680469E-5
1.4601554722E-5
2.1404947620E-5
-6.6394102760E-6
2.6121502743E-6
6.5182452090E-6
2.7394841890E-5
2.2877380251E-5
2.8573325834E-5
1.4082249254E-5
1.1867505964E-5
1.7380388454E-5
9.6178264358E-6
1.0554806795E-5
1.0946497787E-5
1.9463815260E-5
8.5973879323E-6
7.1717542597E-6
1.4969753102E-5
1.9757333211E-5
1.0204082355E-5
2.0631169900E-5
1.7327163368E-5
1.1757563334E-5
1.1095125228E-5
2.0907004364E-5
1.4587282203E-5
8.5299601780E-6
2.6943685952E-5
1.9540311768E-5
2.3484125267E-5
3.0833983327E-5
1.6218470410E-5
1.4576595277E-5
1.3631186448E-6
8.5465842859E-6
1.0667531751E-5
8.6954212748E-6
2.5046174414E-5
2.8934387955E-5
4.6809203923E-5
4.9564207438E-5
2.8481939807E-5
-2.3662764579E-5
-4.9235927873E-5
-1.1566909961E-5
3.3063709269E-5
4.7005282249E-5
3.9138854481E-5
4.0213402826E-5
1.9660836551E-5
1.0863889474E-5
9.5643335953E-7
-1.5953788534E-6
9.1876136136E-7
1.3554282487E-5
2.1978560835E-5
2.7825008146E-5
3.1610357109E-5
1.6029144172E-5
2.4414062500E-5
2.3980392142E-5
2.0463706459E-5
1.2611725833E-5
9.7887706943E-6
1.2360827532E-5
1.8171605188E-5
1.5143980272E-5
2.6329106185E-5
1.7203693278E-5
1.9635155331E-5
5.9700920247E-6
1.0066654068E-5
6.8748253398E-6
1.0171241593E-5
-6.2012113636E-7
1.3564154506E-5
1.1845678091E-5
1.3716949616E-5
2.7755426708E-5
1.0729196947E-5
1.7693464178E-5
1.2331467588E-5
1.2565020006E-5
1.3826915529E-5
1.5410745982E-5
1.7667200882E-5
7.8636454419E-6
2.2009829990E-5
1.3358728029E-5
1.4519772958E-5
9.0162735434E-6
4.4224201702E-6
1.7714861315E-5
1.0444282089E-5
1.9370135851E-5
1.2290326413E-5
1.7403147649E-5
2.0252401009E-5
1.7081433907E-5
2.6162760331E-5
1.8076540436E-5
1.5852542128E-5
1.4455837663E-5
1.6257504467E-5
2.4161511100E-5
2.3182725999E-5
1.4468061272E-5
8.6742569693E-6
1.6572664026E-5
2.4015374947E-5
2.3671728558E-5
2.3273529950E-5
1.5922321472E-5
1.4647014905E-5
4.8608519137E-6
7.0473644883E-6
1.8710957374E-5
1.5261513181E-5
1.6926624812E-5
1.9017281011E-5
1.7066637520E-5
1.2959819287E-5
1.6817462165E-5
1.3177830260E-5
6.2146340497E-6
1.0195642244E-5
1.0874425061E-5
1.6117037739E-5
6.5832282417E-6
1.2392329518E-5
1.6358355060E-5
1.7779087648E-5
2.1685077808E-5
2.0016834605E-5
9.3347392977E-6
1.7597002443E-5
1.9534444436E-5
1.2420141138E-5
1.3711291831E-5
6.0204067268E-6
2.2150878794E-5
1.4643301256E-5
1.5455170069E-5
1.1379632633E-5
1.5938840807E-5
1.3442302588E-5
1.2557511218E-5
1.5079136938E-5
1.8771446776E-5
1.6462313943E-5
1.2152374256E-5
1.4937529341E-5
1.2920936570E-5
9.6831703560E-6
2.0307407248E-5
1.1916575022E-5
1.1194066610E-5
1.9316724501E-5
1.2136541773E-5
1.7353740986E-5
1.3916182797E-5
2.3400795179E-5
2.4414062500E-5
2.2178050130E-5
1.2167857494E-5
1.1272088159E-5
1.7462752294E-5
1.4312576968E-5
2.1340337116E-5
2.4414062500E-5
1.4276616276E-5
1.8186331726E-5
2.0438537467E-5
1.6697205137E-5
7.4470881374E-6
1.1422205716E-5
2.0397838671E-5
9.1122463347E-6
8.0774654635E-6
1.2177310418E-5
6.8482942880E-6
1.7161190044E-5
1.6910640988E-5
8.9750858024E-6
1.0382651817E-5
1.7930287868E-5
1.3688148465E-5
1.4096114319E-5
7.5517105871E-6
1.9904365763E-5
3.0065537430E-6
8.2120997832E-6
7.2396011092E-6
1.7453660257E-5
1.6753980890E-5
1.8752354663E-5
2.3012398742E-5
1.0096165352E-5
1.5675288159E-5
1.6105629038E-5
8.0985482783E-6
1.8184550572E-5
2.0870286971E-5
1.6376993153E-5
2.9118149540E-5
2.6679248548E-5
2.0889192819E-5
1.1022435501E-5
1.0127166752E-5
1.9966333638E-5
1.2759969104E-5
3.5773147829E-6
1.9092927687E-5
1.9314896781E-5
1.7555337399E-5
3.3071509096E-5
2.2579624783E-5
1.5226122923E-5
3.9000296965E-6
-8.3960709162E-6
-3.4361146390E-6
-4.6918052248E-6
1.0622025002E-5
4.6635197941E-5
6.7306356506E-5
4.4272327795E-5
-5.5605696981E-5
-1.7108069733E-5
1.1972128414E-5
9.5560215414E-6
2.3228570353E-5
2.5530636776E-5
1.7176102847E-5
6.7559652963E-6
1.4474708587E-5
8.9657842183E-6
-5.0510279834E-6
4.4623040594E-6
9.8285498098E-6
1.6595737543E-5
2.1036970429E-5
1.7459422815E-5
1.4585407916E-5
1.4570832718E-5
2.4384213611E-5
9.9430792034E-6
1.4819181524E-5
2.1699978970E-5
1.2960436288E-5
2.0333158318E-5
2.2696971427E-5
9.8560471088E-6
1.3444980141E-5
9.5085590147E-6
1.4191400260E-5
1.1681381147E-5
1.2320105452E-5
1.5684368554E-5
1.1186406482E-5
1.4610693325E-5
1.2508942746E-5
1.1684000492E-5
1.8282502424E-5
6.8871770054E-6
1.9319180865E-5
4.6765431762E-6
1.1416070629E-5
7.9357530923E-6
2.5017373263E-5
2.2057746537E-5
1.9260786939E-5
2.0129105542E-5
1.0360090528E-5
1.9875355065E-5
4.9794092775E-6
1.0637741070E-5
1.2802542187E-5
1.9715132657E-5
1.4818634372E-5
2.3471377789E-5
1.9365735352E-5
1.0823982302E-5
1.2095808052E-5
1.5011220239E-5
-3.2032839954E-7
6.6081993282E-7
1.1074077338E-5
2.1731399465E-5
2.3054273333E-5
2.8757902327E-5
2.2502429783E-5
4.6139117331E-6
7.6460535639E-6
-1.3536307961E-6
5.5691110902E-6
1.5422236174E-5
2.4105049669E-5
1.3228075113E-5
2.0886317361E-5
1.4615780674E-5
1.0790454689E-5
1.0433210991E-5
8.7146996521E-6
8.0637400964E-7
-2.6711961255E-6
-1.5897676350E-7
2.1549791563E-5
3.2643915619E-5
3.1530798878E-5
2.4254305753E-5
1.0237540119E-5
9.9686789327E-6
7.2628143245E-6
6.4904568718E-6
2.0065729040E-5
2.1285365801E-5
1.5936919954E-5
1.7926143482E-5
1.4848168939E-5
2.1972053218E-5
1.5188695397E-5
2.1826638840E-5
1.5204388183E-5
1.1312786955E-5
1.2119603343E-5
1.4303217176E-5
1.5455682296E-5
1.2589641847E-5
1.9721989520E-5
1.8977164290E-5
2.0940322428E-5
2.5281636044E-5
1.6293383669E-5
7.4514420704E-6
4.7125271522E-6
7.4493582361E-6
-4.8982910815E-7
1.4361308422E-5
1.5923019964E-5
3.3083430025E-5
3.2740086316E-5
2.2812956012E-5
1.5163456556E-5
1.2683821842E-5
9.3612936326E-6
1.0301312432E-5
-2.7472153306E-6
-5.3014839068E-6
2.6302284095E-5
5.6946510449E-5
5.3803005722E-5
4.5892200433E-6
-2.4743122048E-5
-1.7077766824E-5
-5.3887604736E-6
3.4683849662E-6
2.2944412194E-5
2.6521075051E-5
2.5989208370E-5
2.9107299633E-5
2.4441326968E-5
1.4683010523E-5
2.4242559448E-6
3.5237753764E-6
3.3431919291E-6
3.8115773350E-6
1.7133273650E-5
2.3522484116E-5
2.6410806458E-5
2.3689819499E-5
2.2157677449E-5
1.4038046356E-5
1.0323408060E-5
1.8542038742E-5
9.9913682790E-6
9.1892667116E-6
1.1988147162E-5
1.4090514742E-5
1.8131872639E-5
1.9392871763E-5
2.7240416966E-5
2.2565654944E-5
2.0883826073E-5
3.4904689528E-6
5.6067714468E-6
5.9989397414E-6
7.1735936217E-6
1.3173976913E-5
1.6149517614E-5
1.8587172962E-5
1.9569555297E-5
1.6540335491E-5
9.9632539787E-6
8.6849089712E-6
4.0093553252E-6
9.1086840258E-6
1.7763453070E-5
1.9182730466E-5
1.1644815095E-5
1.5414156951E-5
2.4345843121E-5
7.3163420894E-6
1.9735004752E-5
9.5587107354E-6
7.0242676885E-6
1.4974630903E-5
1.7160503194E-5
1.8490292132E-5
2.0089675672E-5
1.5866954345E-5
2.0217814017E-5
1.7464184202E-5
1.6110274009E-5
1.8653855659E-5
9.3125156127E-6
9.8390155472E-6
1.0865053628E-5
8.7014632300E-6
1.2364936993E-5
8.6036976429E-6
1.8429604824E-5
2.2535806055E-5
1.7069466412E-5
1.8103281036E-5
1.3547588605E-5
1.3971037697E-5
1.5034398530E-5
1.6753107775E-5
1.5439628623E-5
1.1040735990E-5
1.1853559408E-5
2.2848218213E-5
1.9757635891E-5
2.2576120682E-5
1.1967064347E-5
1.2880959548E-5
1.4460587408E-5
1.1945550796E-5
2.1210056729E-5
1.9882083870E-5
1.3197842054E-5
1.2983998749E-5
1.4567153994E-5
1.4859554358E-5
1.1644081678E-5
1.6434909776E-5
7.5055402704E-6
1.1355767492E-5
8.7425461971E-6
1.1694023851E-5
1.8984044436E-5
2.2819417063E-5
2.1001510322E-5
2.0974350627E-5
1.7318199389E-5
1.6043451615E-5
1.2752180919E-5
2.1028402261E-5
1.6073277220E-5
1.4566536993E-5
1.4493381605E-5
9.1971945949E-6
2.0385708194E-5
2.2436608560E-5
9.5917726868E-6
1.7734256107E-5
1.5069625806E-5
1.6382383183E-5
1.5826453455E-5
2.6691949460E-5
9.1120484286E-6
1.1605443433E-5
1.2851099018E-5
1.8828792963E-5
2.5407865177E-5
1.5426450409E-5
5.7980068960E-6
9.8345451989E-6
8.2735903562E-6
1.5587499365E-5
2.0199804567E-5
1.0678207036E-5
1.9087211694E-5
1.4141167048E-5
1.0416994337E-5
1.0218180250E-5
8.7777152659E-6
9.4936462120E-6
1.3104081154E-5
8.3869206720E-6
1.6293488443E-5
1.9471056293E-5
1.4087313321E-5
1.1500448454E-5
2.2172718309E-5
9.8380260170E-6
1.4944537543E-5
1.4498038217E-5
9.7691081465E-6
7.8789074905E-6
8.2820537501E-6
1.5906768385E-5
1.3926345855E-5
1.4212343376E-5
2.9673753305E-5
1.7648667563E-5
2.4247891269E-5
1.4484603889E-5
1.2400990818E-5
1.6036035959E-5
2.2905995138E-6
7.9027493486E-6
8.6058862509E-6
2.1312350873E-5
2.2472115233E-5
1.6426399816E-5
2.7694867458E-5
2.1895975805E-5
2.2192380856E-5
2.0858226344E-5
4.1324645281E-6
4.1983323172E-6
4.6048779040E-6
1.8175505102E-5
2.1612015552E-5
1.6407109797E-5
2.3280270397E-5
2.6684545445E-5
1.8194771837E-5
9.5528084786E-7
-2.7102418243E-6
-1.0259670671E-5
-7.1533606388E-6
6.0119316913E-6
4.9811939243E-5
8.8220858018E-5
-3.4842058085E-6
-3.3225223887E-5
-1.1512893252E-5
8.3575956524E-6
1.6449915711E-5
3.1744863372E-5
1.1240236927E-5
3.3121602609E-5
1.5705078840E-5
1.8409348558E-5
1.1744105723E-5
7.7346689069E-6
1.0006187949E-5
1.6214395873E-5
2.0126835443E-5
2.3179617710E-5
5.4209609516E-6
1.2509082444E-5
1.6502127983E-5
7.2927097791E-6
1.8409243785E-5
2.4263863452E-6
1.9035837613E-5
1.7746316735E-5
1.2368930038E-5
-9.7532756647E-8
1.7652788665E-5
1.3297435362E-5
1.2505089399E-5
7.6364143752E-6
1.8933927640E-5
1.3622851111E-5
1.4706677757E-5
1.8225575332E-5
1.9728927873E-5
1.0965694673E-5
9.5288967714E-6
1.1844479013E-5
1.6970559954E-5
5.8099045419E-6
1.4224194456E-5
2.1507812198E-5
1.2081791647E-5
1.9904563669E-5
7.8474404291E-6
2.6237312703E-5
2.1801597904E-5
1.4523579739E-5
6.8589230068E-6
1.2940133456E-5
8.5560372101E-6
1.0457460303E-5
2.4472828954E-5
1.7469399608E-5
2.8439867310E-5
1.2276729103E-5
9.1736088508E-6
8.0127851107E-6
5.7719182223E-6
5.9259240517E-6
8.5924402811E-6
2.3260992020E-5
1.9997253548E-5
1.2542342302E-5
1.3183942065E-5
9.1717229225E-6
8.0958241598E-6
7.4670184405E-6
1.5983288176E-5
1.9001006149E-5
9.7841839307E-6
1.6704655718E-5
1.9280542619E-5
2.6429328135E-5
3.2828317489E-5
1.2818106916E-5
4.5556807891E-6
3.6481884308E-6
2.9345741496E-6
1.9300892017E-5
2.4414062500E-5
2.5806890334E-5
2.3909448646E-5
1.4703837223E-5
2.2389926016E-5
2.2101821377E-5
9.3400944025E-6
1.8358428497E-5
1.3715331443E-5
1.8332910258E-5
1.2222118676E-5
2.2825913038E-5
1.5714671463E-5
1.4035066124E-5
2.0241620950E-5
1.7147464678E-5
1.8140033353E-5
2.1178228780E-5
1.0749069042E-5
8.2064419986E-6
7.1079935879E-6
8.4818224424E-6
1.6757729463E-5
1.4422961976E-5
2.3135158698E-5
2.8559612109E-5
1.7547362949E-5
1.1300237384E-5
4.9103400670E-6
1.4676817227E-5
1.6939686611E-5
7.7755888925E-6
2.4901353754E-5
1.3559637591E-5
1.2995919678E-5
2.5799463037E-5
2.1174387075E-5
2.9845896642E-5
2.0852324087E-5
5.5773300119E-6
-5.2842544391E-6
5.3789233789E-6
1.9362743478E-5
3.7863187026E-5
3.9483269210E-5
2.0283483900E-5
1.0116666090E-5
7.5104646386E-6
5.2835210226E-6
-9.4144488685E-6
5.8051780798E-6
1.3036013115E-5
1.8199556507E-5
2.4812261107E-5
2.9684579930E-5
3.3002695999E-5
1.9341043662E-5
9.6806092188E-6
1.0885379743E-5
1.2367649470E-5
2.4188426323E-6
9.8185264506E-6
1.8740573432E-5
1.7856585327E-5
2.6301108300E-5
2.0047463476E-5
1.4904804993E-5
1.0423839558E-5
1.2662238441E-5
1.5006714966E-5
6.1140861363E-6
1.2910028454E-5
1.2636708561E-5
1.5940912999E-5
2.0005146507E-5
1.6473454889E-5
6.7294808105E-6
1.6863946803E-5
1.7398071941E-5
9.5789204354E-6
1.1078850366E-5
6.6899345257E-6
1.0819826275E-5
1.3818359002E-5
2.3027812130E-5
2.2483523934E-5
2.8344569727E-5
2.1616544108E-5
1.1991860811E-5
1.2117577717E-5
1.1840881780E-5
1.4206219930E-5
1.8488452770E-5
1.6436795704E-5
2.2209144663E-5
1.9331974908E-5
2.0158092957E-5
2.1427951287E-5
6.2351580710E-6
7.3588453234E-6
1.6798300203E-5
1.5133735724E-5
1.4814105816E-5
2.0481005776E-5
2.4898780975E-5
2.1487078629E-5
1.8326460849E-5
1.7272913828E-5
1.3165129349E-5
1.2479780708E-5
1.5466043260E-5
1.7563125584E-5
2.3078278172E-5
1.3412965927E-5
1.0378181469E-5
3.4719821997E-6
1.3140146621E-5
1.7237698193E-5
1.9386538770E-5
1.7122272402E-5
1.5909585636E-5
1.3534317259E-5
1.2244144455E-5
1.3569940347E-5
1.5129195526E-5
1.1543184519E-5
2.4055002722E-5
1.5640608035E-5
2.0460621453E-5
1.8081243615E-5
1.8194084987E-5
1.5330500901E-5
1.5368813183E-5
1.8182315398E-5
1.0916090105E-5
9.4838673250E-6
1.2783752754E-5
2.1172477863E-5
1.7581018619E-5
2.1986581850E-5
1.4580017887E-5
1.8911785445E-5
1.4128605835E-5
1.8003745936E-5
9.4032613562E-6
1.9315385725E-5
1.7032062169E-5
1.8619222101E-5
2.0342704374E-5
1.5876651742E-5
1.4249549713E-5
1.0656728409E-5
1.3296806719E-5
1.0737124831E-5
1.9521487411E-5
1.3866566587E-5
1.3685680460E-5
1.2494786643E-5
1.0989559814E-5
1.3147923164E-5
7.5992429629E-6
1.7232529353E-5
2.2438028827E-5
3.1045987271E-6
8.8409404271E-6
1.8026155885E-5
1.1743919458E-5
2.2598437499E-5
1.9755063113E-5
1.6570696607E-5
2.3396266624E-5
1.7251609824E-5
6.1199767516E-6
1.5369046014E-5
9.4524119050E-6
7.4657960796E-6
1.4425511472E-5
2.2666016593E-5
6.0939928518E-6
2.7950631919E-5
2.1870201453E-5
1.8941110465E-5
1.4485092834E-5
1.1652463582E-5
1.8386531155E-5
1.8067099154E-5
1.1402519886E-5
1.5010917559E-5
1.1246744543E-5
1.5596160665E-5
1.2192176655E-5
1.2171047274E-5
8.2066981123E-6
9.1597903521E-6
8.2843354904E-6
1.2181152124E-5
1.6808381770E-5
1.3230717741E-5
1.3462977950E-5
1.2518174481E-5
1.9584654364E-5
1.4864653349E-5
1.3105873950E-5
1.5129521489E-5
8.3467341029E-6
1.0645983275E-5
3.8477941416E-6
6.3500134275E-6
1.1589587666E-5
2.2236630320E-5
2.1427194587E-5
2.3001898080E-5
2.5429471861E-5
1.3032008428E-5
1.2883718591E-5
1.1620915029E-5
7.4239214884E-6
-4.6167406253E-6
7.1023241618E-6
1.0016909800E-5
1.3485911768E-5
4.2649160604E-5
4.3288024608E-5
3.9855390787E-5
2.4243223015E-5
-8.5997628048E-6
-4.6101480257E-5
-3.3402384724E-5
6.9510238246E-5
8.3983375227E-5
1.8361629918E-5
1.1985772289E-6
-1.0031880811E-5
-9.6384552307E-6
8.3783525044E-6
1.8039310816E-5
1.2730469462E-5
2.1615391597E-5
1.9281718414E-5
1.9491859711E-5
1.7821055371E-5
2.0178442355E-5
1.1374265887E-5
1.5832588542E-5
5.5653043092E-6
8.9851091617E-6
1.4320958871E-5
2.4137389846E-5
1.7777399625E-5
5.3935451435E-6
1.8238462507E-5
1.3200554531E-5
1.5421432909E-5
1.5701004304E-5
1.3339729048E-5
1.5579664614E-5
6.9825327956E-6
2.7066248003E-5
1.5036610421E-5
1.0858604219E-5
2.9707443900E-6
1.8850923516E-5
1.3059040066E-5
1.8160545733E-5
1.4943594579E-5
8.3069549875E-6
7.6120719314E-6
1.3968464918E-5
1.4029932208E-5
8.1429374406E-6
1.1610204820E-5
8.4889237770E-6
1.5944079496E-5
1.8412293866E-5
3.3648591488E-5
3.2426067627E-5
1.8200650811E-5
1.3695086818E-5
1.0554329492E-5
-9.6769072117E-7
1.0888022371E-5
1.6424641944E-5
1.6224768478E-5
1.8056470435E-5
2.2336700931E-5
1.8023746088E-5
2.2420578170E-5
8.0731697382E-6
2.0101550035E-5
6.6411099397E-6
9.5050665550E-6
2.2596854250E-5
1.4078698587E-5
1.2968934607E-5
1.6684888396E-5
2.0259700250E-5
2.2301077842E-5
1.0259158444E-5
2.8830952942E-6
-2.4344306439E-6
4.0408340283E-6
2.2485433146E-5
1.7417746130E-5
2.5832362007E-5
1.3701058924E-5
1.2111396063E-5
1.6126560513E-5
8.7156658993E-6
9.4961840661E-6
1.2761319522E-5
1.3285689056E-5
2.0515208598E-5
1.6557413619E-5
1.5140709002E-5
1.8550758250E-5
2.2303778678E-5
1.0428205133E-5
1.5309720766E-5
2.0919425878E-5
1.7801905051E-5
1.0033312719E-5
1.4548539184E-5
1.1506851297E-5
9.8199583591E-6
8.9484616184E-6
1.5472981613E-5
3.3741258084E-5
2.1741946693E-5
1.2819608673E-5
2.9108836315E-6
-3.5865465179E-6
-1.1231983080E-6
9.4305723907E-6
2.3193424567E-5
2.3029115982E-5
2.2572185844E-5
1.3770430814E-5
1.1948810425E-5
1.4482729603E-5
2.5251973420E-5
1.1367734987E-5
2.2655213251E-5
4.4122920372E-6
1.5162362251E-5
1.6338110436E-5
6.4289197327E-6
2.3270735982E-5
2.5387178175E-5
2.6646722107E-5
2.0256871357E-5
-9.0592075139E-6
-8.2689221018E-6
-2.4145236239E-6
1.3991771266E-5
3.0459300614E-5
2.6383949443E-5
2.3132911883E-5
2.2195617202E-5
1.4141271822E-5
5.7534431108E-6
6.6625187174E-6
5.9070880525E-6
6.6383741796E-6
1.7503171693E-5
2.2788729984E-5
2.1163956261E-5
2.3413228336E-5
2.4582154582E-5
1.2629094999E-5
7.0275855252E-6
5.5860378780E-6
5.1172799431E-6
1.1891091708E-5
1.4364148956E-5
1.9760022405E-5
1.6538985074E-5
1.7930357717E-5
1.8411315977E-5
1.0411965195E-5
8.6882617326E-6
2.0059617236E-5
1.5331315808E-5
8.2114711401E-7
1.8052884843E-5
1.8373830244E-5
1.9367097411E-5
1.7132365610E-5
1.6170670278E-5
2.1855218801E-5
1.5756255016E-5
1.4646747150E-5
1.0408519302E-5
1.1612125672E-5
1.8019403796E-5
1.2548221275E-5
9.2766480522E-6
1.4675443526E-5
2.0883348770E-5
1.1759984773E-5
1.6456632875E-5
1.0458088946E-5
7.4570882135E-6
1.2153526768E-5
1.4322053175E-5
1.1082517449E-5
1.5554483980E-5
2.6084308046E-5
2.2950523998E-5
1.1723395437E-5
1.4179165010E-5
1.1129979976E-5
1.0343990289E-5
8.8459928521E-6
1.5799293760E-5
1.1253205594E-5
1.5201978385E-5
1.6774400137E-5
1.3787939679E-5
1.5990296379E-5
9.3510141597E-6
1.6062986106E-5
1.5806383453E-5
4.2934087105E-6
1.0206259322E-5
1.3376807328E-5
1.2536614668E-5
1.6008829698E-5
1.9850488752E-5
1.6909430269E-5
1.4523486607E-5
1.8132594414E-5
1.8477812409E-5
1.1897436343E-5
1.1537852697E-5
1.6986450646E-5
1.1794827879E-5
6.9435453043E-6
1.6373221297E-5
1.2798723765E-5
9.7767682747E-6
1.6347505152E-5
1.0756670963E-5
7.2308699601E-6
1.1906330474E-5
1.7112318892E-5
1.1613033712E-5
1.7067452427E-5
1.7238315195E-5
2.6761100161E-5
1.7624220345E-5
1.8281338270E-5
1.2018170673E-5
1.3012997806E-5
1.1669483502E-5
1.6220565885E-5
1.9833631813E-5
7.4129435234E-6
1.4879019000E-5
2.0295975264E-5
2.0450656302E-5
1.5912589151E-5
1.0280765127E-5
1.5034503303E-5
4.2663887143E-6
1.5674182214E-5
1.6707018949E-5
1.2343795970E-5
6.4070220106E-6
1.2531317771E-5
1.2523704208E-5
1.4450331219E-5
1.8528907094E-5
1.5873555094E-5
4.5487075113E-6
1.2726790737E-5
1.3656693045E-5
1.6033090651E-5
1.4254404232E-5
2.0296091679E-5
1.9677833188E-5
2.2865540813E-5
8.5660256446E-6
1.1246534996E-5
1.3017305173E-5
1.1785735842E-5
7.9498393462E-6
1.1076033115E-5
1.1800834909E-5
1.3102125377E-5
2.7474388480E-5
1.5376950614E-5
2.1447683684E-5
1.3563153334E-5
2.4635496083E-5
1.5129533131E-5
3.4835538827E-6
5.0882110373E-6
2.6268768124E-6
1.1953187641E-5
2.5161541998E-5
2.0575278904E-5
1.6774132382E-5
1.5810329933E-5
1.7838890198E-5
6.1492202804E-6
1.5814474318E-5
1.2613064609E-5
-1.7541111447E-6
1.4135276433E-5
9.5733674244E-6
2.0733068231E-5
2.3497175425E-5
1.5982741024E-5
1.2273981702E-5
1.9367341883E-5
2.0097231026E-5
1.0414374992E-5
7.7848089860E-6
6.9053494372E-6
1.2762751430E-5
7.7363569290E-6
2.3517804220E-5
2.4580338503E-5
2.2409926168E-5
1.6828521620E-5
1.5395029914E-5
1.5597254969E-5
-5.3607276641E-6
1.7369980924E-6
1.5307450667E-6
6.3844607212E-6
2.5460170581E-5
4.4932507444E-5
6.8041810301E-5
3.7357897963E-5
2.4414062500E-5
-5.5367697497E-5
3.4759938716E-5
4.2456516530E-5
3.8170954212E-5
2.8818356804E-5
1.8544052727E-5
6.5378262662E-6
9.7518437542E-6
6.9740228355E-6
4.6589528210E-6
8.6910673418E-6
1.6476307064E-5
1.1853396427E-5
1.5348999295E-5
1.8268916756E-5
1.7297093291E-5
1.4414836187E-5
5.7698576711E-6
1.5800306573E-5
1.6837811563E-5
1.2088264339E-5
9.6372445115E-6
2.7482479344E-5
1.2462981977E-5
1.7160817515E-5
8.6179934443E-6
2.0662602037E-5
8.7400665507E-6
1.4011887833E-5
1.8394179642E-5
2.0595605019E-5
1.5590258408E-5
9.7013078631E-6
1.4235847630E-5
2.2608484141E-5
2.5542685762E-6
1.3189134188E-5
1.8629722763E-5
3.0318170320E-5
1.4708016533E-5
1.9331299700E-5
1.5974021517E-5
4.6539120376E-6
5.3740222939E-6
1.0157155339E-5
2.1427241154E-5
1.4277023729E-5
1.4587654732E-5
1.7536303494E-5
1.2890726794E-5
5.6140590460E-6
1.4813547023E-5
1.4194042888E-5
1.7236638814E-5
1.8561957404E-5
1.1352694128E-5
2.0970660262E-5
9.3036796899E-6
9.0688932689E-6
1.5791284386E-5
2.5797821581E-5
1.9939441699E-5
2.4064269382E-5
2.0076660439E-5
3.9011822082E-6
9.1230263934E-6
2.0460342057E-6
9.4104674646E-6
2.0757422316E-5
3.5475229378E-5
1.9242742564E-5
7.4655516074E-6
2.9859365896E-6
1.0774133261E-5
9.2917238363E-6
1.6092089936E-5
1.5751773026E-5
1.5010579955E-5
2.7949037030E-5
2.3702299222E-5
1.4382204972E-5
2.2153276950E-5
9.8109594548E-6
1.3771629892E-5
1.8218706827E-5
1.8362433184E-5
1.7875584308E-5
1.4072097838E-5
2.8732139616E-5
1.6967509873E-5
1.9133370369E-5
2.0496454089E-5
1.7453997862E-5
2.8155127074E-5
1.4850136358E-5
1.5305401757E-5
1.0428926908E-5
4.2640138418E-6
9.6036819742E-6
2.5565538089E-5
2.9621925204E-5
1.9923970103E-5
1.1778832413E-5
2.0363414660E-5
1.6447249800E-5
1.0337377899E-5
1.6433140263E-5
1.3161869720E-5
1.8130464013E-5
1.7291493714E-5
1.4670949895E-5
1.7328141257E-5
1.6536749899E-5
1.3340183068E-5
1.8082570750E-5
6.3030165620E-6
1.6610557213E-5
1.5287054703E-5
1.4080584515E-5
6.3698855230E-6
9.3000009657E-6
1.5502294991E-5
2.9764813370E-5
4.8544723540E-5
3.8846372626E-5
-1.6014371067E-5
-2.8621568344E-5
1.0236981325E-6
2.4563807528E-5
2.5890662800E-5
3.3909548073E-5
3.3250695559E-5
2.7843331917E-5
2.7510162908E-5
6.0346559622E-6
8.4054423497E-6
-1.7661484890E-6
7.5969845057E-6
2.1523947362E-5
1.1294917204E-5
1.6465398949E-5
2.2689497563E-5
2.2586144041E-5
2.7838186360E-5
1.1136126705E-5
1.0892457795E-5
9.5931114630E-6
-1.0237912647E-6
1.4548189938E-5
1.1010037269E-5
2.1680421195E-5
1.7009093426E-5
1.5925685875E-5
1.3164419215E-5
1.4013773762E-5
1.8454354722E-5
2.3354357108E-5
7.2344788351E-6
1.1365802493E-5
1.3936252799E-5
1.8864276353E-5
2.2286630701E-5
1.3916252647E-5
1.8824357539E-5
1.4973536600E-5
1.0779278819E-5
1.4898099471E-5
1.1118850671E-5
1.2643414084E-5
1.3801665045E-5
1.6395444982E-5
1.6648019664E-5
1.2367987074E-5
1.4904909767E-5
1.1682009790E-5
1.2637465261E-5
1.4950963669E-5
7.6403026471E-6
1.5293178148E-5
8.5809733719E-6
7.2321970948E-6
2.3182097356E-5
1.9295432139E-5
1.4672754333E-5
1.7525942530E-5
1.5739689115E-5
2.3869995493E-5
1.2455985416E-5
1.0874448344E-5
1.7237232532E-5
2.1268520504E-5
2.0877667702E-5
1.8265889957E-5
2.1486636251E-5
2.3697013966E-5
1.7252843827E-5
1.1738820467E-5
1.6222649720E-5
1.1370563880E-5
1.1384289246E-5
8.7306601927E-6
7.1136397310E-6
7.8005716206E-6
1.4330726117E-5
1.5353492927E-5
1.4282914344E-5
1.4468701556E-5
1.4064239804E-5
1.3964937534E-5
1.2644322123E-5
1.9156560302E-5
9.9034165033E-6
1.2342259288E-5
8.8978209534E-6
1.3771932572E-5
2.1537858992E-5
1.6885565128E-5
1.8155784346E-5
1.4058477245E-5
1.4395359904E-5
1.3279425912E-5
9.7779440694E-6
1.3573537581E-5
2.3504928685E-5
1.2956652790E-5
1.6236864030E-5
1.5656545293E-5
2.1247391123E-5
7.8814453446E-6
7.3937932030E-6
2.0217290148E-5
1.8214748706E-5
1.5630689450E-5
1.1137349065E-5
1.7429515719E-5
1.8092070240E-5
1.8356577493E-5
1.1840299703E-5
1.1836423073E-5
1.1932197958E-5
7.6895463281E-6
9.0488814749E-6
1.6911874991E-5
1.8299545627E-5
1.9475538283E-5
7.0031150245E-6
1.8595077563E-5
1.6248400789E-5
1.3727601618E-5
1.8814054783E-5
1.9422511104E-5
3.3779232762E-5
6.0837366619E-6
1.4205160551E-5
2.2998452186E-5
2.1062686573E-5
1.7833278980E-5
2.1812086925E-5
1.2091477402E-5
4.8336689361E-6
3.4130061976E-6
1.0966288392E-5
1.1206744239E-5
4.5272754505E-6
1.4876970090E-5
1.6462744679E-5
1.5442306176E-5
1.9808951765E-5
1.5185796656E-5
1.2636615429E-5
1.8712133169E-5
1.3798405416E-5
3.5864417441E-6
5.1460461691E-6
9.3754963019E-6
2.5006046053E-5
3.5797606688E-5
2.4930830113E-5
5.8320583776E-6
1.9377458375E-5
2.1470221690E-5
1.1629564688E-5
1.4830043074E-5
1.8667790573E-5
1.5351281036E-5
1.5460827854E-5
1.3814808335E-5
2.1766987629E-5
3.4594989847E-5
1.2745556887E-5
2.6153575163E-5
1.3568648137E-5
3.8072117605E-6
3.0045630411E-7
5.9879384935E-6
1.0673725046E-5
2.4567625950E-5
2.0004925318E-5
3.1158467754E-5
2.9814022127E-5
3.2257172278E-5
1.1060060933E-5
-8.5086445325E-6
-3.5752682015E-5
-3.0073896050E-5
6.3698866871E-5
7.9845299481E-5
1.8481735605E-5
-1.2749806046E-5
-5.3443131037E-6
-9.8742311820E-6
-2.3504602723E-6
2.1906988695E-5
2.1920504514E-5
3.1809287611E-5
2.4088146165E-5
2.6525056455E-5
2.6061886455E-5
9.0974150226E-6
-5.3845928051E-6
1.0522059165E-5
2.0582124125E-5
1.6432604752E-5
2.4808105081E-5
1.3131869491E-5
2.6209419592E-5
1.9280973356E-5
1.5104620252E-5
1.6993982717E-5
1.0643340647E-5
1.1450622696E-5
1.0130112059E-5
1.9588461146E-5
2.0464137196E-5
1.8419476691E-5
1.6654748470E-5
1.0038318578E-5
1.9535073079E-5
2.2037932648E-5
2.8838787693E-5
1.2691668235E-5
1.5299499501E-5
1.0699476115E-5
1.1886795983E-5
1.0202825069E-5
1.5880004503E-5
2.8524454682E-5
2.0523660350E-5
1.8403027207E-5
1.3367773499E-5
8.0630066806E-6
6.0030142777E-6
1.3523316011E-5
1.5484786127E-5
1.3248843607E-5
1.2037251145E-5
1.6171811149E-5
7.9718884081E-6
1.3602373656E-5
1.4619564172E-5
2.2953446023E-5
1.3529323041E-5
2.3050745949E-5
1.7132388893E-5
2.0152120851E-5
2.3843231610E-5
1.1569203343E-5
9.2800473795E-6
9.5172435977E-6
1.9615050405E-5
1.4468235895E-5
2.7436495293E-5
2.2636214271E-5
9.1323163361E-6
1.6472977586E-5
9.5132621937E-6
1.9225408323E-6
3.1259260140E-6
1.6644829884E-5
2.7372676413E-5
1.8402130808E-5
1.7215998378E-5
2.5171204469E-5
5.2586081439E-6
1.7338839825E-5
1.9502139184E-5
1.0446319357E-5
1.6530696303E-5
1.7659203149E-5
2.1135085261E-5
1.4605629258E-5
1.1346617248E-5
2.1149753593E-5
9.4063812868E-6
1.7232203390E-5
9.6825649963E-6
8.8534434327E-6
1.4412577730E-5
1.7809413839E-5
1.6366469208E-5
1.1386116967E-5
1.6608939040E-5
2.4868128821E-5
2.7406204025E-5
1.6416411381E-5
1.1049804743E-5
5.5803102442E-6
4.3209875002E-7
9.9990866148E-6
1.3642897829E-5
1.3401149772E-5
1.8655054737E-5
1.0032183491E-5
1.8455635290E-5
1.3180240057E-5
6.0425722041E-6
1.9335653633E-5
1.0256946553E-5
1.4089164324E-5
2.7674681041E-5
8.1802136265E-6
1.3394874986E-5
8.4418687039E-6
1.2440467254E-5
1.8940342124E-5
1.7615058459E-5
1.9781629089E-5
1.1863058899E-5
8.1458128990E-6
1.0633317288E-5
3.2896641641E-7
-1.6918638721E-6
-2.3912754841E-6
1.4995853417E-5
7.6868920590E-5
5.5620085915E-5
-1.2117496226E-5
-1.7965899314E-5
-1.2546370272E-5
9.2635047623E-6
2.7514284010E-5
2.6344764045E-5
1.7205404583E-5
2.2245105356E-5
2.1873821970E-5
3.5652774386E-6
1.3901502825E-5
-1.3403710909E-6
-1.3048993423E-7
1.5174760483E-5
2.5539204943E-5
2.8599298093E-5
1.9859068561E-5
1.7962919082E-5
2.2233591880E-5
2.0091910846E-5
1.5068077482E-5
1.2272945605E-5
1.5687663108E-6
1.1925806757E-5
6.7136832513E-6
1.1561345309E-5
1.5000661370E-5
1.8141861073E-5
2.7492921799E-5
9.9624623547E-6
1.4645257033E-5
1.0950490832E-5
1.8227926921E-5
1.2604158837E-5
1.1574418750E-5
1.5126110520E-5
2.3749412502E-5
2.0492100157E-5
1.3413524721E-5
1.4857028145E-5
2.4258741177E-5
2.0340818446E-5
1.1843699031E-5
1.6321055591E-5
8.9882873000E-6
1.8549768720E-5
2.1306751296E-5
1.9263860304E-5
1.6379251610E-5
1.7340248451E-5
1.9245804287E-5
1.9241252448E-5
1.3090635184E-5
1.4242448378E-5
1.9697530661E-5
1.4187081251E-5
9.8303426058E-6
1.5173270367E-5
1.6792281531E-5
1.2984185014E-5
1.5257764608E-5
1.7888669390E-5
1.5288672876E-5
1.2685230468E-5
6.8528461271E-6
1.9760406576E-5
1.5089532826E-5
9.3491980807E-6
1.6611232422E-5
1.2341246475E-5
2.1191430278E-5
1.5447812621E-5
1.1971464846E-5
2.1362409461E-5
1.3121636584E-5
1.2936058920E-5
1.7612089868E-5
2.4414062500E-5
1.1609634385E-5
1.6568705905E-5
1.6943237279E-5
6.9659203291E-6
3.4684664570E-6
1.4033995103E-5
1.4885142446E-5
2.6042119133E-5
1.0334444232E-5
1.2536603026E-5
1.4312670100E-5
1.8052780069E-5
1.4327839017E-5
1.5990179963E-5
1.8432771321E-5
2.2718810942E-5
1.3148877770E-5
9.2742848211E-6
1.1253368575E-5
8.9570181445E-6
1.1371565052E-5
2.3732404224E-5
1.3943342492E-5
1.6889232211E-5
2.2844749037E-5
1.2996338774E-5
8.7321037427E-6
5.9994170442E-6
1.1153041851E-5
1.4144473244E-5
1.3127829880E-5
1.4147639740E-5
2.4009996559E-5
6.4390944318E-6
2.1719397045E-5
1.2365763541E-5
1.3836205471E-5
1.3992737513E-5
1.0666949675E-5
2.0448351279E-5
1.2775522191E-5
2.0795513410E-5
1.7426232807E-5
2.5424943305E-5
1.1045380961E-5
7.2324415670E-6
1.9144825637E-5
1.7431355081E-5
1.0499707423E-5
1.8039438873E-5
3.5606790334E-6
1.3070355635E-5
1.7525639850E-5
2.2465048823E-5
1.8221314531E-5
1.6635376960E-5
1.7808121629E-5
1.4793849550E-5
7.1583315731E-6
6.0305697844E-6
8.9813722299E-6
5.2531482652E-6
2.3868621792E-5
1.7067650333E-5
2.6499468367E-5
2.0295067224E-5
1.1796969920E-5
1.5182420611E-5
2.9525952414E-6
4.4066226110E-6
5.7593686507E-6
4.0291342884E-6
1.4143658336E-5
2.1780363749E-5
2.8878403827E-5
2.7992564718E-5
9.4812246971E-6
2.6221631560E-5
5.0918431953E-6
-4.3744803406E-6
1.3758137357E-5
2.0484440029E-6
2.4111382663E-5
1.7938110977E-5
2.7939653955E-5
3.0583783518E-5
2.1810189355E-5
2.9108847956E-5
1.2055435218E-5
-3.6899116822E-6
-7.1035465226E-6
-4.4019543566E-6
-1.0420219042E-6
2.7292873710E-5
5.1353906747E-5
8.4020360376E-5
4.0350970812E-5
-3.9609952364E-5
-7.0268113633E-5
5.6686578320E-6
3.4888752270E-5
4.9179024063E-5
3.1761860008E-5
2.5634479243E-5
7.4892072008E-6
1.1639459990E-5
4.2523024602E-7
-1.7858459614E-6
1.4714023564E-5
6.1242957600E-6
2.3766350932E-5
2.5576236657E-5
1.6689370386E-5
2.1757837384E-5
2.3330620024E-5
7.4287992903E-6
2.2270914633E-5
1.9535911269E-5
1.9372266251E-5
7.6690572315E-6
1.8259766511E-5
1.7219746951E-5
1.2374913786E-5
1.2701656669E-5
1.7585745081E-5
1.6635621432E-5
2.0005658734E-5
1.5695672482E-5
1.1546898168E-5
1.9487598911E-5
1.0374677368E-5
2.0070304163E-5
2.0337395835E-5
1.7500482500E-5
1.8430617638E-5
2.3423752281E-5
8.1610167400E-6
1.1380796786E-5
3.5633798688E-6
9.8202144727E-6
1.1635059491E-5
8.9873210527E-6
4.6609318815E-6
1.8153805286E-5
2.1967745851E-5
2.4036073591E-5
1.5198788606E-5
1.4234078117E-5
1.3176375069E-5
7.6256226749E-6
1.3974285684E-5
1.0640989058E-5
1.9688170869E-5
1.9633315969E-5
1.9581464585E-5
7.5616524556E-6
1.4582369477E-5
1.7050455790E-5
2.4997279979E-5
1.2788991444E-5
1.6344944015E-5
1.7685384955E-5
1.1624151375E-5
1.5044468455E-5
2.0111852791E-5
6.1821308919E-6
1.5804870054E-5
1.2720935047E-5
1.4541053679E-5
2.6324775535E-5
2.1406263113E-5
2.4716230109E-5
7.8502111138E-6
1.2024585158E-5
9.8707620055E-6
1.8233910668E-5
2.2491393610E-5
1.9337399862E-5
2.5787937920E-5
1.6745133325E-5
1.1454755440E-5
1.5614228323E-5
1.4446792193E-5
1.3282406144E-5
1.9284163136E-5
9.7775598989E-6
2.2546504624E-5
1.6577541828E-5
6.9526955486E-6
5.8199046180E-6
1.7225777265E-5
1.9200379029E-5
2.2689218167E-5
1.1376698967E-5
7.7554490418E-6
8.2904123702E-6
1.3186852448E-5
2.3069535382E-5
2.6520702521E-5
2.6591040659E-5
1.3078853954E-5
1.3171334285E-5
9.6162199044E-6
1.3733922970E-5
9.7890268081E-6
1.3402500190E-5
1.7745723016E-5
1.8987245858E-5
1.5476578847E-5
1.8098985311E-5
1.1646433268E-5
1.8494692631E-5
9.4991642983E-6
1.5472830273E-5
1.4774082229E-5
1.0393897537E-5
1.5816837549E-5
1.0546983685E-5
1.5327346046E-5
1.8518336583E-5
1.3098667842E-5
1.8880085554E-5
2.4191325064E-5
2.0170735661E-5
2.9565417207E-5
1.8130405806E-5
1.1992827058E-5
9.7956391984E-6
-7.1728718468E-6
-1.5999481547E-5
2.9959483072E-7
7.1709672923E-5
5.3365749773E-5
-1.4531530905E-5
-1.4290702529E-5
-6.1720842496E-6
9.6705975012E-6
9.0856570752E-6
2.3468909785E-5
2.8167129493E-5
2.8933386783E-5
2.8037710580E-5
1.3394933194E-5
1.5591259580E-5
8.7356311270E-6
9.4986171462E-6
7.2973780335E-6
1.5608756803E-5
2.3084646090E-5
2.4217693134E-5
1.9029981922E-5
1.6802910250E-5
1.6768916976E-5
1.6289541963E-5
1.2392585632E-5
1.2426543981E-5
1.5228288248E-5
1.1636246927E-5
1.5452038497E-5
1.6389403026E-5
2.1687231492E-5
2.3045425769E-5
1.2494425755E-5
3.8219848648E-6
1.9571918528E-5
1.3047619723E-5
1.7914676573E-5
1.1658167932E-5
1.2246321421E-5
6.0863327236E-6
1.3984891120E-5
1.9096385222E-5
2.4057668633E-5
1.0485469829E-5
1.3152929023E-5
1.3465690427E-5
1.6627286095E-5
7.9915858806E-6
1.6648985911E-5
1.3698264956E-5
1.6719754785E-5
1.4644849580E-5
1.8101499881E-5
1.1849636212E-5
1.1637411080E-5
1.9197922665E-5
1.4177884441E-5
1.4671741519E-5
1.3156863861E-5
1.5501759481E-5
2.0284799393E-5
1.6954634339E-5
2.2948463447E-5
1.4498375822E-5
2.1325738634E-5
1.4125939924E-5
2.1899223793E-5
1.5611143317E-5
1.1002551764E-5
1.7923535779E-5
9.2296395451E-6
1.5323935077E-5
1.7699145246E-5
1.5165470541E-5
1.3904925436E-5
1.5102431644E-5
1.3799103908E-5
1.4214392286E-5
1.4622462913E-5
1.6558775678E-5
2.1364132408E-5
1.2252666056E-5
2.0697852596E-5
2.1922623272E-5
1.4224892948E-5
1.2886233162E-5
1.2085959315E-5
1.3815064449E-5
1.4337280299E-5
8.8262837381E-6
1.7734745052E-5
1.8852669745E-5
1.5119556338E-5
2.2832234389E-5
1.4678353909E-5
1.5217601322E-5
6.0373917223E-6
1.7857900820E-5
7.6314434411E-6
6.7189452239E-6
1.7521844711E-5
2.2459414321E-5
1.2042163871E-5
2.2746506146E-5
1.8925592303E-5
1.6481452621E-5
1.8670840655E-5
1.6669649631E-5
8.2935439424E-6
9.2137954199E-6
1.3500999194E-5
1.3228121679E-5
1.7386721447E-5
2.8706307056E-5
1.2360711116E-5
1.4116428793E-5
9.5330295155E-6
1.5563564375E-5
1.8681166693E-5
1.3967312407E-5
5.9182289988E-6
1.0828836821E-5
2.7278042398E-5
1.5740143135E-5
1.6168097500E-5
1.8102908507E-5
1.1884933338E-5
1.5875359532E-5
9.6725649201E-6
1.2464250904E-5
1.3053545263E-5
1.5481410082E-5
1.0504585225E-5
1.5442632139E-5
1.5331211034E-5
2.5547714903E-5
2.1078204736E-5
2.0641670562E-5
1.3778230641E-5
5.5489595980E-6
7.8210723587E-6
4.7689187341E-6
1.4003214892E-5
2.5348865892E-5
1.8058426212E-5
2.6273261755E-5
2.6154471561E-5
2.5704631116E-5
1.5383400023E-5
2.2680032998E-6
-5.3293304518E-6
5.9376121499E-6
2.3507280275E-6
1.8189137336E-5
2.5193870533E-5
4.0525116492E-5
1.7650856171E-5
1.4312798157E-6
1.0641664267E-5
2.0989123732E-5
6.9914967754E-6
-1.9513769075E-6
9.5276278444E-6
8.9105567895E-6
1.7161469441E-5
1.8199125770E-5
4.6962033957E-5
5.3023139481E-5
3.2800470944E-5
1.2836500537E-5
-5.1455851644E-5
-3.9577251300E-5
2.5454885326E-5
9.8380143755E-5
5.1918311510E-5
2.9016530606E-5
3.0953204259E-6
-1.2584507931E-5
-4.7505134716E-6
6.8319845014E-6
6.3899904490E-6
3.0052824876E-5
1.1697516311E-5
2.0943826530E-5
3.1314953230E-5
1.6538903583E-5
2.4686043616E-5
2.5589950383E-6
7.0255831816E-6
7.2133145296E-6
1.2798816897E-5
9.4458693639E-6
1.3156014029E-5
2.1577673033E-5
1.2285111006E-5
2.5394256226E-5
2.1039682906E-5
2.4288613349E-5
1.3313558884E-5
2.2217689547E-5
8.4517523646E-6
1.7837528139E-5
3.1279865652E-6
1.4396174811E-5
1.3095908798E-5
2.4078122805E-5
2.0300550386E-5
1.6284338198E-5
1.4342472423E-5
1.8632749561E-5
1.7024634871E-5
1.2108834926E-5
1.7594662495E-5
1.2173317373E-5
2.4052732624E-5
1.7210573424E-5
1.2910971418E-5
1.8663145602E-5
1.5934708062E-5
1.1441030074E-5
9.4135873952E-6
1.5114923008E-5
1.8759758677E-5
2.9793661087E-5
9.1174966657E-6
2.1019345149E-5
2.0045728888E-5
1.5250220895E-5
1.7805222887E-5
1.2276927009E-5
2.0506116561E-5
2.0686071365E-5
1.4513079077E-5
7.6029100456E-6
9.3397684395E-6
8.6797866971E-6
2.0062923431E-5
2.0993396174E-5
1.3180868700E-5
1.7470354214E-5
1.3887195382E-5
1.8656125757E-5
1.2175203301E-5
2.1550990641E-5
1.2034166139E-5
1.3614119962E-5
8.0382800662E-6
1.5688582789E-5
1.2019230053E-5
1.0937813204E-5
2.1622912027E-5
2.5423360056E-5
2.8765597380E-5
7.4824783953E-6
3.9330101572E-6
3.7621939554E-6
1.2629199773E-5
2.0531495101E-5
2.6342365890E-5
2.0913884509E-5
1.8873088993E-5
1.2746034190E-5
2.7670571580E-5
8.7676919066E-6
1.5071057714E-5
1.0517810006E-5
1.1787121184E-5
6.0388934799E-6
2.0749610848E-5
2.4124269839E-5
2.3261224850E-5
2.4855218361E-5
1.4957797248E-5
3.9597856812E-6
7.6954020188E-6
1.3273500372E-5
1.6003474593E-5
1.6591022722E-5
2.3597176186E-5
2.3017311468E-5
2.9310595709E-5
1.4758168254E-5
1.1486478616E-5
1.5062035527E-5
2.8166105039E-6
1.9759207498E-5
1.2909458019E-5
2.1375133656E-5
1.8882902804E-5
1.4533416834E-5
1.6188388690E-5
2.0990811754E-5
8.7477499620E-6
2.3881276137E-5
1.3152533211E-5
1.5887082554E-5
1.5913858078E-5
2.0367698744E-5
1.9445363432E-5
1.0601594113E-5
1.3383803889E-5
1.5598116443E-5
1.4446803834E-5
8.4532890470E-6
1.8942460883E-5
2.2374792024E-5
1.6511825379E-5
1.0153756011E-5
1.4391995501E-5
-1.3596261852E-6
-1.8954835832E-5
-3.5318429582E-6
6.8426236977E-5
5.8714277112E-5
-4.4080894440E-6
-4.4268905185E-6
2.9321061447E-6
7.5547373855E-6
1.7630949151E-5
1.5932659153E-5
3.0236446763E-5
3.1602522357E-5
2.9124016873E-5
1.7980672419E-5
1.6770395450E-5
8.3769788035E-6
1.0750524234E-5
9.8131131381E-6
2.1891470532E-5
2.4414062500E-5
1.3139063958E-5
1.7022527754E-5
2.2378191351E-5
2.0059663802E-5
1.4686188661E-5
1.5296903439E-5
1.7226592172E-5
9.3492912129E-6
1.3929407578E-5
1.8536474090E-5
1.8366030417E-5
1.8000707496E-5
1.7862638924E-5
1.4590425417E-5
1.8454494420E-5
1.2405589223E-5
2.2029294632E-5
1.5416962560E-5
1.5120848548E-5
2.0093051716E-5
1.1321727652E-5
2.2539275232E-5
1.7100444529E-5
9.4602117315E-6
1.7095881048E-5
1.0298937559E-5
1.9025080837E-5
1.1235789862E-5
1.4079385437E-5
1.0963471141E-5
1.3092125300E-5
1.3264128938E-5
1.7438549548E-5
2.8754246886E-5
1.9224104471E-5
2.5267095770E-5
1.5797291417E-5
1.1701323092E-5
1.5751144383E-5
1.8565240316E-5
1.6069633421E-5
1.2509047519E-5
1.1131598149E-5
1.8217193428E-5
1.3591768220E-5
1.4065788128E-5
1.7666805070E-5
1.9869103562E-5
2.1619675681E-5
6.1636208558E-6
1.1213100515E-5
1.5041476581E-5
1.6807345673E-5
1.0711431969E-5
1.0939303320E-5
2.3004366084E-5
1.7873430624E-5
1.0418926831E-5
1.2351269834E-5
1.3052974828E-5
1.0432139971E-5
1.9537808839E-5
1.9101612270E-5
1.2822367717E-5
1.6072287690E-5
1.9143777899E-5
2.1479639690E-5
1.0288809426E-5
1.1793302838E-5
8.3539984190E-6
1.4811719302E-5
1.8120207824E-5
1.2869911734E-5
2.0968494936E-5
1.9526260439E-5
1.8266693223E-5
1.8537673168E-5
1.3507821132E-5
1.5125167556E-5
1.4481716789E-5
1.3324781321E-5
1.3367121574E-5
1.4464615379E-5
2.4174130521E-5
2.2215186618E-5
1.9979593344E-5
1.8775602802E-5
1.1056568474E-5
7.6299533248E-6
5.3640920669E-6
9.9446624517E-6
1.5608535614E-5
1.4264218043E-5
1.9895529840E-5
1.3729918283E-5
2.1491502411E-5
2.3470690939E-5
2.1420849953E-5
2.5985063984E-5
1.3522442896E-5
1.3808044605E-5
1.1522951536E-5
1.6803957987E-5
2.0177545957E-5
1.7099804245E-5
1.7734663561E-5
1.6323989257E-5
2.0222412422E-5
2.1259777713E-5
-5.6071439760E-7
6.2543433160E-6
9.5801893622E-6
1.0701897554E-5
1.4177779667E-5
1.9568228162E-5
1.2580282055E-5
2.1739630028E-5
1.9285269081E-5
1.9272859208E-5
1.4926388394E-5
1.0081299115E-5
4.2690546252E-6
1.4193262905E-5
9.5294089987E-7
1.1615839321E-5
2.3582857102E-5
3.1652871984E-5
2.0450772717E-5
2.8348248451E-5
1.2893846724E-5
1.7876271158E-5
-6.2333536334E-6
-7.9396762885E-6
-5.3506344557E-6
1.4331797138E-5
2.8672348707E-5
2.4726940318E-5
2.8138991910E-5
2.9054307378E-5
2.8254184871E-5
2.3818691261E-5
3.6439741962E-6
-2.1138088777E-5
-4.2218621820E-5
-7.6588243246E-6
7.9015060330E-5
8.6676853245E-5
3.3543049357E-5
-3.0592025723E-5
-2.8297817334E-5
-1.5668617562E-5
1.1805957183E-5
2.7568987570E-5
2.8134742751E-5
2.7749640867E-5
2.9770028777E-5
2.2014544811E-5
1.1005415581E-5
9.9835568108E-6
1.2406310998E-5
1.2790248729E-5
1.7291796394E-5
1.4048232697E-5
1.7527991440E-5
2.6198150590E-5
2.5156373157E-5
1.3411603868E-5
1.3413280249E-5
1.3618764933E-5
5.2737887018E-6
9.3238544651E-6
7.1744900197E-6
3.1045987270E-6
2.2968323901E-5
1.8341490067E-5
3.1796179245E-5
2.7121102902E-5
2.4283630773E-5
1.9307900220E-5
1.6139191575E-5
1.4917214867E-5
7.9345074483E-6
1.4215765987E-5
2.5024462956E-5
1.9945972599E-5
1.9840535242E-5
1.9965798128E-5
1.9240402616E-5
1.1770986021E-5
2.1811411716E-5
1.9031262491E-5
9.3719339930E-6
1.2940855231E-5
1.7295766156E-5
2.1350162569E-5
1.3440486509E-5
1.8740387168E-5
2.0196940749E-5
1.7882185056E-5
9.9383643829E-6
2.2959220223E-5
1.1217570864E-5
1.7204950564E-5
1.6654620413E-5
1.5526078641E-6
1.8004281446E-5
2.1494005341E-5
9.0393587015E-6
1.5005306341E-5
2.4601421318E-5
2.2250576876E-5
1.0864902288E-5
5.1523675211E-6
1.6541103832E-5
1.2899900321E-5
9.4492686913E-6
1.0463793297E-5
1.5228649136E-5
1.7011817545E-5
1.8849910702E-5
1.3120507356E-5
1.6595947091E-5
1.5499431174E-5
1.5174306464E-5
1.2744008563E-5
4.8329122364E-6
1.6271066852E-5
1.2276333291E-5
6.2993960456E-6
1.6852444969E-5
1.8261931836E-5
1.6610033344E-5
1.5392643400E-5
6.9868518041E-6
2.0281155593E-5
2.2270611953E-5
6.9305067882E-6
1.8289324362E-5
1.6521138605E-5
1.9890605472E-5
1.7703382764E-5
1.0690523777E-5
2.6450585573E-5
3.1933211721E-5
1.4927145094E-5
-3.0096853152E-6
5.7267257944E-6
1.3770186342E-5
1.5839433763E-5
2.3937167133E-5
1.9995239563E-5
1.9965297542E-5
2.2004113998E-5
1.6239541583E-5
1.1581648141E-5
1.6823108308E-5
6.1782426202E-6
1.9627413712E-5
1.7428537830E-5
2.0812929142E-5
2.2836728021E-5
2.6463763788E-5
1.3148481958E-5
1.2876256369E-5
8.7819877082E-6
9.2088012026E-6
1.4783395454E-5
1.0532198940E-5
1.5396531671E-5
1.9778008572E-5
2.0187557675E-5
8.7711378001E-6
1.9941688515E-5
1.8150254618E-5
1.9546237308E-5
1.7452682368E-5
1.8088310026E-5
1.8679746427E-5
2.0256836433E-5
1.3383512851E-5
2.5659741367E-5
7.4452487753E-6
1.1248770170E-5
2.0910962484E-5
1.6187282745E-5
1.7005275003E-5
2.0932010375E-5
2.2014242131E-5
1.5186879318E-5
1.0237656534E-5
3.1769042834E-6
-8.8578788563E-6
-6.5080821514E-6
5.4244580679E-5
3.1225418205E-5
1.4296523295E-5
1.4445639681E-5
-3.2030977309E-6
1.1508865282E-5
1.0294525419E-5
1.6468833201E-5
1.9171379972E-5
2.6394403539E-5
2.3883208632E-5
1.5990727115E-5
1.1966540478E-5
5.7233148255E-6
1.1113274377E-5
1.2230500579E-5
1.2388802134E-5
2.4270825087E-5
1.6066664830E-5
1.6489939298E-5
2.0349561236E-5
1.4227489009E-5
7.6973112301E-6
1.6531511210E-5
1.4318071771E-5
1.4298374299E-5
2.3694732226E-5
7.1226153523E-6
1.5518814325E-5
1.6249902546E-5
1.1729577091E-5
1.3335968833E-5
1.4669238590E-5
1.1852383614E-5
8.5524865426E-6
9.7252079286E-6
1.4455686323E-5
1.4084693976E-5
1.6217341181E-5
2.8435268904E-5
2.3050222080E-5
2.0474474876E-5
1.2588745449E-5
9.6189673059E-6
1.1941848788E-5
1.3717391994E-5
1.1754094157E-5
5.2885618061E-6
1.1458876543E-5
1.3803760521E-5
2.3237976711E-5
1.9482336938E-5
1.8658640329E-5
9.3517708593E-6
1.6961561050E-5
9.6298870632E-6
1.3482687064E-5
1.0016735178E-5
7.9950084911E-6
1.3226736337E-5
1.1752662249E-5
1.7794896848E-5
1.5995418653E-5
1.6794411931E-5
1.5770760365E-5
1.6349705402E-5
8.5521140137E-6
1.5590258408E-5
1.6692397185E-5
1.3277621474E-5
1.8262513913E-5
2.2264278959E-5
1.9155826885E-5
1.5491421800E-5
1.9825389608E-5
1.8238648772E-5
9.8046264612E-6
2.0169932395E-5
6.0234917328E-6
1.3139669318E-5
1.5393760987E-5
1.6209471505E-5
1.5956128482E-5
1.7103634309E-5
1.6261765268E-5
1.7765804659E-5
8.6034648121E-6
2.2417772561E-5
5.0372676924E-6
2.3934827186E-5
9.2678121292E-6
1.4263845515E-5
1.5730748419E-5
2.3008277639E-5
1.1743779760E-5
1.6909488477E-5
5.3711701185E-6
1.7386896070E-5
1.1708040256E-5
1.2993381824E-5
1.5728455037E-5
3.3506262115E-5
2.4754088371E-5
2.3038871586E-5
1.4143972658E-5
1.9294512458E-5
1.5561049804E-5
2.5952130090E-5
1.6404804774E-5
1.9671826158E-5
1.8738023936E-5
1.8487568013E-5
1.7308886163E-5
2.3272994440E-5
2.1292734891E-5
9.4412593172E-6
1.4001131058E-5
1.7166940961E-5
1.2228940614E-5
1.3190368190E-5
1.2773345225E-5
9.5879659058E-6
1.6436039004E-5
2.1771225147E-5
1.4778913464E-5
2.6137183886E-5
3.3152382820E-5
2.4082721210E-5
1.3824820053E-5
1.1674151756E-5
1.9278610126E-6
8.1200036221E-6
1.3520999346E-5
1.4882162213E-5
2.3563636932E-5
2.6849040295E-5
2.1298066713E-5
2.1817593369E-5
1.4906784054E-5
6.5174768680E-6
5.8829085902E-6
-2.4864566512E-6
1.2750830501E-5
1.0861211922E-5
2.3085949942E-5
3.0934542882E-5
4.4733367395E-5
3.2491469755E-5
9.4218645245E-6
-9.1798952781E-6
-2.0138337277E-6
-5.6428834796E-6
-1.0941410437E-5
1.7484452110E-5
6.2393816188E-5
9.8707259168E-5
3.7685828283E-5
-2.0142644644E-5
-6.5758894199E-5
-1.3719638809E-5
1.8418894615E-5
4.0683581028E-5
5.2183109802E-5
2.6697374414E-5
3.2970507163E-5
8.5304491222E-6
7.4873212726E-6
3.5721808672E-6
-1.4571589418E-6
1.3924890664E-5
2.7419882826E-5
1.5871506184E-5
2.9667641501E-5
2.2821791935E-5
1.7230457161E-5
1.9161531236E-5
1.8515379634E-5
4.3706153519E-6
1.4522986021E-5
1.4331389684E-5
1.5213689767E-5
1.0778219439E-5
1.9133673049E-5
3.3522758166E-5
2.0147766918E-5
9.9191674963E-6
2.2426876239E-5
1.2677640188E-5
1.8708221614E-5
1.0199111421E-5
1.1005485430E-5
1.4233833645E-5
1.3295060489E-5
1.6766472254E-5
2.1367077715E-5
1.7471308820E-5
1.6502907965E-5
1.4476489741E-5
1.7961789854E-5
4.5535620302E-6
1.7019221559E-5
1.1378200725E-5
1.2697954662E-5
9.2831673102E-6
1.5337439254E-5
2.2383534815E-5
1.1471658945E-5
1.5119172167E-5
1.7363484949E-5
1.2471748050E-5
1.0757870041E-5
1.6847392544E-5
2.7968198992E-6
1.7387745902E-5
9.9421478809E-6
1.8639431801E-5
2.7620105538E-5
1.2522644829E-5
1.9285501912E-5
1.9739486743E-5
1.6708287876E-5
1.4961697161E-5
2.3676059208E-5
1.5879841521E-5
9.6038216725E-6
2.0072434563E-5
1.3246550225E-5
2.1773716434E-5
2.2101728245E-5
4.0987040848E-6
1.6554049216E-5
2.0214181859E-5
2.0980287809E-5
2.0077079534E-5
2.2141030058E-5
1.1357676704E-5
1.3784994371E-5
1.7948495224E-5
1.3644236606E-5
1.2220535427E-5
1.7114612274E-5
6.6924723797E-6
1.1518795509E-5
1.7574464436E-5
2.3506197612E-5
1.5175528824E-5
1.5615753364E-5
1.2552528642E-5
1.4905829448E-5
1.8512294628E-5
1.8302048556E-5
1.9949558191E-5
1.9758439157E-5
2.6457349303E-5
1.4874467161E-5
-1.1924887076E-6
-7.1523711086E-6
2.0434136968E-5
2.7811818290E-5
3.0785624403E-5
2.1602550987E-5
1.2210593559E-5
8.7321037427E-6
1.4381343499E-5
1.3003707863E-5
1.9280239939E-5
1.0050751735E-5
1.6643258277E-5
2.4773296899E-5
1.5988165978E-5
1.4143227600E-5
1.3340194710E-5
1.0803260375E-5
1.4716852456E-5
8.6987274700E-6
1.0712991934E-5
1.6937346663E-5
1.7125520390E-5
8.0358586275E-6
1.7497793306E-5
1.9879068713E-5
1.1536874808E-5
1.3868324459E-5
1.7940765247E-5
1.1047045700E-5
1.6885995865E-5
1.6571267042E-5
2.2899359464E-5
1.6328890342E-5
1.9600940868E-5
1.8212257419E-5
1.9458285533E-5
1.8620176706E-5
1.0689010378E-5
1.9922782667E-5
1.2691610027E-5
1.5064363834E-5
2.3612601216E-5
6.1836908571E-6
2.8541660868E-6
1.6760465223E-5
1.3920862693E-5
1.2602342758E-5
1.8540257588E-5
2.1722260862E-5
1.8439115956E-5
1.8847803585E-5
2.3080816026E-5
1.4886364806E-5
-3.1179282814E-6
-1.9040657208E-6
5.7635887061E-5
2.6101269759E-5
1.8265040125E-5
1.3053428847E-5
6.4843683504E-6
1.0431557894E-5
1.2184155639E-5
9.4477785751E-6
1.0775448755E-5
1.8056458793E-5
1.6269215848E-5
2.6801787316E-5
1.7088302411E-5
2.4450779892E-5
7.7670905740E-6
1.7875840422E-5
2.8410402592E-5
1.5483167954E-5
2.2368086501E-5
1.7571612261E-5
1.7192831728E-5
1.8949829973E-5
2.6012759189E-5
9.0211862699E-6
1.4517270029E-5
9.8125427031E-6
1.8706638366E-5
1.5248847194E-5
8.2339509392E-6
2.0973372738E-5
1.2408266775E-5
1.4342786744E-5
1.6267236788E-5
1.5933788382E-5
1.3580161612E-5
1.5123200137E-5
1.7339969054E-5
1.4963990543E-5
1.3844855130E-5
2.4321686942E-5
2.0149059128E-5
1.8965906929E-5
1.8201791681E-5
1.9810243975E-5
1.7929845489E-5
7.0574809798E-6
2.4414062500E-5
5.2746268921E-6
1.1032389011E-5
1.9631348550E-5
1.6090599820E-5
1.5363679267E-5
1.6832840629E-5
2.1640420891E-5
1.6451592091E-5
1.0677461978E-5
1.7101189587E-5
2.0160037093E-5
2.2574374452E-5
2.0894408226E-5
1.9156211055E-5
2.5711837224E-5
1.2598827016E-5
1.2005621102E-5
1.5169184189E-5
2.2641476243E-5
1.2391339988E-5
1.6697042156E-5
1.7352215946E-5
2.2569682914E-5
1.3153429609E-5
2.4528417270E-5
2.2457598242E-5
9.5747294837E-6
1.3957999181E-5
2.0586512983E-5
2.0067719742E-5
1.0111415759E-5
1.1097686365E-5
1.5146611258E-5
1.7941673286E-5
1.3184489217E-5
2.1889677736E-5
3.1119293998E-5
2.5044800713E-5
1.9161636009E-5
1.7850985751E-5
1.2548570521E-5
9.3084410765E-6
8.8812084870E-6
9.9923112431E-6
1.8168322276E-5
1.7803802620E-5
1.8777907826E-5
1.7217220738E-5
1.4672835823E-5
8.5700885393E-6
5.7731173002E-6
1.6459159087E-5
1.0190531611E-5
1.5703227836E-5
1.6050226986E-5
1.3431068510E-5
2.3442204110E-5
1.3369973749E-5
1.3217783999E-5
2.0906515419E-5
1.8883973825E-5
1.4977203682E-5
1.8110417295E-5
6.0542370193E-6
7.7459611931E-6
9.6751959064E-6
1.2299767695E-5
2.1321582608E-5
1.6302138101E-5
1.5562830958E-5
8.9310924523E-6
1.9177899230E-5
1.2587511446E-5
8.6187617854E-6
2.1599594038E-5
1.8323713448E-5
3.2342108897E-5
2.7996045536E-5
2.4312315508E-5
1.8139614258E-5
2.5678216479E-5
1.7314322758E-5
8.1188278274E-6
-5.4146279581E-6
-6.1251106672E-6
1.0008527897E-5
1.4091900084E-5
2.4972378741E-5
3.3466715831E-5
3.5594101063E-5
3.0578777659E-5
1.8258963246E-5
4.4731074013E-6
-1.1111295316E-5
-2.1692027803E-5
3.6602839828E-6
1.2921169400E-5
3.7800311110E-5
5.3952622693E-5
8.6560205092E-5
2.3273366969E-5
-4.8610579689E-5
-4.9993302673E-5
-5.9323734604E-6
4.8819545191E-5
5.9741106816E-5
4.9178022891E-5
2.7729466091E-5
2.1302700043E-5
7.7108270489E-6
-2.9058894142E-6
-4.5784050599E-6
1.0706018656E-6
1.6945414245E-6
2.0019570365E-5
2.8271810151E-5
2.5998626369E-5
1.8124876078E-5
1.6529613640E-5
1.1307385285E-5
4.7686975450E-6
7.4983690867E-6
9.4504212030E-6
4.7058798373E-6
1.7138931434E-5
2.1928921342E-5
1.5033141244E-5
2.2490997798E-5
1.6666343435E-5
1.1980673298E-5
1.4315161388E-5
1.6213487834E-5
1.5284691472E-5
9.3097332865E-6
1.9923620857E-5
1.8341687973E-5
1.7578201368E-5
1.6937975306E-5
2.6040396187E-5
1.8308730796E-5
1.7705583014E-5
1.2024363969E-5
1.3796216808E-5
1.5185039956E-5
2.0578235853E-5
1.3143557590E-5
1.9897706806E-5
2.1938793361E-5
2.3204192984E-5
2.2353429813E-5
1.0849651881E-5
1.4268304221E-5
1.3087212574E-5
1.5129195526E-5
1.4290364925E-5
1.5901983716E-5
1.4942861162E-5
2.7022848371E-5
2.1130358800E-5
1.6667228192E-5
1.4043611009E-5
1.4175300021E-5
1.4342798386E-5
1.5696289483E-5
8.3996099421E-6
2.4844752624E-5
1.0595505591E-5
2.1323817781E-5
1.2184737716E-5
2.5588588323E-5
2.3678585421E-5
1.7152039800E-5
1.4216208365E-5
1.2503238395E-5
1.8506683409E-5
4.3071573600E-6
1.3975403272E-5
1.1846690904E-5
1.4025263954E-5
1.4661531895E-5
1.8029869534E-5
1.4338968322E-5
1.9926670938E-5
1.6268738545E-5
1.4602974989E-5
1.7806189135E-5
2.4551572278E-5
1.5863124281E-5
1.5724590048E-5
1.1076335795E-5
1.2858619448E-5
1.0317482520E-5
2.3561215493E-5
1.4545512386E-5
1.2093188707E-5
1.0549509898E-5
9.8286662251E-6
1.6829918604E-5
2.2272451314E-5
1.5041918959E-5
8.7765511125E-7
1.8181209452E-5
2.8344744350E-5
3.1457154545E-5
2.6446755509E-5
2.0051526371E-5
7.3702191003E-6
8.9877168648E-6
6.3110259362E-6
1.2550014071E-5
2.0210712682E-5
2.3749645333E-5
1.5280651860E-5
1.9759824499E-5
1.8608756363E-5
1.9493559375E-5
1.1464708950E-5
1.4017929789E-5
1.8822040874E-5
1.6292824876E-5
2.4414062500E-5
2.4913554079E-5
2.1904334425E-5
2.3689435329E-5
1.7729646060E-5
1.6652792692E-5
7.7448086814E-6
1.4070968609E-5
1.6270508058E-5
1.7842603847E-5
1.6724946909E-5
2.3598491679E-5
1.8873380031E-5
1.9931641873E-5
1.5935755800E-5
2.1456892136E-5
1.5524576884E-5
1.7195334658E-5
1.6205490101E-5
2.5089539121E-5
2.3317593149E-5
1.6730942298E-5
2.0852161105E-5
8.5322419183E-6
1.4357815962E-5
1.5679490752E-5
2.2128073032E-5
1.8732389435E-5
1.7909251619E-5
2.4631433188E-5
1.4972581994E-5
2.1309091244E-5
1.5467067715E-5
2.0328687969E-5
1.4963466674E-5
1.3784843031E-5
2.1051813382E-5
1.9321427680E-5
2.7216610032E-5
1.7083960119E-5
2.9477174393E-5
6.1457627454E-6
-2.1978863515E-5
2.8102134820E-5
4.3855945114E-5
2.2145290858E-5
2.0796584431E-5
1.5730876476E-5
1.1494685896E-5
1.2366590090E-5
8.4724626504E-6
8.8933738881E-6
1.9232311751E-5
1.6195548233E-5
1.7317733727E-5
2.6693916879E-5
2.3033516481E-5
1.7143855803E-5
1.9700254779E-5
1.5922915190E-5
1.4867808204E-5
1.2574798893E-5
1.2147368398E-5
1.5487032943E-5
2.1740340162E-5
1.8058507703E-5
1.9839860033E-5
1.2123456690E-5
1.6247422900E-5
9.2049827800E-6
1.6139552463E-5
1.8971005920E-5
1.5064910986E-5
1.3739592396E-5
1.5104177874E-5
1.1044088751E-5
2.0876794587E-5
8.8280881756E-6
1.9298575352E-5
2.3597362451E-5
1.1133647058E-5
8.7146530861E-6
1.7046346329E-5
1.2136390433E-5
2.1505251061E-5
