<| "Configuration" -> <| "Acquisition device" -> "UHFLI",  "Start time" -> "10/27/2021 10:54:45",  "Finish time" -> "10/27/2021 12:30:12", "Comments" -> "" |>, "Dimensions" -> {<| "Name" -> "Frequency 1", "Start" -> 6.200000*^+9, "Stop" -> 6.800000*^+9, "Step size" -> 2.000000*^+6 |>, <| "Name" -> "DC Voltage 1", "Start" -> -6.600000*^+0, "Stop" -> -7.400000*^+0, "Step size" -> -5.000000*^-2 |>}, "DataInfo" -> <| "Measured Spots" -> 5.117000*^+3,  "Samples" -> 1,  "Segments" -> 1,  "dFactor" -> 1,  "Sampling Time" -> 7.111111*^-8|>|>
1.4148978516E-5
3.5288522485E-5
4.7410244588E-5
4.8434233759E-5
4.6219164505E-5
2.6699493173E-5
2.4981494061E-5
6.9628935307E-6
8.4542087281E-6
-1.7887679860E-6
1.3643002603E-5
2.0723359193E-5
3.3484888262E-5
4.7195644583E-5
4.5551604126E-5
4.6728621237E-5
2.8944527729E-5
1.3367156498E-5
-7.0017180406E-6
2.9809656553E-6
-7.5068557635E-6
1.0062719230E-5
3.4710695035E-5
4.4061581138E-5
5.1968346816E-5
4.7868036200E-5
3.7689658347E-5
1.7166452017E-5
-5.2000395954E-6
3.1940173357E-6
-1.7396546900E-5
5.1982817240E-6
2.1382421255E-5
4.0945154615E-5
5.7002657559E-5
6.7063700409E-5
5.4810370784E-5
3.5331642720E-5
1.6685714945E-5
-6.2732258812E-6
-1.0104721878E-5
-6.5483967774E-6
1.7548887990E-5
3.6546075716E-5
5.5080070161E-5
7.4059364852E-5
7.0067495109E-5
5.5307475850E-5
1.9594153855E-5
-3.9567239584E-7
-3.7268851884E-6
-1.0532932356E-5
3.7446385249E-6
2.1743995602E-5
5.1531044300E-5
6.7690759898E-5
7.8485975974E-5
6.9713080304E-5
4.5565178152E-5
1.6138644423E-5
-1.1938624084E-5
-1.0788987856E-5
-1.8705136608E-5
1.7223414033E-5
4.5461079571E-5
6.6793360748E-5
8.3069421819E-5
9.0951623863E-5
5.8529153466E-5
2.3506919387E-5
-4.9229594879E-6
-1.9443524070E-5
-2.3982615675E-5
-1.4808017295E-5
1.5973160043E-5
5.6015723385E-5
8.1432110166E-5
9.6447649414E-5
8.1208650956E-5
5.2311958279E-5
2.5198189541E-5
-2.2681069094E-5
-3.5938725341E-5
-3.3248984254E-5
-1.0474445298E-5
3.0038529075E-5
5.9478660115E-5
8.5545005279E-5
9.8518887538E-5
7.1723351723E-5
4.3311715126E-5
-5.5243726820E-6
-3.2132293563E-5
-5.0522806123E-5
-4.8217992299E-5
-1.9449775572E-5
2.9311364050E-5
8.8815682104E-5
1.1907168664E-4
1.2253790628E-4
7.9983903562E-5
3.0132394749E-5
-3.5710958763E-5
-7.3328020519E-5
-8.2991528327E-5
-5.7780579664E-5
1.5385099687E-6
6.3973723446E-5
1.2792437337E-4
1.7514736392E-4
1.5837565297E-4
8.2405447030E-5
-1.0653573554E-5
-8.8273826989E-5
-1.4015112538E-4
-1.3510682620E-4
-7.1765854957E-5
3.7325127050E-5
1.6902782954E-4
2.4753238540E-4
2.5371118681E-4
1.8686833791E-4
4.5918510295E-5
-1.3169293525E-4
-2.9040309600E-4
-3.1000477028E-4
-1.7255054554E-4
9.7997416745E-5
3.1987507827E-4
4.5547035990E-4
4.5092646034E-4
1.8530489179E-4
-1.8629791448E-4
-4.0029631929E-4
-3.5967011936E-4
-1.6884116922E-4
1.8936699489E-4
9.9433364815E-5
9.4507541509E-5
1.5901913866E-4
2.6293364353E-4
2.0012388704E-4
-3.4948266111E-4
-9.0975760249E-4
-6.2145035481E-4
3.7356500980E-4
1.3673613430E-3
1.6451034694E-3
1.0970942327E-3
2.6957615045E-4
-4.0017456051E-4
-7.0256335894E-4
-6.6309955437E-4
-4.0562965443E-4
-8.6324370933E-5
1.8869213527E-4
3.7387597840E-4
3.8755843417E-4
2.7934996178E-4
1.2067815987E-4
-3.3919489942E-5
-1.6810869565E-4
-2.1870787023E-4
-1.7657867866E-4
-8.2746811679E-5
3.8223888259E-5
1.4793903101E-4
1.9798591966E-4
2.0962189883E-4
1.4511779882E-4
4.6179350465E-5
-3.6816508509E-5
-9.7063637806E-5
-1.1823588284E-4
-8.8585796769E-5
-2.3139268159E-5
5.2475696430E-5
1.4133499935E-4
1.4791742433E-4
1.3602121034E-4
9.8207197155E-5
2.0761019550E-5
-3.6510592326E-5
-7.6696195177E-5
-8.2046864557E-5
-4.2484176810E-5
1.6961502843E-5
8.1908795986E-5
1.2474417454E-4
1.4137440594E-4
1.1382977245E-4
5.7596643456E-5
5.7852361352E-6
-5.2603159566E-5
-9.1629300734E-5
-7.5488409496E-5
2.4610932450E-5
4.8928172328E-5
8.5081905129E-5
9.9935673647E-5
1.0006303201E-4
7.6234829615E-5
2.9903615358E-5
-1.5942018945E-5
-3.4079770557E-5
-4.7851470299E-5
-2.4579802993E-5
1.1452671606E-5
5.6178262458E-5
8.8074663657E-5
1.0387585499E-4
8.2474842206E-5
5.8421399445E-5
8.2180602477E-6
-1.5272246674E-5
-3.9115070831E-5
-3.7132808938E-5
-1.3615051284E-5
3.0603038612E-5
6.1698711944E-5
8.9191179726E-5
9.3139603271E-5
6.7491969094E-5
3.4599134232E-5
7.4767740446E-7
-2.1831574849E-5
-3.4342007711E-5
-1.5039998107E-5
1.5937106218E-5
4.7321151943E-5
6.4357079101E-5
8.8296819014E-5
7.6074083337E-5
5.6569476147E-5
1.2562912889E-5
-1.0693550575E-5
-2.8885109349E-5
-2.1357578225E-5
-1.1797144543E-5
2.1209765691E-5
6.0440413655E-5
7.7313766817E-5
7.9506449403E-5
6.6746189260E-5
2.8039631433E-5
7.5164716691E-7
-1.9511429127E-5
-2.2153242025E-5
-1.5712482855E-5
1.3755622786E-5
3.0263140797E-5
6.7582726480E-5
6.2258169056E-5
5.7635782287E-5
5.6290905923E-5
2.5955133605E-5
1.0214396752E-6
-7.1458867752E-6
-8.7071559392E-6
-6.6907145084E-6
1.7650879454E-5
3.9881246630E-5
5.4784794339E-5
6.3975900412E-5
5.3151929751E-5
3.9214675780E-5
2.0757247694E-5
7.2276336142E-6
2.6949797757E-6
-1.1556758545E-5
9.5976400190E-6
1.8043548334E-5
5.2110804245E-5
6.2506773976E-5
6.2273559161E-5
5.9615657665E-5
3.1314743682E-5
7.4985553512E-6
1.9557773861E-9
-4.3644686230E-6
-5.7886587456E-6
7.3339673692E-6
2.3392669390E-5
4.9457966816E-5
5.9877673629E-5
5.9304386378E-5
4.9512204714E-5
3.4441181922E-5
1.8188566901E-5
6.7546498031E-7
-1.2067146599E-6
2.4940818548E-6
1.5214039013E-5
3.7254043854E-5
5.0410069525E-5
5.5184226949E-5
6.4685067629E-5
4.5939953997E-5
2.6466860435E-5
6.2335748226E-6
-5.7369936258E-6
3.0706031247E-5
3.2704079057E-5
4.1366100776E-5
3.8805964868E-5
4.1663192677E-5
2.7359393424E-5
2.2196536883E-5
8.9194858447E-6
4.4056330808E-6
4.6130968258E-6
1.0726356413E-5
2.3989262990E-5
4.0577119216E-5
4.5407866128E-5
4.2521429713E-5
3.8187764585E-5
2.7195212896E-5
1.4144461587E-8
-7.0828362369E-6
-2.7110916563E-6
5.4339412600E-6
6.7337416114E-6
3.2528326846E-5
4.0280818939E-5
4.6250235755E-5
4.3519074097E-5
3.2535206992E-5
1.6145186964E-5
-1.3765646145E-6
-1.7617992125E-5
-1.3283372391E-5
5.1224255003E-6
1.9995053298E-5
4.2946066241E-5
4.8561953008E-5
5.2225706168E-5
4.4640502892E-5
2.5610346346E-5
1.2226426043E-5
-1.8548336811E-6
-4.9909227528E-6
-1.9420753233E-6
1.4897261281E-5
3.3773679751E-5
4.4930051081E-5
7.1951828433E-5
5.9759768192E-5
5.3192477208E-5
9.8449527287E-6
1.0898581240E-5
-1.2363388669E-5
-1.2476125266E-5
-1.0269111954E-6
2.9662670567E-5
5.6577229407E-5
6.5554550386E-5
6.6733791028E-5
5.9513130692E-5
3.8636813405E-5
2.1677103359E-5
-1.1443346739E-5
-1.4369504060E-5
-9.3835871667E-6
7.5631309301E-6
3.6080589052E-5
6.6918577069E-5
8.0084498043E-5
7.6655857267E-5
5.9710571078E-5
3.0727859120E-5
1.2944079936E-5
-1.3263407163E-5
-1.7402297817E-5
2.7011614292E-6
2.1609524265E-5
5.1602476742E-5
7.1201426910E-5
8.2192861012E-5
7.3882599829E-5
4.7504098620E-5
1.7610087525E-5
-1.4386675320E-5
-3.1119969207E-5
-3.4532754216E-5
-2.8754351660E-6
2.0365859382E-5
6.3657236754E-5
9.1846322178E-5
8.8015291841E-5
7.4015941938E-5
4.2919383850E-5
-8.5496576503E-6
-4.7826406081E-5
-5.8724684641E-5
-5.0739955623E-5
-3.2516778447E-6
3.7563766818E-5
8.9393369856E-5
1.0725669563E-4
1.1032064213E-4
6.2350335066E-5
2.8963421936E-5
-3.0264141969E-5
-8.5539149588E-5
-7.6931843070E-5
-5.4674141575E-5
5.2332878113E-6
7.2993489450E-5
1.2905714102E-4
1.5483518364E-4
1.3574314071E-4
7.0818886164E-5
-1.4410936274E-6
-9.1618881563E-5
-1.4086400624E-4
-1.3363257749E-4
-6.9879274817E-5
3.5400723572E-5
1.4552365756E-4
2.3497263901E-4
2.4309083819E-4
1.8008728512E-4
3.8405915256E-5
-1.4754998265E-4
-3.0155654530E-4
-2.9937737853E-4
-1.4876649948E-4
9.0599700345E-5
2.7121301973E-4
3.9117662237E-4
4.0061185138E-4
2.2786175832E-4
-1.0391167598E-4
-3.8699173602E-4
-3.7448884687E-4
-1.8369319150E-4
1.0887442623E-4
1.7067622393E-4
1.0589377489E-4
1.1596434051E-4
1.6074456507E-4
1.8070056103E-4
9.7813014874E-5
-1.8613474676E-4
-4.0366091999E-4
1.0231498163E-5
8.6292398627E-4
1.4749566326E-3
1.3181640883E-3
5.1413299515E-4
-4.0083057248E-4
-9.5237845090E-4
-9.7991871881E-4
-6.4712699969E-4
-1.5632864088E-4
2.4522006279E-4
4.6950990801E-4
4.9207991687E-4
3.5358245950E-4
1.5156472800E-4
-6.1162165367E-5
-2.1048797062E-4
-2.5519976625E-4
-2.1244011587E-4
-9.2633301395E-5
3.3495924434E-5
1.5964029590E-4
2.1611636039E-4
2.2211545147E-4
1.4172472292E-4
4.7245901078E-5
-4.8086396419E-5
-1.1670535896E-4
-1.3965718681E-4
-9.2029245573E-5
-1.9986170810E-5
6.4067950008E-5
1.2862832518E-4
1.6160361701E-4
1.3296509860E-4
9.4608811199E-5
2.6831484865E-5
-4.6037894208E-5
-8.0045883081E-5
-8.4582902494E-5
-4.8327434343E-5
2.1105597261E-5
8.2215527075E-5
1.2400610140E-4
1.3502545189E-4
1.1320177000E-4
5.9984647670E-5
-8.3941267805E-7
-4.9951754045E-5
-7.3306856214E-5
-5.0242932048E-5
-1.5282223467E-5
3.8061384111E-5
9.1497658288E-5
1.1204817565E-4
1.1309180409E-4
7.9769303560E-5
2.8767262119E-5
-6.2659615651E-6
-4.9661658705E-5
-5.7815969923E-5
-4.0074391290E-5
8.5081439467E-6
5.6753528770E-5
9.8901323509E-5
1.1472201441E-4
1.2256487971E-4
7.2334881409E-5
-3.8338475861E-6
-3.2883300445E-5
-3.2086740247E-5
-1.8750212621E-5
6.1032129453E-6
4.3085822835E-5
7.1353616660E-5
9.0920540971E-5
1.0392679833E-4
8.0914888534E-5
4.2098853737E-5
-1.6824342311E-7
-1.9618473015E-5
-3.7995423190E-5
-1.5594135038E-5
4.9051130191E-6
5.1738286857E-5
6.9240282758E-5
7.9869583717E-5
7.3605845684E-5
6.1131815893E-5
2.3893313482E-5
-6.8960944191E-6
-3.4208584111E-5
-2.5796261615E-5
-7.7738077381E-6
2.8889602981E-5
5.7136523538E-5
7.6191604606E-5
7.7755365057E-5
7.1747205222E-5
3.9765855763E-5
6.2992679887E-6
-1.5123840421E-5
-1.7525674775E-5
-6.9513567724E-6
4.9251480960E-6
3.4787692129E-5
5.4407597054E-5
6.6768366379E-5
5.8170896956E-5
4.5206851791E-5
2.5437655858E-5
4.3859705329E-6
-1.9542616792E-5
-7.5259944425E-6
-3.2032490708E-6
1.5660224017E-5
4.2411393951E-5
5.3155026399E-5
6.1996607111E-5
5.3729757201E-5
4.1837303433E-5
2.4673272855E-5
-7.0335809137E-7
-5.1759416237E-6
-1.0917207692E-5
1.1485884897E-6
3.4519634209E-5
4.5389437582E-5
5.8661692310E-5
6.1976851431E-5
5.3000007756E-5
3.8154050707E-5
1.1775689200E-5
-1.1852942407E-6
-6.8000867032E-6
5.2464543842E-6
2.3314659483E-5
2.6343984063E-5
5.4494407960E-5
6.0188909993E-5
5.7369889692E-5
5.7885085699E-5
3.1829578801E-5
1.4131935313E-5
4.9095833672E-7
-7.3111150414E-7
3.2237265259E-6
2.3141026031E-5
3.5022431984E-5
5.1748985425E-5
5.8692588937E-5
6.0592417141E-5
5.0341535825E-5
3.5070918965E-5
5.7819299400E-6
-4.6825385652E-6
3.5247032064E-5
3.0632084235E-5
2.5315035599E-5
3.2717199064E-5
3.2223912421E-5
3.0171452089E-5
2.0721077453E-5
2.3434963077E-5
1.9578414503E-5
2.0554859656E-5
2.1167600061E-5
2.0833569578E-5
3.1530158593E-5
3.0441361013E-5
4.3504859786E-5
3.8292189128E-5
1.9517366308E-5
2.9440841171E-5
5.8429082857E-6
-2.0355335437E-6
-3.1680101525E-7
1.4665792696E-5
2.5450438260E-5
3.7062563933E-5
4.8604654148E-5
4.9766025041E-5
3.5743578336E-5
2.2315012756E-5
2.2063381038E-6
9.0384972283E-6
2.4808687158E-6
9.7188516521E-6
2.2267329041E-5
5.0717196427E-5
4.1350361425E-5
5.8200047352E-5
3.7406350020E-5
2.4414062500E-5
3.5613658836E-5
-2.5309389457E-6
3.6171404645E-7
7.6686381363E-6
2.0301307086E-5
3.9829395245E-5
4.7030579297E-5
6.1820622068E-5
6.8503257355E-5
4.2842736002E-5
2.7833343483E-5
4.0488201193E-6
-1.9884551876E-6
-4.1281688027E-6
5.9303943999E-6
3.2441283110E-5
4.9535289872E-5
5.8587244712E-5
6.9066055587E-5
6.7348498853E-5
3.6929233465E-5
1.6910687554E-5
3.1180912629E-6
-1.4484894927E-5
-1.4938879758E-6
1.6026967205E-5
4.3078127782E-5
6.2270020135E-5
7.7088142281E-5
7.2779576295E-5
6.0350971763E-5
2.8953782748E-5
1.3898906764E-5
-1.5920819714E-5
-1.1431134772E-5
-1.5237450134E-5
1.7867027782E-5
3.9440731052E-5
7.6601118783E-5
8.3026860378E-5
8.4555603100E-5
4.9302459229E-5
1.8230592832E-5
4.1850376875E-6
-3.1091750133E-5
-2.3099302780E-5
-7.2736875154E-6
2.6877177879E-5
4.9036066048E-5
7.8074273189E-5
8.3572580482E-5
7.3051208166E-5
3.8021220825E-5
3.9823702537E-6
-3.1945493537E-5
-4.4741004240E-5
-3.9112812374E-5
-3.3596064896E-6
4.1658908594E-5
8.3394860851E-5
1.0772114620E-4
1.0876529850E-4
8.0751103816E-5
2.5999278295E-5
-1.8932076636E-5
-6.2316365075E-5
-8.1172061621E-5
-5.9295445681E-5
-1.2212898582E-6
8.1186916216E-5
1.6479855403E-4
1.9909772091E-4
1.7648658250E-4
7.4865820354E-5
-1.5797384549E-5
-9.2422007586E-5
-1.3040407793E-4
-1.3548970455E-4
-6.1870447827E-5
4.8028270248E-5
1.4686750947E-4
2.6132971980E-4
2.7913728263E-4
1.8992500845E-4
1.9562535453E-5
-1.5421241987E-4
-2.6591839268E-4
-2.5119846687E-4
-1.0964528192E-4
9.6523924733E-5
2.4377170484E-4
3.3949083881E-4
3.3803590340E-4
2.2911170963E-4
-3.1479564495E-5
-3.6732952576E-4
-4.0612302256E-4
-2.1343205590E-4
1.4252634719E-5
2.6659235591E-4
1.0927874828E-4
9.6975499766E-5
1.0602828115E-4
1.2809784384E-4
7.7629007868E-5
-2.1932425443E-5
-1.4106807066E-4
-1.7692479305E-4
1.1642646278E-4
6.8094164599E-4
9.5634557074E-4
6.0410167789E-4
-2.0396970213E-4
-9.9522384118E-4
-1.2370174984E-3
-9.5614383463E-4
-3.2296600983E-4
2.7334162732E-4
6.4182741335E-4
6.8698881659E-4
5.0547363934E-4
2.1909065545E-4
-6.6094927027E-5
-2.4702122901E-4
-3.1558057525E-4
-2.6106355944E-4
-1.2747190194E-4
4.2514363303E-5
1.7978642136E-4
2.4822023697E-4
2.4594861315E-4
1.7634704709E-4
5.6986755226E-5
-5.0513690803E-5
-1.1977686081E-4
-1.3290895149E-4
-1.0347220814E-4
-2.2745796013E-5
7.4039294853E-5
1.4353934675E-4
1.6943695955E-4
1.5164179494E-4
9.3761144673E-5
3.3317098859E-5
-4.0078710299E-5
-9.2043448243E-5
-8.9707877491E-5
-5.0059298520E-5
2.3074995260E-5
8.2801596729E-5
1.2984327041E-4
1.3746413169E-4
1.1667237850E-4
6.4897129779E-5
-6.0246093199E-6
-5.6616880466E-5
-7.6957652348E-5
-5.5961927865E-5
-1.4993688092E-5
4.1496579069E-5
9.1383198744E-5
1.2564040953E-4
1.2200737838E-4
8.6791242941E-5
3.7336384411E-5
-1.3324990868E-5
-5.1050342154E-5
-5.6611397305E-5
-4.0610518772E-5
9.5430179500E-6
5.1581219304E-5
9.7142043526E-5
1.1058206437E-4
9.4968976920E-5
6.3722394408E-5
1.8183141947E-5
-1.9931013230E-5
-4.2177899740E-5
-3.8821808994E-5
-6.9633242675E-6
3.8851890713E-5
6.3443183900E-5
9.9308660721E-5
1.0886074742E-4
8.1299408342E-5
4.9302412662E-5
6.9997273387E-6
-3.7888565566E-5
-5.5949250237E-5
-3.7824269384E-5
-1.4383718371E-5
4.7362083569E-5
1.3670757180E-4
6.3679984307E-5
4.6283728443E-5
2.9003247618E-5
5.5280164816E-6
-2.1645938977E-5
-1.6489415429E-5
-1.7787551042E-5
7.8992801721E-6
3.1177571508E-5
5.4757401813E-5
7.9240079506E-5
7.0496171250E-5
5.6156306528E-5
2.3610750213E-5
1.1236022692E-5
-1.6039283946E-5
-8.4208208136E-6
-2.8414884582E-6
2.4468183983E-5
4.5177305582E-5
5.6202698034E-5
7.7382451857E-5
6.3202995808E-5
4.6704814304E-5
2.0808400586E-5
3.3285818063E-6
-1.3999873772E-5
-1.0909803677E-5
4.5413151384E-6
2.2574933245E-5
3.9691512938E-5
6.3314859290E-5
6.2509148848E-5
5.7216512506E-5
3.8495776243E-5
2.0370702259E-5
1.2476951815E-5
-9.6917618065E-6
-7.3546194472E-6
3.6378740334E-6
2.3358629550E-5
4.4996570796E-5
5.7647388895E-5
6.8290869241E-5
6.2568148134E-5
4.1190255433E-5
1.5805405565E-5
2.8490321710E-6
-1.5637534670E-5
-6.4804218710E-6
4.3080188334E-6
2.8353952802E-5
4.9712439068E-5
6.2045489904E-5
5.4859439843E-5
4.1376438456E-5
3.1723105347E-5
1.1189281940E-5
2.8923037462E-6
-2.2573862225E-6
-8.1291422249E-6
2.0092527847E-5
3.6911887582E-5
4.8520148266E-5
6.4831750934E-5
5.6370592211E-5
4.2006431613E-5
1.9529100973E-5
2.6626046747E-6
7.0636975580E-6
4.9912824761E-5
8.6332438516E-5
1.1984654702E-4
8.3198514768E-5
-1.4836620539E-5
-2.4158030282E-5
2.3633684031E-5
5.8301421814E-5
7.2932441255E-5
7.9665682282E-5
4.2161974124E-5
2.7766684069E-5
1.7802405637E-5
2.6668421924E-6
1.0749383364E-5
1.0218343232E-5
6.2354141847E-6
1.6292382497E-5
1.0341138113E-5
2.6270747184E-5
1.7979252152E-5
2.1752703469E-5
2.1910900249E-5
2.2510637063E-5
2.4414062500E-5
2.6043667458E-5
2.5031517725E-5
1.4630111400E-5
9.8899123260E-6
1.0654458310E-5
2.0661449525E-5
3.8132537156E-6
2.5539146736E-5
3.1273125204E-5
4.6717491932E-5
5.1142578013E-5
4.2727217078E-5
3.2005982938E-5
1.6472511925E-5
9.2471367680E-6
1.0650488548E-6
8.0696074293E-6
9.5807830804E-6
3.3171172253E-5
4.4020626228E-5
4.4813635759E-5
5.5293366313E-5
4.6255125198E-5
2.8651522006E-5
1.2427265756E-5
1.4186359476E-5
5.6404503994E-6
2.1289824508E-5
2.9652705415E-5
5.4545432795E-5
5.7378062048E-5
6.2477658504E-5
5.4855260533E-5
3.4401332959E-5
2.7452304493E-5
7.1066198871E-6
-4.8689311371E-6
-3.0680093915E-7
1.7244566698E-5
4.1177717503E-5
6.0150877107E-5
6.9860357326E-5
6.3960393891E-5
5.2369001788E-5
3.2478757202E-5
9.6351141107E-7
-3.4361728467E-6
-8.7184715085E-6
1.0899140034E-5
3.1778798438E-5
5.1399343647E-5
7.4024125935E-5
7.3084991893E-5
7.0607324598E-5
5.2954896819E-5
2.2188515868E-5
-3.8436031901E-6
-1.7846340779E-5
-1.4781940263E-5
-6.9054542110E-6
2.6615790556E-5
5.6427530945E-5
6.3391798177E-5
8.2225736700E-5
6.7194469740E-5
4.5220274478E-5
1.4478573573E-7
-3.0991237144E-5
-4.6064285562E-5
-4.3419410941E-5
-1.7003621906E-6
3.6825274582E-5
7.5516104701E-5
9.9462142682E-5
1.1143456213E-4
7.3207227981E-5
3.5333714913E-5
-2.0206975750E-5
-6.1383680441E-5
-6.3696270810E-5
-5.3102779203E-5
3.2643089071E-6
6.1197776814E-5
1.1257273145E-4
1.4016524656E-4
1.2763435952E-4
8.0629391597E-5
-3.9602746256E-6
-8.4897316995E-5
-1.2825474841E-4
-1.1529253097E-4
-5.8746733704E-5
4.8924749717E-5
1.7226269701E-4
2.5539164198E-4
2.8212286997E-4
2.0158606349E-4
-2.0831543952E-5
-3.2594556686E-4
-5.3731504594E-4
-4.6075741994E-4
-1.1170282960E-4
2.8789741918E-4
4.8540554708E-4
5.0370712997E-4
3.5157084930E-4
1.9623711705E-4
-3.8012466394E-5
-3.3515807008E-4
-4.0091997945E-4
-2.1439519478E-4
1.6989617143E-5
2.6468167780E-4
1.5482957242E-4
7.3614658324E-5
7.0532388055E-5
7.7252858320E-5
4.8237491865E-5
-6.0395919718E-6
-7.4482266794E-5
-1.2066486524E-4
-4.8746191896E-5
1.5685997205E-4
2.9837476322E-4
3.7860501325E-4
7.4254302310E-5
-5.4058465174E-4
-1.0140630999E-3
-1.0165660992E-3
-5.2614621817E-4
2.0128708566E-4
7.5712540420E-4
9.4524539308E-4
7.5851666042E-4
3.5310831153E-4
-7.6121930035E-5
-3.6328820279E-4
-4.5792406892E-4
-3.7098102039E-4
-1.8139872700E-4
3.9165397174E-5
2.1023093723E-4
3.0893825459E-4
2.9227078193E-4
1.8899489660E-4
5.7991943323E-5
-7.0296414198E-5
2.4414062500E-5
-1.5866069589E-4
-1.1451436440E-4
-3.7924246862E-5
6.0767563992E-5
1.5545224305E-4
1.8701583613E-4
1.7742136260E-4
1.1332745198E-4
2.1686393301E-5
-6.1123131309E-5
-1.0021911003E-4
-1.0160116945E-4
-5.5329641328E-5
1.0277575348E-5
7.6437985993E-5
1.3525536051E-4
1.4583634911E-4
1.2453898089E-4
5.7283742354E-5
7.5680087321E-6
-6.0506898446E-5
-7.3041452563E-5
-6.8793015091E-5
-2.3205624893E-5
3.5824347287E-5
9.0019952044E-5
1.1737979949E-4
1.2459582649E-4
9.2943839265E-5
3.2392621505E-5
-2.4078367278E-5
-5.2314647474E-5
-6.8616366481E-5
-3.6498613189E-5
1.8255820032E-5
5.4910115432E-5
8.8440475521E-5
1.1628409848E-4
1.0507807601E-4
5.9967918787E-5
1.9447831437E-5
-2.4177541490E-5
-3.8279313594E-5
-4.0654931217E-5
-1.5199230984E-5
2.8574944007E-5
7.3089380749E-5
1.0700011626E-4
1.0330246296E-4
7.2798132898E-5
3.1832128296E-5
-3.9856997319E-6
-2.8812501113E-5
-3.1634548212E-5
-1.8366833683E-5
8.6316955276E-6
4.7058821656E-5
8.2184374335E-5
8.6663500409E-5
8.6158933120E-5
6.4573914280E-5
2.5522941723E-5
-9.1132358648E-6
-2.9182969591E-5
-3.6952900700E-5
-1.4253088739E-5
1.0373804253E-5
4.7056667973E-5
7.5863872191E-5
1.0275181849E-4
9.1530941429E-5
6.3627061901E-5
-3.1955458689E-5
-5.6381220930E-5
-8.5279112683E-6
-1.6603153198E-7
3.1409703660E-5
6.0858530924E-5
7.7760464048E-5
6.3627806958E-5
5.7603314054E-5
3.9903831202E-5
1.4974758960E-5
-5.1145907493E-7
-3.0167400837E-6
-2.3302272894E-6
8.1464997493E-6
3.1566561664E-5
4.6837551054E-5
5.6548707654E-5
5.6335155387E-5
5.9994170443E-5
3.2123457639E-5
2.1428125910E-5
1.3722106815E-6
1.0286923498E-6
-3.0694063752E-7
7.8795244918E-6
2.2521568462E-5
3.7830439395E-5
5.3909257986E-5
7.0611154662E-5
5.6831096299E-5
2.9702123719E-5
2.2001401521E-5
5.0117378123E-6
4.2029307224E-6
-5.8952718974E-7
2.0141515415E-5
2.4414062500E-5
4.6212889720E-5
5.8277987410E-5
5.3130590823E-5
4.8991909716E-5
2.8428272343E-5
1.0453979485E-5
3.7998077460E-6
-8.9387991466E-6
7.1993330494E-6
2.3079616948E-5
3.7752988282E-5
4.7430489212E-5
5.2426394540E-5
5.9570558370E-5
3.9584422484E-5
2.8350006323E-5
4.7613866627E-6
3.3406773582E-6
1.5827885363E-5
4.9206579570E-5
6.7208823749E-5
7.9275656028E-5
7.8204215973E-5
5.3927232512E-5
4.7624227591E-6
-2.3559248074E-5
-5.1451765467E-5
-5.2282377147E-5
-3.5233364905E-5
1.4586129691E-5
9.0731598905E-5
1.3009635732E-4
1.5315990895E-4
1.2037369888E-4
3.0385330318E-5
-4.2768532876E-5
-1.7979100812E-5
8.0764445013E-5
1.1038463563E-4
6.1380094849E-5
6.0520134867E-6
-2.8005382046E-5
-4.6691903845E-5
-3.0446052550E-5
-7.3806499131E-6
1.8952845130E-5
3.8030196446E-5
4.5250961557E-5
3.9773702155E-5
2.9965152498E-5
2.5154859758E-5
2.4916930124E-5
1.8328742590E-5
2.1667720284E-5
1.7521204427E-5
1.6654492356E-5
3.1330354977E-5
2.4698092602E-5
1.9343523308E-5
2.5015440769E-5
4.0573440491E-5
3.5773392300E-5
3.6774878389E-5
3.8003548979E-5
4.2381463572E-5
2.9212469234E-5
2.9249372892E-5
2.9704847838E-5
2.0133110228E-5
1.3005977962E-5
2.0206579938E-5
2.2974808234E-5
4.6570308041E-5
5.6725437753E-5
5.3205213044E-5
4.8362452071E-5
4.3504580389E-5
2.4096318520E-5
6.6829961725E-6
1.9227620214E-6
1.3827381190E-5
1.7003284301E-5
3.5662704612E-5
4.8430275638E-5
6.0805934482E-5
5.7010701858E-5
5.5572739803E-5
3.7391786463E-5
9.6127158032E-6
1.3858778402E-6
-2.1034386009E-6
1.1155800894E-5
3.3776974305E-5
4.6135508455E-5
7.5082352851E-5
6.8451929839E-5
6.1819294934E-5
4.4529128354E-5
1.3348448556E-5
-8.7559223175E-6
-9.4831921195E-8
-1.7973524518E-5
1.3666867744E-5
2.8263637795E-5
4.8830162268E-5
6.6623871682E-5
8.4446440454E-5
6.8914704026E-5
3.8437324110E-5
9.6089090222E-6
-1.8190522678E-5
-1.8431141507E-5
-3.0456914100E-5
5.2880030126E-6
3.6755471955E-5
7.0433586371E-5
8.8472955397E-5
8.8008237074E-5
7.1472174024E-5
3.4164811950E-5
-1.9513024017E-5
-4.4784951024E-5
-5.1488541067E-5
-4.1334703564E-5
3.6777928472E-6
5.8929924854E-5
1.0456948076E-4
1.3813867699E-4
1.3649318134E-4
7.4889732061E-5
-6.8791559898E-6
-7.4158539067E-5
-1.1757786851E-4
-9.3681667933E-5
-4.5180064626E-5
4.9581541680E-5
1.4064627467E-4
2.1925497567E-4
2.2006455110E-4
1.4485282591E-4
9.1885332950E-6
-1.6369896475E-4
-2.5332715595E-4
-2.1598846652E-4
-5.6545936969E-5
1.0749048088E-4
2.0746501396E-4
2.6451634476E-4
2.4873488583E-4
1.9748936174E-4
8.2206795924E-6
-4.2377491483E-4
-7.5099954847E-4
-4.3053687551E-4
1.5932390233E-4
5.8041233569E-4
7.3515677358E-4
7.7833887190E-6
-1.6105003888E-4
-1.6005324433E-4
-8.1026856784E-5
-3.8970611058E-5
-4.1257939301E-6
-2.5753339286E-5
-2.7820561080E-5
4.0881172754E-5
1.1594380485E-4
1.7099098768E-4
1.2184095104E-4
-7.8691111413E-5
-3.5433239536E-4
-5.3015151061E-4
-4.2051955826E-4
-2.4173292332E-6
5.2547605009E-4
8.6264780257E-4
8.6392762604E-4
5.2284839330E-4
3.2116193324E-6
-4.5125038597E-4
-6.5847611986E-4
-5.8999656467E-4
-3.1591396545E-4
1.4867796563E-5
2.8122597141E-4
4.1770109676E-4
3.8803806529E-4
2.5166642153E-4
7.5169559570E-5
-8.6890102832E-5
-1.9158299547E-4
-2.1917499835E-4
-1.6057572793E-4
-4.7359021846E-5
8.9131714778E-5
1.7279335298E-4
2.1157155279E-4
1.8561379984E-4
1.1246801587E-4
2.4004711303E-5
-6.4120942262E-5
-1.0801407043E-4
-1.1788411066E-4
-6.3007161955E-5
5.6707416662E-6
9.0622575957E-5
1.4177433913E-4
1.5404328005E-4
1.2532051187E-4
6.8778358402E-5
-8.4762345068E-6
-5.3054851015E-5
-8.1313110426E-5
-6.7320570817E-5
-1.4304858632E-5
4.7575216740E-5
9.4754982276E-5
1.2776704971E-4
1.2096522842E-4
9.6492178274E-5
3.6490499042E-5
-1.8227915279E-5
-5.8394880035E-5
-6.2453176362E-5
-3.5233038942E-5
9.7011332401E-6
6.2631734182E-5
1.0735490360E-4
1.1326073436E-4
1.0101213120E-4
6.1960739550E-5
1.3703829609E-5
-2.5676027871E-5
-4.2099796702E-5
-4.7259766143E-5
-2.4491362273E-5
3.2818142790E-5
7.9996406570E-5
9.8028080540E-5
1.0495297611E-4
7.5144029690E-5
3.8081069941E-5
-5.5609736591E-6
-3.9138621650E-5
-3.1526328529E-5
-3.5224354359E-5
4.3804408051E-6
5.2301748656E-5
8.5840001706E-5
9.2671450696E-5
8.3261588591E-5
6.4169906547E-5
2.2939068730E-5
-1.3584934641E-5
-3.4022552426E-5
-3.5848666448E-5
-3.9304606616E-6
2.1828326862E-5
5.2851054352E-5
7.6917652044E-5
7.8914652115E-5
6.8642315457E-5
4.5302696526E-5
1.5287252609E-5
-9.9710654468E-6
-2.2530718706E-5
-2.7094397227E-5
2.0567327738E-6
3.5198009572E-5
6.4031837975E-5
8.1063807013E-5
8.6161494258E-5
6.0974434019E-5
3.6620767787E-5
-1.2491480448E-6
-3.5656325053E-5
-3.0860595870E-5
-1.0980642401E-6
1.4519377146E-5
5.2753370255E-5
1.0478779441E-4
7.6081277804E-5
4.6803615988E-6
1.1524255388E-5
4.7288252972E-6
-1.5727709978E-7
1.1860043742E-6
1.0025990196E-5
1.8069497309E-5
2.6213505770E-5
4.2649440001E-5
4.7074700705E-5
6.4009008931E-5
5.7647901122E-5
3.6216259468E-5
2.3700972087E-5
-1.8160906620E-6
-7.6940981672E-6
-1.1782883666E-5
1.6180356033E-5
3.4774874801E-5
4.9002934247E-5
6.2382791658E-5
5.8424554300E-5
4.7575123608E-5
3.2356171868E-5
1.2581050396E-5
5.8476231061E-6
-6.1523634941E-6
9.2238537036E-6
2.0164274610E-5
3.2122922129E-5
5.1077746321E-5
6.0725596269E-5
4.6558456961E-5
4.2106816545E-5
1.8991669640E-5
9.8079908640E-6
6.1572412961E-6
2.3282412439E-5
4.2816018686E-5
6.6311610864E-5
6.3051562757E-5
6.7240116188E-5
4.6533928253E-5
1.5970936511E-5
-6.9891568273E-6
-2.6043562684E-5
-1.3087270781E-5
5.6163873524E-6
2.2669637109E-5
5.2074610722E-5
8.3992735019E-5
7.8724953350E-5
7.1017758456E-5
3.1818950082E-5
-1.2530537788E-5
-5.6620070246E-5
-6.1690609438E-5
-5.1548297052E-5
-7.6307565906E-6
5.3334620316E-5
1.1256258004E-4
1.4096667292E-4
1.3543167152E-4
8.1444450190E-5
-1.7323251813E-5
-1.1008545989E-4
-1.4308063546E-4
-7.8595022208E-5
2.5731534697E-5
6.6564290320E-5
-4.0052691476E-7
-7.2659156287E-5
-7.7259913090E-5
-4.3746479787E-5
-3.9398903027E-6
4.7124095726E-5
6.8176176866E-5
7.2305649521E-5
7.3446624448E-5
4.9490982201E-5
2.1247984841E-5
1.8214201554E-5
1.0530522559E-5
1.2877909467E-5
2.7670303825E-5
1.7340795602E-5
3.1392253003E-5
4.0553067810E-5
3.4731533377E-5
3.5095668863E-5
3.5861926152E-5
3.0485843307E-5
3.1047104857E-5
3.6033801734E-5
3.7715677172E-5
3.7731276825E-5
2.5537051260E-5
1.7265765928E-5
1.7470738385E-5
2.1915510296E-5
2.6958808302E-5
4.1167915333E-5
5.3545634728E-5
5.4183462635E-5
4.2340590152E-5
3.6677112802E-5
3.0384631827E-5
2.1135446150E-5
4.0583545341E-7
2.1635903977E-6
6.5727159382E-6
2.8353638481E-5
4.1055888869E-5
6.0695246794E-5
6.1324669515E-5
5.2703113761E-5
4.1438173502E-5
2.4938129354E-5
-1.2535601854E-7
-6.5377331339E-6
-3.0760304071E-6
4.5901862904E-6
2.2625422570E-5
5.2587164100E-5
5.7312333957E-5
5.8034772519E-5
6.3100049739E-5
3.6361662205E-5
8.3011924290E-6
-5.2522867918E-6
-2.4424260482E-5
-1.1397257913E-5
1.2456916739E-5
2.7043966110E-5
5.4334232117E-5
8.1771099943E-5
7.0352398330E-5
5.8669305873E-5
2.6710412929E-5
-9.2016416601E-6
-3.1695084180E-5
-3.3684330992E-5
-1.8562690820E-5
1.6854971182E-5
5.3499033675E-5
9.4205839562E-5
1.0466014501E-4
1.0128464783E-4
5.4820033255E-5
5.6826276705E-6
-6.2118598726E-5
-9.0115144851E-5
-8.3606899718E-5
-2.0975410008E-5
4.1666056495E-5
1.4982307330E-4
2.2569701541E-4
2.3723019986E-4
1.4736911980E-4
-1.9176979549E-6
-1.6310710926E-4
-2.2506102687E-4
-1.9303869922E-4
-4.5015977230E-5
9.6028228293E-5
1.8339061644E-4
2.2821747698E-4
2.1454987582E-4
2.4414062500E-5
1.6985192196E-4
-1.5884168679E-4
-3.4065867075E-4
-2.7972735697E-4
-1.5171593986E-5
2.3262667237E-4
3.4069296671E-4
1.6298820264E-4
-2.9548897873E-5
-8.9448806833E-5
-1.1806945549E-4
-9.8898424769E-5
-1.2886920012E-5
7.0228544066E-5
7.7654607597E-5
7.9556473068E-5
8.8215456346E-5
9.4254035505E-5
5.2095903083E-5
-3.0996394343E-5
-1.7176897963E-4
-2.4143325864E-4
-1.8404506845E-4
-1.7335847951E-5
2.0753487479E-4
4.0910935496E-4
4.9267567228E-4
3.9703478107E-4
1.2654961320E-4
-2.5286377640E-4
-5.5013782111E-4
-6.0042788973E-4
-4.1172811763E-4
-6.4312573524E-5
2.9302837792E-4
4.6683804828E-4
5.8287748834E-4
3.9786455456E-4
1.3208811870E-4
-1.2791196350E-4
-2.8423530747E-4
-3.1107873655E-4
-2.1625264781E-4
-7.5847806878E-5
8.8672898712E-5
2.0950357430E-4
2.5335919345E-4
2.3208491039E-4
1.3800489251E-4
2.0820496138E-5
-6.5498438200E-5
-1.2677687919E-4
-1.3895886950E-4
-7.7074032746E-5
1.0777218267E-5
9.1063673611E-5
1.5726580750E-4
1.6473657452E-4
1.4040159294E-4
7.1249087343E-5
-3.7904246710E-6
-7.4380601293E-5
-9.8714279013E-5
-7.4268411848E-5
-1.5572237317E-5
4.1636161040E-5
1.0612210026E-4
1.3780891895E-4
1.1400846997E-4
9.2645583210E-5
3.5827676765E-5
-2.3339106701E-5
-5.5824697484E-5
-5.9128075373E-5
-3.6261288914E-5
1.0754144751E-5
6.9376965987E-5
1.0843835771E-4
1.1302966159E-4
8.8408566085E-5
6.6075054932E-5
1.7441995442E-5
-2.9558991081E-5
-4.4844171498E-5
-4.4989911840E-5
-1.7697026487E-5
3.1072541605E-5
8.4019696808E-5
9.4009609896E-5
1.0072274599E-4
8.2209426912E-5
4.4246716424E-5
-3.6160927263E-7
-3.8712983951E-5
-4.3512030971E-5
-2.7877127285E-5
5.2624614910E-6
4.3993198778E-5
8.2974915861E-5
9.5788051842E-5
8.9082319757E-5
5.7003705297E-5
1.6835471615E-5
-4.4010463170E-6
-3.4485664218E-5
-3.4954620059E-5
-1.1886318680E-5
2.4814286734E-5
6.3131283970E-5
8.2080333962E-5
8.5854576904E-5
5.5220280774E-5
3.0141870956E-5
-2.6990659535E-6
-2.2950395941E-5
-2.6084948330E-5
-1.7561309505E-5
3.6389566958E-6
3.8739317096E-5
6.8838451991E-5
7.5260619636E-5
6.6543731375E-5
5.8841868304E-5
3.1358562409E-5
-5.9374142439E-7
-1.4625024050E-5
-1.5949015506E-5
-2.2578518837E-6
1.1094345246E-5
3.7313089705E-5
6.3945900184E-5
8.4666570185E-5
7.6581747274E-5
4.8802827951E-5
2.4107354693E-5
-3.3011543565E-6
-2.2400810848E-5
-2.4342129472E-5
-1.5440676361E-5
1.3371824753E-5
6.1965826899E-5
9.0815930165E-5
1.1906868313E-4
7.6780060775E-5
-1.2463051826E-5
9.2010013756E-7
7.5206044131E-6
6.4543914051E-6
1.5245738905E-5
1.8585321959E-5
2.9698421712E-5
4.6985200606E-5
6.4439245036E-5
5.9969280847E-5
5.2213435993E-5
3.1475129071E-5
1.5117565636E-5
8.3582359367E-6
4.6428758650E-7
1.5686161350E-5
2.4029077030E-5
3.6319100763E-5
5.4902373813E-5
5.4501183331E-5
5.2112108096E-5
4.3943396304E-5
2.9038253705E-5
1.5372759663E-5
1.1489377357E-6
2.4098833091E-5
4.7466903925E-5
6.3372985461E-5
6.9159967827E-5
5.8570783586E-5
3.5658711567E-5
1.8149614334E-6
-9.8829157650E-6
-1.3006827794E-5
-6.2665203587E-6
1.1178199201E-7
2.8428423683E-5
4.7131569590E-5
6.4854044469E-5
6.9618783894E-5
5.4130645003E-5
2.8732256031E-5
3.1304894946E-6
-2.5532580911E-5
-5.1333929878E-5
-3.2292166724E-5
6.7735440098E-6
3.9135362021E-5
7.6433643703E-5
9.0368790554E-5
8.4051617889E-5
5.7137745899E-5
7.2164577433E-6
-3.2250897493E-5
-6.6611391959E-5
-6.3115253580E-5
-2.2222904954E-5
1.9315443933E-5
9.3445798850E-5
1.4280888718E-4
1.4430582523E-4
1.2005285826E-4
4.7665031161E-5
-5.3091754672E-5
-1.3199690729E-4
-1.5910342336E-4
-9.9447567483E-5
2.0670855883E-5
8.0213265031E-5
4.8324465752E-6
-8.5408403541E-5
-1.0712201474E-4
-4.9446721096E-5
1.4722137712E-5
8.1597489772E-5
1.0561060626E-4
1.0656457162E-4
7.4490939734E-5
4.2065698653E-5
1.3377284631E-5
-9.5851835795E-6
1.8602586351E-6
9.2350877823E-6
1.3199669775E-5
3.9785658009E-5
4.5912561473E-5
4.5095477253E-5
4.8939709086E-5
4.6481995377E-5
3.1990546267E-5
3.5976245999E-5
2.9738002921E-5
2.0058173686E-5
2.3291574325E-5
2.7406157459E-5
3.6735227331E-5
2.3670250084E-5
1.2171396520E-5
3.3054582308E-5
3.0028063338E-5
2.4460034910E-5
4.4620397966E-5
4.4975068886E-5
3.6315468605E-5
4.0235882625E-5
1.1446513236E-5
6.3181039878E-6
1.0876567103E-6
1.2193201110E-5
1.8304330297E-5
3.2122933771E-5
4.5305944513E-5
4.9729167950E-5
5.3968222346E-5
4.3299910612E-5
2.5683583226E-5
1.3959524222E-5
-1.4388898853E-5
-2.0226836204E-5
-2.1555286366E-5
3.6847428419E-6
2.8370833024E-5
5.7770474814E-5
6.2374759001E-5
6.7866872998E-5
5.7630043011E-5
2.6847305707E-5
-1.2881064322E-5
-3.0527170747E-5
-3.1801627483E-5
-1.4107429888E-5
9.4415969216E-6
6.1450852082E-5
9.8020548468E-5
8.6146418473E-5
8.4896653427E-5
5.8421341237E-5
9.6792471596E-6
-3.6510743666E-5
-6.5611349420E-5
-6.1112164986E-5
-1.7391424626E-5
4.7000485938E-5
1.1703113560E-4
1.6100973589E-4
1.7754764995E-4
1.1704141507E-4
-1.1251296382E-5
-1.3593786862E-4
-1.8557527801E-4
-1.4738157624E-4
-1.5360582620E-5
9.4998476564E-5
1.6544898972E-4
1.8494107062E-4
1.9898313330E-4
1.5317142242E-4
5.8837747202E-5
-1.1664070189E-4
-3.0000878031E-4
-3.1521614873E-4
-5.7037861553E-5
2.1658841288E-4
3.2291079405E-4
2.8665660647E-4
-1.5441270079E-5
-3.5178603138E-5
-7.6768803411E-6
5.4803094827E-6
-1.0696123354E-6
8.3958730102E-6
1.5302421525E-5
2.2854807321E-5
6.4918375575E-5
9.5826108011E-5
5.7246768848E-5
4.1635357775E-6
-2.0967738237E-5
-6.7277788186E-5
-8.4655929825E-5
-4.8906868324E-5
8.1742391923E-5
2.2048010723E-4
3.0680369818E-4
2.5891285622E-4
9.8365871238E-5
-8.2854810173E-5
-2.1709519206E-4
-2.7496308321E-4
-2.2180028027E-4
-7.0335622879E-5
1.5254854224E-4
3.4132252912E-4
4.5051460622E-4
3.8660964929E-4
1.8629357219E-4
-8.1473216417E-5
-3.2133908243E-4
-4.2450353505E-4
-3.5692944657E-4
-1.4709059614E-4
1.0953708552E-4
2.7567268116E-4
3.4974220907E-4
2.9507824219E-4
1.7642800230E-4
2.7248077094E-5
-1.0399611201E-4
-1.6963221133E-4
-1.8064894248E-4
-9.7034440843E-5
2.5824643671E-6
1.1530970223E-4
1.8040075665E-4
1.9396125572E-4
1.4746276429E-4
7.3116028218E-5
-5.4492149502E-6
2.4414062500E-5
-1.0291634826E-4
-9.0234889652E-5
-3.8469734136E-5
4.4028717093E-5
1.0988316499E-4
1.4958698302E-4
1.3932479778E-4
9.6792390107E-5
3.8767652586E-5
-2.3092585615E-5
-7.0241419601E-5
-6.9671077656E-5
-4.1186180897E-5
7.0484355093E-6
5.8551598340E-5
1.1174783576E-4
1.1945577571E-4
1.0741135339E-4
6.9518457169E-5
1.4545687009E-5
-4.5179785229E-5
-5.9240532574E-5
-4.1377788876E-5
-8.8231172413E-6
2.8664967975E-5
7.7425572094E-5
1.0012111161E-4
1.0207819287E-4
8.5707672409E-5
4.8043043353E-5
5.4299482145E-6
-3.3362046815E-5
-3.8329779636E-5
-2.7994462288E-5
1.2819946278E-5
5.1758368500E-5
8.5883075375E-5
9.3137635852E-5
8.8905147280E-5
5.7260505855E-5
1.5549140517E-5
-1.1125591118E-5
-3.3732294104E-5
-2.7646811213E-5
-1.0336400010E-5
1.7273332923E-5
6.1476090924E-5
8.1645417960E-5
8.0884702039E-5
7.4703211433E-5
3.7016614805E-5
2.6853056625E-6
-1.7531856429E-5
-3.1545839737E-5
-7.3856906966E-6
4.9237278290E-6
4.0673965122E-5
6.5700069538E-5
7.8007287813E-5
6.2785146293E-5
5.5941985921E-5
3.1135277822E-5
-3.3047981560E-6
-1.1387176346E-5
-1.3181066606E-5
-7.9212011770E-6
1.8091395031E-5
2.9576290398E-5
6.9367955441E-5
7.4366247284E-5
6.3766597306E-5
4.8957823310E-5
2.2031844128E-5
-1.7134007066E-6
-1.9246828742E-5
-2.0458735525E-5
-5.8730132879E-6
2.4553446564E-5
4.5583606697E-5
6.6853617320E-5
7.2536733935E-5
5.8812811040E-5
3.5234191454E-5
2.1139800083E-5
-1.0861549526E-5
-1.5110138339E-5
-1.8216529861E-5
1.8793158233E-6
2.4111405945E-5
5.6222151034E-5
7.5465359262E-5
1.0059097549E-4
8.2271301655E-5
2.3592310026E-5
-1.4674675185E-5
-1.0223477148E-6
1.7249071970E-5
1.9513943698E-5
3.1386048066E-5
4.1330023669E-5
5.0465203822E-5
5.5463111494E-5
4.5179238077E-5
3.5120930987E-5
1.8153432756E-5
1.2529932428E-5
7.2219991126E-6
3.0050484928E-5
4.1206413880E-5
5.1254022401E-5
6.2635331416E-5
5.3982413374E-5
4.1043385863E-5
2.6418478227E-5
-5.6460266934E-7
-1.6102287918E-5
-1.2930808589E-5
8.0109573901E-6
4.0501286275E-5
4.5982259326E-5
5.4226664361E-5
5.3436984308E-5
4.3588399421E-5
2.5082728825E-5
3.2396172173E-6
-1.9522476941E-5
-3.0378473456E-5
-2.0225136540E-5
9.4068353065E-6
2.5123741943E-5
4.7883053776E-5
6.9729320241E-5
6.4776092768E-5
4.9490469973E-5
2.4414062500E-5
-2.1550385281E-5
-4.8127467745E-5
-5.0310592633E-5
-1.1127628386E-5
1.6411894467E-5
6.6679657904E-5
9.2152995059E-5
1.0059331544E-4
8.7325170173E-5
3.7928461097E-5
-1.2355204672E-5
-5.0229963381E-5
-7.0156669247E-5
-6.0116045643E-5
-1.4882488176E-5
6.1819667463E-5
1.3071806170E-4
1.7847988056E-4
1.8589352258E-4
1.1347524123E-4
1.0551372543E-5
-1.0564335389E-4
-1.6915162559E-4
-1.3923919760E-4
-2.7669500559E-5
8.0096384047E-5
5.7475967333E-5
-4.9337872770E-5
-1.1105351150E-4
-9.0985139833E-5
-1.7156323884E-5
5.8193819132E-5
1.0990351439E-4
1.2761113467E-4
1.0981491069E-4
7.1833084805E-5
3.9852445479E-5
-3.5330187529E-6
-1.7869740259E-5
-8.3344057203E-6
-8.0443569460E-6
2.7739978395E-5
3.9443210698E-5
5.3349975497E-5
5.7586655021E-5
5.7267444208E-5
2.9882544185E-5
3.3736473414E-5
1.4637864660E-5
1.7364788800E-5
1.9599776715E-5
2.8613745234E-5
2.4403468705E-5
2.9230641666E-5
2.0922755357E-5
2.0035984925E-5
2.8884073253E-5
3.0147749930E-5
3.4061470068E-5
3.5907165147E-5
3.9667496457E-5
3.7398759741E-5
2.2884737700E-5
2.0707782823E-5
1.2081558816E-5
1.3361452147E-6
6.9741741755E-6
1.1996226385E-5
2.6611913926E-5
4.5014917850E-5
5.7175394613E-5
5.8402772994E-5
4.5414874329E-5
2.8447853401E-5
3.0556460842E-6
-1.4512834605E-5
-1.7921091057E-5
-7.5134332291E-6
2.7132686227E-5
5.2953255363E-5
8.7817129682E-5
1.0957736522E-4
9.9936267363E-5
5.8186799288E-5
1.1725234799E-6
-6.1943568289E-5
-8.2977290729E-5
-9.9559128286E-5
-3.1301227863E-5
6.0151424259E-5
1.2949610827E-4
1.9092434086E-4
1.7831671285E-4
1.0284235468E-4
-2.5986030231E-5
-1.0405413341E-4
-1.2426968897E-4
-7.2786910461E-5
1.2684531975E-5
5.8288162109E-5
1.0095572798E-4
1.2107682414E-4
1.3363251928E-4
1.2423774460E-4
6.2567414717E-5
-5.0503632520E-5
-2.0318739116E-4
-2.6865330293E-4
-1.7293576384E-4
2.5240327231E-4
4.6394049423E-4
3.8747872459E-4
7.0984452033E-5
-1.9330651267E-4
-8.6792942605E-5
-4.6617654152E-5
1.2737512589E-5
1.9853597041E-5
2.7231033891E-5
3.1087000388E-5
3.4519215114E-5
5.9722550214E-5
6.7279802171E-5
5.0088763236E-5
2.8668821323E-5
4.0437676944E-6
-5.5036693812E-5
-2.5119050406E-5
3.8249394856E-5
1.3968598796E-4
1.5850702766E-4
1.7308816314E-4
1.1250443058E-4
-2.4895265232E-5
-1.5934625408E-4
-2.0606485195E-4
-1.6638794914E-4
-6.1575486326E-5
6.2153697946E-5
1.5732786851E-4
1.8716005143E-4
1.7318243627E-4
1.2340568937E-4
3.5242212470E-5
-9.5365114979E-5
-1.7609364586E-4
-1.9304691814E-4
-1.3018978061E-4
2.7646275701E-5
2.1392486524E-4
3.1194563490E-4
3.7959875773E-4
2.5606622221E-4
4.2962434236E-5
-1.6100624343E-4
-2.5127253029E-4
-2.5558324996E-4
-1.6118994681E-4
-7.9474295489E-6
1.3088765554E-4
2.1756915376E-4
2.3911216995E-4
1.8558250740E-4
8.3938287573E-5
-2.4503795430E-5
-1.0646984447E-4
-1.2509477092E-4
-1.1002197862E-4
-3.5014690366E-5
4.3259176891E-5
1.2012628140E-4
1.4964633156E-4
1.4851213200E-4
1.0838804301E-4
4.2433838825E-5
-2.4465157184E-5
-6.9125229496E-5
-8.6948578248E-5
-5.3183850833E-5
7.7398377471E-6
6.1838049442E-5
1.2000383576E-4
1.2584211072E-4
1.0925021488E-4
7.0620991757E-5
1.4117278624E-5
-3.4925027284E-5
-6.2831817196E-5
-5.3276750260E-5
-1.7126312014E-5
2.4816533550E-5
7.4296724054E-5
1.1702956399E-4
1.1203759350E-4
8.1997888631E-5
4.5787182171E-5
1.3856682926E-6
-3.1863444018E-5
-5.0737953279E-5
-4.3963314965E-5
3.1304778531E-6
4.7507334966E-5
8.8319357022E-5
1.0882943170E-4
9.9263782616E-5
4.5523245353E-5
9.9719851278E-6
-1.4768505935E-5
-3.9137410931E-5
-1.7373380251E-5
-6.7291199230E-6
2.5142671074E-5
6.3000048977E-5
8.4674160464E-5
8.7558012459E-5
6.2717311086E-5
4.1895115282E-5
7.3146889918E-6
-2.2024801001E-5
-3.3831153996E-5
-1.7921300605E-5
7.9718884081E-6
3.7906668149E-5
5.9760827571E-5
7.5836223552E-5
7.7729846818E-5
5.4526235909E-5
2.9519328381E-5
2.1995394491E-6
-1.4859973453E-5
-2.4393131024E-5
-7.3708361015E-6
1.7173716333E-5
3.9851758629E-5
7.2088092568E-5
7.0232956206E-5
6.0442683753E-5
4.5934563968E-5
2.5310623459E-5
-1.4199409634E-6
-1.6958231572E-5
-1.5306507703E-5
3.4427735954E-6
2.4756812490E-5
4.7327228822E-5
5.9225305450E-5
7.3787546719E-5
7.3088228239E-5
4.0735176298E-5
1.6389158554E-5
-1.0577868670E-5
-1.0780571029E-5
-1.2924859766E-5
4.9433903770E-6
2.5947473477E-5
5.4654886481E-5
7.1260216648E-5
6.2576681378E-5
6.6024099943E-5
3.3490383065E-5
1.4220154844E-5
-8.6113810539E-6
-2.0943942945E-5
-2.4032697547E-5
1.5891785733E-5
2.9975641518E-5
6.7948526704E-5
9.5033575785E-5
1.0106194532E-4
4.5657972805E-5
-2.4356401991E-5
-3.6892364733E-6
1.7661543097E-5
2.7791108003E-5
4.5703398063E-5
7.6297007037E-5
8.5812073668E-5
7.6134584381E-5
5.0252967049E-5
4.5942957513E-6
-1.2945255730E-5
-2.2802012972E-5
9.6580479291E-7
1.9603827968E-5
3.3401104155E-5
4.6773976646E-5
5.4383918177E-5
4.9748190213E-5
2.7963367755E-5
1.4334812295E-5
1.8524937331E-6
-2.3784814402E-6
-4.6724802815E-6
-3.1546223909E-7
1.6776646953E-5
4.3071794789E-5
5.3236330860E-5
5.8468664065E-5
5.3884333465E-5
3.6099832504E-5
1.7733417917E-5
-1.0780675802E-5
-2.7035013772E-5
-2.4003966245E-5
2.6196823455E-6
2.5424244813E-5
5.9065513779E-5
8.6906459186E-5
8.1641308499E-5
7.0643262009E-5
3.3561163581E-5
-3.3459975384E-6
-3.4996366594E-5
-4.1931832675E-5
-3.7447875365E-5
3.8065365515E-6
4.9007253255E-5
9.9075678738E-5
1.2270503212E-4
1.1266111396E-4
8.4641715513E-5
1.6343325842E-5
-4.6723615378E-5
-9.2298421079E-5
-1.0392274708E-4
-7.0185936058E-5
2.4595228023E-5
1.2271566084E-4
1.9444256323E-4
2.2742538713E-4
1.8980650930E-4
7.1943772492E-5
-5.9880432674E-5
-1.4554320369E-4
-1.0195523501E-4
2.7609115931E-5
1.0976287304E-4
6.0206162744E-5
-4.7227879986E-5
-1.3032958377E-4
-1.2985784560E-4
-6.8105920220E-5
1.0313116945E-5
7.6717697086E-5
1.2038646964E-4
1.3262372231E-4
8.6054438727E-5
5.9158494696E-5
1.3391091488E-5
-1.3554876205E-5
-2.0145485177E-5
-1.5061383601E-5
1.5906721819E-5
3.2011268194E-5
5.3830503021E-5
6.0728704557E-5
5.2231282462E-5
4.8615026753E-5
3.3638940658E-5
2.9994687065E-5
2.2123183589E-5
7.9273944722E-6
2.1738337818E-5
2.1573703270E-5
2.6685348711E-5
3.1122006475E-5
3.0143337789E-5
3.3860327675E-5
3.6631128750E-5
3.7793931551E-5
1.8835091032E-5
3.3282442017E-5
3.4729926846E-5
2.8513267170E-5
2.5602965615E-5
9.3185808510E-6
8.5880747065E-6
3.5356613808E-6
1.0400544852E-5
2.4946697521E-5
4.2054860387E-5
6.5184547567E-5
8.1937853249E-5
7.3723611424E-5
5.5287464056E-5
1.1345418170E-5
-2.4614273570E-5
-5.1477190573E-5
-4.4473400340E-5
-9.6556381322E-6
6.8953132724E-5
1.2424662709E-4
1.6593389446E-4
1.4668552903E-4
6.6538027023E-5
-1.0594266933E-4
-2.3573145736E-4
-2.4143042974E-4
-5.1095150412E-5
1.1440408416E-4
1.3124318794E-4
8.4558629899E-5
4.6886201016E-5
4.1444436647E-5
2.7162930928E-5
1.1046859436E-5
-3.1430623493E-5
-7.2431704031E-5
-1.0319735157E-4
-8.4232515659E-5
9.2827540362E-5
3.5724972840E-4
3.7461634493E-4
1.4452949399E-4
-2.4030458881E-4
-3.3116928534E-4
-1.2313475600E-4
8.0292345957E-6
5.6642282289E-5
6.0783140361E-5
5.2581145428E-5
4.9248023424E-5
4.0421297307E-5
4.2037735693E-5
4.0589622222E-5
3.3755076583E-5
2.1951145026E-5
-2.0855292677E-5
-8.5402629339E-6
2.5861489120E-5
7.1581848898E-5
8.4497302307E-5
1.1184543837E-4
1.0500208009E-4
2.1634099539E-5
-9.2929892710E-5
-1.5827667667E-4
-1.4420056250E-4
-6.3989963383E-5
5.8325834107E-5
1.5412231442E-4
2.0434382604E-4
1.7561240820E-4
1.0189588648E-4
4.1483098175E-5
-2.3643195164E-5
-5.4228410591E-5
-4.0693231858E-5
-2.8294930234E-5
-8.1095495261E-6
5.3918408231E-5
1.2748324079E-4
1.7487045843E-4
1.4479435049E-4
6.8606343123E-5
-1.3427238446E-5
-1.1344783707E-4
-1.8524202751E-4
-1.5800469555E-4
-3.9900594856E-5
1.4791804133E-4
2.8270479524E-4
3.1804692697E-4
2.4734467733E-4
1.1316036107E-4
-4.2980141007E-5
-1.5444246819E-4
-1.9220140530E-4
-1.5095119597E-4
-5.9590651655E-5
4.1696405969E-5
1.4809921849E-4
1.6457258025E-4
1.8209344707E-4
1.2417669641E-4
4.1745044291E-5
-4.2418378871E-5
-8.5095525722E-5
-9.7346573604E-5
-4.9900857267E-5
-5.7485885935E-8
6.9188408090E-5
1.2589254184E-4
1.4993883669E-4
1.2126087677E-4
7.0370303005E-5
1.0166526772E-5
-4.9053493422E-5
-7.3558709121E-5
-6.3778215555E-5
-1.9929208792E-5
3.6916544195E-5
8.2376156936E-5
1.1128485203E-4
1.2263585813E-4
8.9776981625E-5
4.4342584442E-5
-7.0243491791E-6
-3.6924553568E-5
-4.5000156388E-5
-2.9896502382E-5
2.9768445529E-6
5.0248298794E-5
8.0847658686E-5
9.9230546040E-5
8.9470169044E-5
5.8382074349E-5
1.7199618742E-5
-2.0225194748E-5
-4.2875378858E-5
-3.5978970117E-5
-6.7633576692E-6
2.5199505034E-5
6.0024019331E-5
8.2441756970E-5
9.7078364345E-5
7.1933656002E-5
3.2061210367E-5
4.7948677093E-6
-3.0078669078E-5
-3.6215106956E-5
-2.3922661785E-5
1.4245742932E-6
2.8928346000E-5
6.7364308054E-5
9.1890478510E-5
7.9293316233E-5
4.8987963237E-5
2.0325323566E-5
-3.6916462705E-6
-2.0424521062E-5
-2.2429937962E-5
-6.4919819125E-6
7.1330461653E-6
4.3167220428E-5
6.2642246485E-5
7.7568506824E-5
5.9299834539E-5
5.2048044745E-5
1.9334012176E-5
1.0479043704E-5
-1.8350768368E-5
-1.7658667639E-5
-2.4336273782E-6
2.2873177658E-5
4.4151244219E-5
5.9719837736E-5
6.5661163536E-5
6.7689316349E-5
3.8235599640E-5
1.8443027511E-5
2.4120439775E-6
-1.2806884479E-5
-8.9102541097E-6
4.4760177843E-6
2.9915862250E-5
6.0763990042E-5
6.2996405177E-5
7.5255008417E-5
5.2554148715E-5
3.8971239700E-5
1.8930737860E-5
-5.4418342188E-6
-1.6605865676E-5
-8.4360595793E-6
1.1156732216E-5
2.8727389871E-5
6.2314711978E-5
7.7465956567E-5
7.4790173678E-5
5.7113496587E-5
2.6466883718E-5
-4.4542015530E-6
-2.1685613319E-5
2.1331501193E-5
5.0118356012E-5
6.3222832979E-5
7.3787476871E-5
6.3762674109E-5
4.2015884537E-5
1.3719359413E-5
-1.1768017430E-5
-3.9018841926E-5
-2.3573217913E-5
-5.5487384089E-6
2.8214347548E-5
6.1139115133E-5
9.3052268497E-5
9.5430144577E-5
6.1772286427E-5
3.3624737988E-5
-1.5032861847E-5
-4.8310344573E-5
-5.1921466366E-5
-2.3156858514E-5
4.3774838559E-6
5.3918710910E-5
8.5446890446E-5
6.6673185212E-5
4.3704244308E-5
2.8724095318E-5
9.2728645541E-6
-3.4185359254E-6
-1.1078605894E-5
-4.8710033298E-6
1.4100153930E-5
2.5138119235E-5
5.5210257415E-5
6.4301281238E-5
6.5490417183E-5
5.1695143338E-5
3.4953420981E-5
5.6509627029E-6
-1.6801327001E-5
-2.7402956038E-5
-1.7786526587E-5
1.2959132437E-5
4.6388898044E-5
8.2726485564E-5
1.0313406820E-4
9.5455977137E-5
5.7049689349E-5
2.4913216475E-5
-2.0495755598E-5
-5.3346564528E-5
-4.9948925153E-5
-2.4623877834E-5
3.0795787460E-5
8.5054361264E-5
1.3378295116E-4
1.5939888544E-4
1.3293075608E-4
6.3970941120E-5
-2.2572220769E-5
-8.7204657032E-5
-1.2872914085E-4
-1.2100229505E-4
-3.1180458609E-5
8.1698887519E-5
2.0622643642E-4
2.4770511081E-4
2.1926843328E-4
9.7352033482E-5
-2.6239093858E-5
-2.6254763361E-5
1.0048788972E-4
2.0243733889E-4
1.8167656381E-4
9.9050777500E-5
-4.5389519072E-6
-7.4738089461E-5
-1.0719072307E-4
-7.4515538292E-5
-3.0966883059E-5
4.7701934818E-5
8.0285954758E-5
1.0717653204E-4
9.6699653661E-5
7.2771031412E-5
3.4692569169E-5
5.2440445870E-6
-1.0019494221E-5
-2.0998239051E-5
-2.5893328711E-6
1.1113460641E-5
3.1352555378E-5
4.4638838153E-5
7.0424727165E-5
4.6738958918E-5
2.9590795746E-5
2.6313471607E-5
1.4462275431E-5
7.3163420894E-6
1.2447941117E-5
1.6895786393E-5
1.3577658683E-5
2.8642080723E-5
1.3404816855E-5
1.6623351257E-5
2.8428947552E-5
3.7616956979E-5
4.6766933520E-5
3.9904331788E-5
3.9782491512E-5
4.3622951489E-5
3.5238219424E-5
1.1358829215E-5
-9.5882569440E-6
-1.5745335258E-5
2.5087501853E-7
1.4512019698E-5
4.8361753579E-5
8.8438391687E-5
1.1975833913E-4
1.0756887496E-4
2.8736062813E-5
-3.4757365938E-5
-6.3292926644E-5
-5.2149721887E-5
-1.0565156117E-6
3.7492485716E-5
5.9014558792E-5
8.3847914359E-5
7.5625174216E-5
4.4210127089E-5
1.0568648577E-6
-1.9861478358E-5
-1.2574694119E-5
-1.4970521442E-5
-2.1492992527E-5
-4.4091860764E-5
-6.0213729739E-6
1.7105158186E-4
3.4314700169E-4
1.9896459999E-4
-1.9572670571E-4
-5.8738852385E-4
-4.6939179302E-4
-1.1435332708E-4
1.0307008634E-4
1.6413585981E-4
1.4069414465E-4
8.7048450953E-5
5.8272236493E-5
1.7262878828E-5
-1.4541728888E-5
-1.6827625222E-5
-7.8185345047E-6
1.0336632840E-6
2.7720583603E-6
2.8028094675E-5
4.4617429375E-5
7.9048692717E-5
7.3331547903E-5
6.7477673294E-5
3.7484068889E-5
-6.1205704697E-6
-4.5229028911E-5
-6.4509164078E-5
-5.1368598361E-5
1.5219685156E-5
1.3221573317E-4
2.3538350360E-4
2.0545214647E-4
1.2404357549E-4
2.1087191999E-5
-7.3127378712E-5
-1.0516659823E-4
-9.5632625746E-5
-3.5444053355E-5
2.2919848561E-5
7.0162268823E-5
7.3401117700E-5
8.7600410918E-5
6.7233375741E-5
5.5982451886E-5
3.2445008400E-5
-1.8287647981E-5
-6.1449105852E-5
-6.9068092855E-5
-1.9531929865E-5
2.7256109751E-5
6.4258871135E-5
1.0159243830E-4
1.2521853205E-4
1.0443448555E-4
1.5065586195E-5
-1.1466701981E-4
-2.2142359521E-4
-2.2150699515E-4
-1.2635523453E-4
4.2650534306E-5
1.8844722072E-4
2.5352207012E-4
2.5766884209E-4
1.7153595108E-4
5.0197157544E-5
-6.4601178748E-5
-1.3419217430E-4
-1.3762030285E-4
-1.0093887104E-4
-4.1643390432E-6
8.3163159437E-5
1.3782702153E-4
1.6538307536E-4
1.4538663672E-4
8.2391803156E-5
6.2531791628E-6
-6.1812670902E-5
-9.4318704217E-5
-7.3038670236E-5
-3.8599397521E-5
2.4000601843E-5
9.3570735773E-5
1.2544167694E-4
1.2571063125E-4
9.5906096978E-5
4.1341118048E-5
-1.5193526633E-5
-4.7344982159E-5
-5.0956604537E-5
-4.0687434375E-5
3.4546130337E-6
5.8620772325E-5
1.0071558645E-4
1.0947051924E-4
8.7957491635E-5
5.7999731507E-5
1.5749526210E-5
-7.1918591854E-6
-4.7551968601E-5
2.4414062500E-5
-4.1507056448E-5
1.3094244059E-5
4.9042806495E-5
8.5781456439E-5
9.5781520943E-5
6.7463621965E-5
4.3428840581E-5
2.7384841815E-6
-2.4346890859E-5
-2.7858617249E-5
-2.0369410049E-5
-1.3334443793E-6
3.7313892971E-5
6.3163659071E-5
8.0015626738E-5
7.7538657936E-5
5.4708053358E-5
1.7640797887E-5
-4.2805913835E-7
-2.4263933300E-5
-2.2426689974E-5
-7.2237337009E-6
8.5120205768E-6
3.7430063819E-5
5.7614431717E-5
6.5507472029E-5
6.7680096255E-5
4.0262960827E-5
1.2640713249E-5
-4.1317660362E-6
-9.3617709354E-6
-1.5105237252E-6
3.3004209399E-6
3.1001330352E-5
5.1677180454E-5
6.2176096254E-5
6.2597438228E-5
6.2452710700E-5
3.4848519135E-5
8.7052350865E-6
-8.1006437540E-7
-6.5717496910E-6
-6.4217601903E-6
8.8433036582E-6
2.6923045515E-5
3.9379042573E-5
6.1968062073E-5
6.8669626491E-5
6.5272999929E-5
3.2876071054E-5
1.2744124979E-5
-4.0059559979E-6
-1.9164907280E-5
-6.8592838943E-6
1.5892938245E-5
2.9350270051E-5
6.5067829565E-5
7.5628631750E-5
7.3394982612E-5
5.5586185773E-5
2.5421485770E-5
-1.4593126252E-6
-2.2969499696E-5
2.4414062500E-5
3.7271238397E-5
6.4890680370E-5
6.6592800433E-5
5.5186834653E-5
4.2601523455E-5
2.0112900529E-5
-9.1195688583E-6
-2.7692725415E-5
-2.2539193742E-5
-1.1777004693E-5
2.3491249885E-5
5.1137793343E-5
6.9283798804E-5
7.1322196164E-5
6.0086918529E-5
2.2328854538E-5
-8.7132211775E-6
-4.1187717579E-5
-5.1641336177E-5
-2.3140409030E-5
1.8732785247E-5
4.1076145134E-5
6.7241105718E-5
6.6240353045E-5
6.3566945028E-5
4.5096338727E-5
1.1681485921E-5
-2.3635453544E-5
-3.8980145473E-5
-3.4840113948E-5
-2.1756952628E-5
2.7074478566E-5
7.7345361935E-5
1.0073136073E-4
1.1217335705E-4
8.4471004086E-5
2.1880457643E-5
-2.4648173712E-5
-4.4259324204E-5
-3.7349446211E-5
-5.7349330746E-6
2.6817910838E-5
4.8378750216E-5
7.2730192919E-5
7.9998944423E-5
7.1161158851E-5
5.1243847702E-5
1.8453539815E-5
-5.2929390222E-6
-3.2500142697E-5
-4.6178663615E-5
-1.6147119459E-5
3.1909393146E-5
7.7271682678E-5
1.2144896900E-4
1.3125392143E-4
1.0016579181E-4
2.2997800260E-5
-3.7719029933E-6
-3.8358336314E-5
-8.4600422999E-5
-7.0037308616E-5
-1.8398696556E-5
6.1768747401E-5
1.4400483342E-4
1.9677877426E-4
1.8020010321E-4
1.2287989957E-4
1.4654034749E-5
-1.0578364600E-4
-1.7424729886E-4
-1.7425944097E-4
-9.2399609278E-5
3.6508229095E-5
2.4414062500E-5
1.3221775880E-4
-5.7760451456E-5
-1.4088045573E-4
-9.7889942120E-5
3.3769442234E-5
1.4177984558E-4
2.0352858119E-4
1.9011223921E-4
1.2423581211E-4
4.2761024087E-5
-3.6025268491E-5
-6.7136378494E-5
-8.0336746762E-5
-5.3480686620E-5
6.1809783803E-6
4.2064685840E-5
8.1788899844E-5
9.7936659587E-5
6.9071562031E-5
4.8258271999E-5
1.5744799748E-5
2.4300650693E-6
-2.8359238058E-6
-1.4382554218E-5
2.1808664315E-6
1.9686273299E-5
3.4030131064E-5
4.2393337935E-5
3.7797074765E-5
4.1846383828E-5
3.1163264065E-5
3.2021955121E-5
2.3988727479E-5
1.9427400548E-5
2.1657254546E-5
2.1405017469E-5
2.4336460046E-5
5.0545553677E-6
9.2382542790E-6
5.8981124312E-6
2.2939057089E-5
5.9302966110E-5
8.9577876499E-5
9.7450253091E-5
5.8930844534E-5
2.0255439449E-5
-8.4747560323E-6
-1.7137441318E-5
-1.0381615721E-5
2.6857154444E-5
4.6427699271E-5
6.4238812775E-5
6.4578652383E-5
4.4955499470E-5
3.6071636714E-5
2.4710432626E-5
8.1255566330E-6
7.3370989413E-6
-2.8964946978E-6
-3.9628357627E-6
1.3274827506E-5
2.7179147582E-5
8.5830502213E-5
1.3377551222E-4
1.2874908280E-4
-3.2519118394E-5
-2.9292945982E-4
-4.1674572277E-4
-2.8330688364E-4
8.9370983188E-5
3.4544123336E-4
3.2796815503E-4
2.2091873689E-4
7.2392891166E-5
-1.1536292732E-5
-6.3720415348E-5
-6.2975578477E-5
-3.0457589310E-5
-1.2229126878E-5
2.3768446407E-5
4.7438405454E-5
6.9810799325E-5
6.7076121924E-5
6.7994324492E-5
4.9132271670E-5
1.2206309475E-5
-2.3439689539E-5
-3.3722806256E-5
-2.7909246272E-5
-9.9453376606E-6
1.9531208090E-5
6.0465035495E-5
1.0618057568E-4
1.3134561013E-4
9.9580117969E-5
4.6587979886E-5
-5.4337235634E-5
-1.2372861383E-4
-1.4371342258E-4
-6.3398305793E-5
2.3558200337E-5
9.5721182881E-5
1.4314221917E-4
1.5890456270E-4
1.1642300524E-4
4.6612194273E-5
-4.5526190661E-6
-2.5015592109E-5
-2.3987772874E-5
-1.3212254271E-5
8.6976331659E-6
2.6286602951E-5
3.9385852869E-5
7.0729246366E-5
1.0031759739E-4
8.2514190583E-5
3.5032525192E-5
2.0465347916E-5
-6.4158462920E-6
-5.0603528506E-6
-9.1840862297E-6
7.2588794867E-6
4.4766825158E-5
1.0323072784E-4
1.6303997254E-4
1.7824491952E-4
1.0092279408E-4
-5.2661902738E-5
-2.2174138576E-4
-2.5341599248E-4
-1.8285295228E-4
-4.0954537690E-5
1.1062205304E-4
2.0437204512E-4
2.3032514145E-4
1.8627536483E-4
9.3459954954E-5
6.9780508057E-6
-8.3613547034E-5
-1.2317238143E-4
-1.0244091973E-4
-5.4373661988E-5
2.6498513761E-5
9.8226533740E-5
1.4752030838E-4
1.4259899035E-4
1.1145636672E-4
4.4411770068E-5
-2.0459142979E-5
-4.9850007055E-5
-6.2079553028E-5
-4.0068570525E-5
6.8956171163E-6
5.5339606479E-5
1.0167064611E-4
1.1553133372E-4
9.9846615924E-5
6.2351394445E-5
2.4414062500E-5
2.4099962319E-5
-5.5840960704E-5
-4.3310469482E-5
-2.0454812329E-5
1.7471716273E-5
7.3620653713E-5
9.3890726569E-5
1.0104037356E-4
7.3784275449E-5
3.4232705365E-5
3.7420075387E-6
-9.3652750363E-6
-2.7643539942E-5
-2.5009037926E-5
4.4043525122E-6
3.2961275427E-5
7.4776157274E-5
8.6081377232E-5
7.4430869431E-5
5.4158002604E-5
2.2267259191E-5
3.5877688787E-6
-2.1378474775E-5
-1.8047599587E-5
-2.0030734595E-5
1.1543091387E-5
3.9527378976E-5
6.8087910770E-5
7.4129016141E-5
6.9529039320E-5
4.0594604797E-5
1.8658500630E-5
-4.0887040086E-6
-1.9960594363E-5
-2.0392646547E-5
2.4517183192E-6
2.2742664441E-5
4.5751396101E-5
7.0537370632E-5
6.6950253678E-5
6.6165206955E-5
5.7666318026E-5
1.4861754608E-5
-9.1547146440E-6
-1.6505748499E-5
-1.9361975137E-5
-1.2630852871E-5
5.3489231505E-5
7.2874035689E-5
6.3040666283E-5
6.1663414818E-5
4.8870593310E-5
2.9057089704E-5
6.2197912485E-6
-1.6124453396E-6
-9.1927358882E-7
6.3638435675E-7
2.0646234042E-5
5.2068568766E-5
6.3620461152E-5
8.0106570388E-5
6.4512342216E-5
5.0503108651E-5
3.3270567655E-5
7.4890675024E-6
-1.1044892017E-5
2.2158643696E-5
3.8501643575E-5
6.5451138654E-5
7.4830336963E-5
6.7152641715E-5
3.8623542059E-5
1.2566219084E-5
-7.0275971666E-6
-2.6928132865E-5
-1.6332359519E-5
-7.3964707554E-6
2.2672314662E-5
6.0972361826E-5
7.4437807781E-5
7.6983682813E-5
6.0342124198E-5
2.2809556685E-5
-2.1589454263E-6
-4.4635997619E-5
-3.6770617589E-5
-1.7735885922E-5
2.2173684556E-5
5.7409028523E-5
6.8811187521E-5
6.7589024548E-5
5.5239186622E-5
2.9982870909E-5
4.6480097808E-6
-6.3878367655E-6
-2.7760118245E-5
-3.1827925704E-5
-1.1882034596E-5
1.7487537116E-5
6.1252759770E-5
2.4414062500E-5
8.3242403345E-5
6.4147484955E-5
4.1662598960E-5
-7.1312184445E-6
-3.4327525645E-5
-5.6706229225E-5
-4.8116687685E-5
-2.9324670322E-6
4.9001339357E-5
9.7757612823E-5
1.3113239547E-4
1.1730612023E-4
7.8137649691E-5
1.9121193327E-5
-4.6416826080E-5
-9.1855600478E-5
-7.5085554274E-5
-2.7366506401E-5
4.2969838250E-5
9.0893730523E-5
1.0498324409E-4
9.9435320592E-5
7.2954478676E-5
3.5368930548E-5
-2.7968431823E-6
-4.1303178295E-5
-6.2360335142E-5
-5.1023438574E-5
-6.2296050601E-6
6.2893691940E-5
1.3391260290E-4
1.6499822959E-4
1.0771322996E-4
6.5718602856E-5
8.2316575573E-6
-4.1330396198E-5
-9.7674957946E-5
-1.2911130907E-4
-8.0939847979E-5
2.1611270495E-5
1.2593079591E-4
2.1475807298E-4
2.4087646743E-4
1.8140148604E-4
4.5554281678E-5
-5.0836743322E-5
-4.1578442324E-5
8.1714766568E-5
1.9459467148E-4
2.0058130613E-4
8.9127942921E-5
-5.1545700990E-5
-1.4551758068E-4
-1.5172703424E-4
-9.8833988889E-5
-2.9147171880E-5
6.1708956491E-5
1.2939425651E-4
1.4757632743E-4
1.1964351870E-4
7.5500842651E-5
3.1292182392E-5
-3.0527519993E-5
-5.7747086976E-5
-4.7061545775E-5
-1.5911273658E-5
1.6166281421E-5
4.8607680947E-5
6.7695765757E-5
8.3737785465E-5
7.4858323208E-5
3.9708253461E-5
1.6854249407E-5
5.6287390180E-6
-5.8048288338E-6
1.0621710680E-5
1.3300904539E-5
1.7181225121E-5
2.0056508947E-5
2.8342474252E-6
2.7358857914E-5
3.6412163171E-5
6.0827250127E-5
8.4061548116E-5
6.0871802270E-5
2.9505405109E-5
-1.6350299120E-6
-1.1768413242E-5
6.4415042289E-6
2.1880737040E-5
4.5408459846E-5
5.4392672610E-5
6.3658074942E-5
5.2685011178E-5
3.7745095323E-5
2.0943442359E-5
-1.4335382731E-7
1.1878635269E-5
7.6563912445E-6
2.5930744595E-5
3.5121431573E-5
4.5020936522E-5
4.3323531281E-5
4.3278676456E-5
5.7104311418E-5
6.1739375815E-5
3.6007340531E-5
-4.5719498303E-5
-1.3933196897E-4
-1.3541990192E-4
1.2423004955E-5
2.2852213588E-4
3.3704520901E-4
2.6419236091E-4
1.2850941857E-4
8.1014703028E-6
-8.0288352913E-5
-1.0904005030E-4
-9.1026758311E-5
-2.5581032969E-5
3.1185674015E-5
8.1801752097E-5
1.1479469249E-4
8.6112413557E-5
6.3235883136E-5
3.2522447872E-5
1.2566335499E-6
-1.4771835413E-5
-2.7421629056E-5
-2.5034928694E-5
2.9403134249E-6
3.5948597360E-5
6.2922877261E-5
8.8314281313E-5
9.1981177687E-5
6.5690232441E-5
2.8880918398E-5
1.5312805772E-6
-5.2710762249E-5
-8.3552557048E-5
-6.1030348298E-5
-6.7215994931E-6
8.5204932842E-5
1.4960409608E-4
1.6930988059E-4
1.4485588763E-4
4.9858330749E-5
-3.4556537866E-5
-7.0234911984E-5
-7.7141064688E-5
-5.0244305749E-5
5.7333847508E-6
6.0707447120E-5
1.0870567057E-4
1.1397439521E-4
8.6519401523E-5
5.1847123541E-5
2.4285574908E-5
9.1247609817E-6
4.2095780373E-6
-6.6380831413E-6
-1.9170390442E-5
8.6742220448E-6
4.9368059262E-5
5.3622596898E-5
7.1565306282E-5
5.8215367608E-5
4.7874345909E-5
1.9109086133E-5
1.9723887089E-5
1.4658283908E-5
1.3524340466E-5
-8.1346719526E-6
-1.7308816314E-5
4.1549210437E-6
1.1008459842E-4
2.0792307332E-4
1.7872195458E-4
1.2339919340E-5
-1.4861823292E-4
-2.1230633138E-4
-1.9565386465E-4
-9.1982609594E-5
2.8596667106E-5
1.3253696961E-4
1.9347545458E-4
1.9246113952E-4
1.3693366200E-4
5.3413829301E-5
-3.0044699087E-5
-8.0097187313E-5
-9.6932600720E-5
-6.9305673244E-5
-9.2440866865E-6
6.0993409716E-5
1.1165698525E-4
1.3530506985E-4
1.1017314391E-4
7.3631957641E-5
1.8528057262E-5
-2.7294864412E-5
-5.2946724464E-5
-4.9253599719E-5
-2.9030558652E-5
2.5089655536E-5
7.0143688939E-5
8.8367960419E-5
1.0028973921E-4
7.2130281480E-5
3.3770105801E-5
2.7644913643E-6
-2.3457326460E-5
-4.5209843665E-5
-3.5411654971E-5
2.2516469471E-6
3.8641528226E-5
6.6909566523E-5
9.0130267203E-5
7.6433282814E-5
5.5881426670E-5
3.1692604533E-5
-1.8001976423E-5
-2.3877597413E-5
-3.1278957612E-5
-1.9660592079E-5
9.3858223409E-6
4.5446318108E-5
6.9089955652E-5
8.3875725980E-5
7.6374365019E-5
4.2086630128E-5
1.8683611415E-5
-8.4099126980E-6
-2.1764589473E-5
-2.4087261409E-6
9.3703856691E-7
3.0851084738E-5
4.9124844372E-5
5.4124800954E-5
5.9473421425E-5
5.5545137730E-5
4.9312144983E-5
8.9598936030E-6
-8.3213089965E-6
-2.3522216360E-5
-1.4028232545E-5
2.5946996175E-6
2.0854023750E-5
5.5429362692E-5
7.1018503516E-5
7.2598073167E-5
6.2331743539E-5
3.8159429095E-5
8.1428792329E-6
-1.0996370111E-5
-2.3421808145E-5
-1.3653084170E-5
3.0391267501E-6
3.9405655115E-5
7.6202931816E-5
9.8330271433E-5
7.6051591897E-5
2.9079173690E-5
1.5517591965E-5
-1.2397766113E-6
-5.2778166719E-6
2.7328450232E-5
4.5554584358E-5
6.0528202449E-5
6.2080670615E-5
5.7679309976E-5
4.1442550719E-5
1.4506175648E-5
-1.8256902695E-5
-2.0994327496E-5
-1.8861435819E-5
-1.9143451936E-6
2.7332687750E-5
5.1990861539E-5
6.8451953122E-5
6.2118878123E-5
6.2197097578E-5
3.1800521537E-5
-6.6478853115E-6
-3.4738809335E-5
-4.4706731569E-5
-2.7060532011E-5
7.0090522059E-6
3.3326307311E-5
7.5112609194E-5
8.7013095621E-5
7.4653420600E-5
4.0713418274E-5
-7.8547745944E-7
-2.6738236192E-5
-7.0818001402E-6
-1.6696413513E-5
2.5424174964E-6
2.2350717336E-5
4.9986923114E-5
7.3512084785E-5
7.6305621770E-5
6.7149242388E-5
3.6568206268E-5
-2.5600311346E-6
-2.9928912408E-5
-3.6264257505E-5
-2.1444109734E-5
1.4530727640E-5
4.4489942957E-5
7.8246940395E-5
1.0851233965E-4
1.0065118550E-4
6.2946567778E-5
1.9498239271E-5
-2.1142442710E-5
-4.8149330542E-5
-5.7920801920E-5
-3.6457227543E-5
1.1923594866E-5
7.6697696934E-5
1.2622734066E-4
1.4998358674E-4
1.2966655195E-4
6.3356838656E-5
-1.4312937856E-5
-9.0146984442E-5
-1.1018451769E-4
-9.7208342052E-5
-1.5885615721E-5
7.3530978991E-5
1.3394441921E-4
1.4476922806E-4
1.0732027004E-4
7.5218989517E-5
1.5232886653E-5
-4.4028391130E-5
-7.6825439466E-5
-9.5056323338E-5
-3.7055194843E-5
4.6872056555E-5
1.3221605914E-4
1.1032653274E-4
1.3109578285E-4
1.2151199626E-4
6.3486665023E-5
-3.5434518940E-5
-1.1625308543E-4
-1.4212173410E-4
-1.0336424457E-4
1.9352673553E-5
1.0020059999E-4
7.3928479108E-5
-8.6670427119E-5
-1.9964968087E-4
-1.8206224777E-4
-7.0130126552E-5
7.7310961208E-5
1.8834751099E-4
2.1890795324E-4
1.9924794324E-4
1.1201089947E-4
1.6326073091E-5
-6.2092754525E-5
-9.4159750736E-5
-8.9053460399E-5
-4.7064374667E-5
1.3276666868E-5
6.9071282634E-5
1.0879741749E-4
1.0430339025E-4
8.5691246206E-5
5.2767782472E-5
2.0240410231E-5
-8.7518128567E-6
-3.0190311372E-5
-1.1234427802E-5
2.0830775611E-6
1.3965100516E-5
2.5126920081E-5
4.1926850099E-5
4.8082217108E-5
5.4194510448E-5
5.0426146481E-5
5.4785644170E-5
3.3138971775E-5
-1.9542640075E-7
-4.9159047194E-6
-1.3951095752E-6
9.7313430161E-6
3.1281122937E-5
6.0395186302E-5
6.8256747911E-5
6.3767202665E-5
4.7479185741E-5
2.2080028429E-5
2.0288396627E-6
2.4414062500E-5
-6.4905034378E-6
1.6175315250E-5
3.2476917840E-5
4.9889576622E-5
4.9059512094E-5
5.5185193196E-5
4.5840407256E-5
3.2467511482E-5
2.1973473485E-5
1.2818700634E-5
4.2414641939E-6
-3.1754537485E-5
-3.9276690222E-5
8.7824068033E-6
1.1558383703E-4
2.0376234315E-4
2.1136157448E-4
1.3268949697E-4
1.8882635049E-5
-6.4911635128E-5
-8.3754363006E-5
-6.4260093496E-5
-2.0593241788E-5
8.4091327154E-6
4.8759486526E-5
7.7112775764E-5
8.3625840491E-5
7.9285295217E-5
5.4879288655E-5
2.3793673608E-5
-2.5686528533E-5
-4.7818571329E-5
-4.8358156346E-5
-7.1880058386E-6
4.7153444029E-5
8.5788092113E-5
1.0748518398E-4
8.7509665176E-5
6.5351137893E-5
3.1221820972E-5
6.8388762885E-6
-2.3257150314E-5
-3.2809434924E-5
-3.2186799217E-5
7.9440884293E-6
7.0162350315E-5
1.1708413949E-4
1.4815480681E-4
1.1406432604E-4
6.3231971581E-5
3.0693947337E-6
-5.9931620491E-5
-9.4329484276E-5
-8.7458512283E-5
-2.1309941075E-5
6.7993614359E-5
1.1616966222E-4
1.3590496965E-4
1.0386287468E-4
6.4323097468E-5
1.2846826576E-5
-1.6626692377E-5
-3.6710302811E-5
-3.1291123013E-5
-4.3312902562E-6
3.7825992330E-5
5.9498311021E-5
8.1951287578E-5
7.0086086636E-5
6.9470121527E-5
5.4127944168E-5
1.9049609545E-5
-1.4958472457E-5
-2.0769028924E-5
-1.4333275612E-5
1.3686099555E-5
3.8430199492E-5
4.9773778301E-5
2.4414062500E-5
5.6721572765E-5
4.4371234253E-5
5.1833561156E-5
7.4781395963E-5
8.7195518428E-5
8.3597621418E-5
3.6591000389E-5
-1.9555992912E-5
-2.2959569469E-5
9.1424339919E-5
2.2947742837E-4
2.3153084330E-4
9.6383958592E-5
-6.1849504710E-5
-1.6721250722E-4
-1.7664673505E-4
-1.1062111007E-4
-2.6324880309E-5
7.0762506222E-5
1.3498915359E-4
1.7381841317E-4
1.4204733306E-4
8.9399248830E-5
1.5479594004E-5
-3.3826404251E-5
-7.6794193595E-5
-6.7398522517E-5
-2.4612632114E-5
3.2106554134E-5
7.4249040338E-5
1.0783075122E-4
1.0830304818E-4
7.3430873456E-5
4.0349853225E-5
-6.8598659709E-6
-2.5238527450E-5
-4.9864721951E-5
-2.7866452000E-5
3.6358134820E-6
4.2112078517E-5
6.8065919916E-5
9.1616716238E-5
7.4021262119E-5
6.7920982839E-5
2.3670622613E-5
-5.3820433095E-6
-1.6689661425E-5
-2.3838214110E-5
-1.1861720122E-5
9.0250512586E-6
4.1798758320E-5
7.0947641509E-5
8.3675829231E-5
7.8590412161E-5
5.8712961618E-5
2.2423872724E-5
-1.0400859173E-5
-2.1836056839E-5
-1.4362297952E-5
9.2349597254E-6
2.5867333169E-5
5.4020411335E-5
7.3743623218E-5
7.4823840990E-5
5.4962350987E-5
3.8350222166E-5
1.1636200361E-5
-7.0778187365E-7
-8.4257451818E-6
-1.1045276187E-5
1.8417485989E-5
3.2441201619E-5
4.7462806105E-5
7.1019248573E-5
7.1320240387E-5
5.6805415080E-5
3.3687415998E-5
1.2392108329E-5
-1.4892511535E-5
-1.7008988652E-5
-1.0398495942E-5
1.2376741506E-5
4.4192513451E-5
6.8178435324E-5
8.5033406507E-5
7.9263316004E-5
5.6288018823E-5
3.0798418447E-5
5.7347002440E-6
-1.7354323063E-5
2.4487089831E-5
4.3645012192E-5
5.2527769003E-5
5.7487178129E-5
5.6129775476E-5
4.7082232777E-5
2.4985533673E-5
-1.1436641216E-6
-1.4041550457E-5
-1.6303919256E-5
2.7317670174E-6
2.8853560797E-5
4.7909759451E-5
7.2168512272E-5
6.8030843979E-5
5.5602483917E-5
2.5802734307E-5
2.7388683520E-6
-3.2869598362E-5
-3.9341964293E-5
-1.7423729878E-5
8.2639860922E-6
3.9539416320E-5
7.6808989981E-5
8.4590574263E-5
9.4261555935E-5
5.0778919831E-5
1.4701625332E-6
-3.2277731224E-5
-5.0548498985E-5
-4.0684605483E-5
-4.2619998567E-6
3.3613748382E-5
6.2163418625E-5
6.5301498399E-5
6.9829949645E-5
5.4804643150E-5
2.9783812351E-5
1.1641054880E-5
-1.3630453031E-5
-3.1142693478E-5
-2.0162691362E-5
-3.1650182791E-6
4.0250550955E-5
7.5646687766E-5
9.7143615133E-5
8.7909551806E-5
7.3066528422E-5
3.2408081460E-5
-8.0483150669E-6
-4.7756114509E-5
-4.9421621953E-5
-2.8615898918E-5
2.2104184609E-5
7.2406313851E-5
1.1587296613E-4
1.3548831921E-4
1.0368111543E-4
5.7490787002E-5
1.0731979273E-6
-6.0752185528E-5
-7.8490946910E-5
-6.9819390775E-5
-1.4008861035E-5
2.4414062500E-5
6.0454534833E-5
1.7708115047E-4
1.7873402685E-4
1.2246379629E-4
2.2339972201E-5
-7.7005638744E-5
-1.4140669955E-4
-1.2269843137E-4
-6.7978410517E-5
3.4551788121E-5
1.1248447700E-4
1.7227750504E-4
1.7590842908E-4
1.3658875832E-4
6.1534647831E-5
-6.5645889846E-5
-9.9340488671E-5
-4.2322138325E-5
5.7120923885E-6
2.7475995012E-6
7.9925730827E-5
1.4163184678E-4
1.5355823562E-4
4.9845199101E-5
-6.9078826347E-5
-8.5106061309E-5
2.6569492183E-5
1.5654128510E-4
2.9064469272E-4
2.7421099366E-4
1.7291613622E-4
2.4967931676E-5
-9.4253744467E-5
-1.5570977703E-4
-1.4145323075E-4
-8.6848775394E-5
-8.4909843285E-7
9.5988914838E-5
1.3422524789E-4
1.4066174626E-4
1.1550420895E-4
6.7497056444E-5
1.7378258053E-5
-3.3816671930E-5
-3.9959582500E-5
-3.5278638824E-5
-1.0257516988E-5
1.2569257524E-5
1.5966722276E-5
4.0332169737E-5
6.0571369250E-5
7.1998464411E-5
7.2431226728E-5
4.3160631321E-5
1.6368762590E-5
-1.0736112017E-5
-2.7642096393E-5
-2.4423585273E-6
3.2985140569E-5
5.4528622423E-5
7.6459732374E-5
7.6814775822E-5
6.4641458449E-5
4.8529647756E-5
2.3181259166E-5
4.6753557398E-7
-3.0715914908E-5
-1.1176289991E-5
2.2649997845E-6
4.0446850471E-5
5.6436448358E-5
5.8825907763E-5
6.3958554529E-5
4.4852285646E-5
2.2410054225E-5
-1.9152066670E-6
-3.9442908019E-6
-3.2716197894E-7
5.5091222748E-6
1.2000137940E-5
2.8628017753E-5
7.0061301814E-5
1.3131942833E-4
1.4923398849E-4
1.0306658224E-4
1.4077383094E-5
-6.8903260400E-5
-1.0656834347E-4
-8.2579767333E-5
-2.0845781546E-5
3.4972606226E-5
7.2412635201E-5
8.6864153857E-5
7.8631250656E-5
5.1391054877E-5
3.7456548306E-5
2.9885652474E-5
1.7922138795E-5
-9.8950578830E-6
-2.1986535285E-5
-2.8205104172E-6
1.4758179896E-5
3.4443452022E-5
5.6388706435E-5
7.4387225323E-5
7.7341531871E-5
4.2622967157E-5
-5.9279846031E-7
-3.2230117358E-5
-5.4582627491E-5
-3.4568959381E-5
1.3145303820E-5
4.9340084660E-5
9.5315161164E-5
1.1757855536E-4
1.0160285747E-4
6.7036529073E-5
3.1517120078E-6
-4.6370283235E-5
-6.1024469324E-5
-5.4878159427E-5
-1.5657860786E-5
4.3755187653E-5
1.0689143092E-4
1.3393359259E-4
1.3406072976E-4
9.8519725727E-5
2.0922347903E-5
-5.0260068383E-5
-6.9972779603E-5
-5.6139880327E-5
-2.1170999389E-5
3.7177454214E-5
7.8954128551E-5
9.1163872278E-5
1.0958109051E-4
7.8964466232E-5
4.4469127897E-5
-4.8357760533E-7
-3.4203554969E-5
-2.6920414529E-5
-1.3346900232E-5
6.5124244430E-6
4.5277818572E-5
7.2907726282E-5
9.0393540453E-5
8.6261169056E-5
5.7294231374E-5
2.3149861954E-5
5.7503464632E-6
-1.6464735381E-6
3.6453478970E-6
1.4278106392E-5
2.5051238480E-5
1.1347350665E-5
1.1225533672E-5
1.7755664885E-5
2.0796456374E-5
4.5840488747E-5
7.3256075850E-5
9.5947354568E-5
1.0570789455E-4
6.7111093087E-5
4.1136983783E-6
-2.6662822346E-5
6.4092897812E-5
2.1474127425E-4
2.4308474967E-4
1.4344720403E-4
6.1165541411E-6
-9.4864505811E-5
-1.3920431957E-4
-1.2581782648E-4
-5.4071343039E-5
1.7438898794E-5
1.0502435034E-4
1.3388862135E-4
1.3214207720E-4
9.7955821549E-5
3.9200449827E-5
-9.3657523394E-6
-4.6299374662E-5
-6.1926781201E-5
-3.5383773501E-5
6.3318293541E-7
4.4193828944E-5
7.7301962304E-5
9.1631081889E-5
8.9992175346E-5
6.5428670498E-5
2.1915510296E-5
-5.7973433286E-6
-3.2661482691E-5
-3.9862969425E-5
-1.4653836843E-5
8.8467611932E-6
4.8619881272E-5
7.4032379782E-5
8.0425932540E-5
7.4783770836E-5
5.1563675516E-5
2.5213824119E-5
-7.4088340626E-6
-2.4967105127E-5
-1.9988440908E-5
-1.1652894318E-5
3.0427263117E-5
4.8949685879E-5
7.1159156508E-5
7.9101347368E-5
6.9249933588E-5
3.4888996742E-5
1.6436679289E-6
-1.0462629143E-5
-1.1304160580E-5
1.3829674572E-6
1.5622097999E-5
3.2052188179E-5
5.8530084789E-5
7.6811783949E-5
7.6534925032E-5
5.3897046019E-5
3.8011069409E-5
1.0739325080E-5
-6.2248320319E-6
-1.5009171329E-5
-9.3543902040E-6
1.5569303650E-5
3.9085838943E-5
5.8241188526E-5
7.2408525741E-5
7.6005491431E-5
5.9437891469E-5
3.2988830934E-5
4.3866224586E-6
-1.5486718621E-5
1.4841521624E-5
4.2322557419E-5
5.8229069691E-5
7.3020870334E-5
6.9329503459E-5
4.7861947678E-5
2.4750258308E-5
-2.4231732823E-6
-2.0492821931E-5
-2.6868481654E-5
7.6706171968E-6
1.8910970539E-5
5.6544668042E-5
7.1313651281E-5
6.8183476107E-5
5.4833618924E-5
2.8996018226E-5
-5.1866983996E-6
-1.7142167780E-5
-1.7601100262E-5
-2.3255113046E-5
9.2965201475E-6
3.6611652467E-5
7.0501782467E-5
8.8141916789E-5
7.0275913460E-5
4.1864835657E-5
1.2329546735E-6
-2.5068724062E-5
-5.2689050791E-5
-4.0830706712E-5
-1.4274008572E-5
2.3671961389E-5
7.1092916189E-5
8.8597624566E-5
8.7441795042E-5
4.4683483429E-5
2.1109415684E-5
-1.1209049262E-6
-1.3501883950E-5
-1.0631431360E-5
-5.6778546423E-6
1.4942290727E-5
4.5393756591E-5
6.2324746978E-5
7.3330639867E-5
7.8814243900E-5
5.7453231421E-5
2.6897515635E-5
-8.0961617642E-6
-2.9144110158E-5
-5.2050256636E-5
-1.1455651838E-5
2.6567815802E-5
7.5580563863E-5
1.0321931914E-4
1.1385773542E-4
9.8903605250E-5
6.0631148518E-5
-1.7036218196E-7
-4.6847481281E-5
-6.9994980007E-5
-6.2847323716E-5
-1.7828994896E-5
4.8041262198E-5
1.1643033940E-4
1.5740917297E-4
1.4436490601E-4
1.1133638909E-4
3.4565164241E-5
-4.2654306162E-5
-1.1305803200E-4
-1.2897592969E-4
-8.0902536867E-5
9.2532718552E-7
1.1344987434E-4
2.1229190752E-4
2.3129745386E-4
1.9700330449E-4
8.6650368760E-5
-4.2315013706E-5
-1.3910122216E-4
-1.7567345640E-4
-1.4483927516E-4
-5.4673908745E-5
1.1865471024E-4
1.7464456614E-4
1.0683819419E-4
-2.0305044018E-6
-1.6046466771E-5
-5.8606627864E-5
-5.7165464387E-5
4.4407579116E-5
2.1640487248E-4
2.9410627903E-4
2.2658390226E-4
5.2345846780E-5
-1.2198609766E-4
-2.2067335667E-4
-2.3088651942E-4
-1.4380916255E-4
-9.9341967143E-6
1.0477605974E-4
1.8462423468E-4
2.0491767209E-4
1.5820834087E-4
7.0364319254E-5
-2.6148394682E-6
-5.4777588231E-5
-9.2187861448E-5
-6.3737470192E-5
-3.1506968662E-5
2.8766191098E-5
7.0924474859E-5
9.0396031740E-5
8.9624687101E-5
8.1711157693E-5
5.9244665318E-5
4.9004575703E-5
9.3769980595E-6
-3.1294161453E-5
-4.1819771286E-5
-1.0391511023E-5
1.9863329362E-5
6.9217861166E-5
1.0820295429E-4
8.7934290061E-5
6.6576921383E-5
4.5952736400E-5
1.3993820176E-5
-1.7372530419E-5
-2.0474032499E-5
-1.9812840037E-5
7.4381357991E-6
4.4067390263E-5
7.6083606111E-5
7.6274503956E-5
7.4889743703E-5
4.7888001427E-5
1.6717216931E-5
-1.3201578986E-5
-1.0135106277E-5
-1.2923520990E-5
7.1648741142E-6
2.1077401470E-5
4.4457230251E-5
6.3830206637E-5
8.4549630994E-5
1.0139419465E-4
7.4592838066E-5
1.8934253603E-5
-3.4556875470E-5
-7.5587781614E-5
-7.5133796784E-5
-3.5040499642E-5
2.8198049403E-5
9.4952574003E-5
1.2016653782E-4
1.0233155918E-4
7.1217538791E-5
2.6534323114E-5
-5.7476572695E-7
-2.2222660482E-5
-1.3567786664E-5
-8.1334379501E-6
1.1132238433E-5
3.2577151432E-5
5.0384702627E-5
6.1251153239E-5
7.0098717699E-5
6.6296639853E-5
4.8394908663E-5
1.0387378279E-5
-1.3240496628E-5
-4.3185194954E-6
-8.5940584541E-6
1.9978370983E-5
3.3995567354E-5
5.0845509395E-5
5.4347538390E-5
6.1279162765E-5
5.7181657758E-5
5.0232082139E-5
-5.8029661886E-6
-4.6100234613E-5
-6.3535128722E-5
-2.9493111650E-5
3.7976750172E-5
9.1103266462E-5
1.2615136802E-4
1.2589711696E-4
9.2972011774E-5
2.2509926930E-5
-3.8800667971E-5
-8.1647816116E-5
-7.2323554198E-5
-3.4006510395E-5
2.1343794651E-5
8.1850111021E-5
1.3462873176E-4
1.4523352729E-4
1.0740677826E-4
4.2900897096E-5
-1.7715769354E-5
-4.0837528649E-5
-4.9936026335E-5
-2.9410573187E-5
-1.0927091352E-6
5.6396238506E-5
8.0746016467E-5
9.5903861804E-5
9.3321921306E-5
6.0077325907E-5
3.1927006784E-5
-1.7563567962E-5
-2.8760731219E-5
-3.2247917260E-5
-8.6996471509E-6
2.6554311625E-5
5.6477217004E-5
6.1653391458E-5
6.0597620905E-5
5.2608142141E-5
4.2525702156E-5
2.3377034813E-5
2.5491113774E-5
2.0059838425E-5
1.6894598957E-5
1.0833027773E-5
1.2163456995E-5
2.9523740523E-6
1.8013641238E-6
5.1714479923E-6
1.7904897686E-5
5.3956394550E-5
8.2375388595E-5
9.9858408796E-5
6.7739852240E-5
1.5465589240E-5
-3.6104151513E-5
3.6431965417E-5
1.9090065034E-4
2.2967969999E-4
1.7016709317E-4
6.1982776970E-5
-3.3037760294E-5
-8.6548959373E-5
-9.9870073611E-5
-6.9077394439E-5
-7.9968362116E-6
5.2410340868E-5
9.9546089771E-5
1.1753407307E-4
1.0294570821E-4
6.9176289254E-5
2.0324042998E-5
-1.3897009194E-5
-4.6436500270E-5
-3.6978500429E-5
-2.0967866294E-5
1.8387031741E-5
4.1830958798E-5
7.6258368792E-5
7.8254553958E-5
8.6368888153E-5
5.3278973792E-5
2.1702016238E-5
-1.0194210336E-5
-2.9805453959E-5
-2.6202073786E-5
-7.7636796050E-6
2.1458766423E-5
6.3040491660E-5
8.8950234934E-5
8.0826447814E-5
7.3366600556E-5
3.9747089613E-5
8.0371741206E-6
-1.8431583885E-5
-2.7072452939E-5
-1.2430083007E-5
1.5208474361E-5
3.9097410626E-5
6.3293136192E-5
6.8031507546E-5
6.9110852203E-5
5.0050020218E-5
2.8533930888E-5
1.4266197104E-5
-7.7699427493E-6
-1.0609254241E-5
-3.0760653317E-6
1.4751707204E-5
4.1033979505E-5
6.1262282544E-5
7.9370220195E-5
6.9616362454E-5
5.1766925026E-5
1.9121449441E-5
5.8186356910E-6
-1.2964534108E-5
2.9570865444E-5
4.3812743388E-5
6.4048974311E-5
6.8936229220E-5
6.0149224010E-5
3.7969509139E-5
1.7410237342E-5
-1.2438697740E-5
-1.7908052541E-5
-1.4272297267E-5
-5.3749536165E-6
2.8538820333E-5
5.2710366436E-5
6.7328196019E-5
6.4682809172E-5
5.9934973252E-5
3.6217307205E-5
-1.0412873235E-5
-2.2996764164E-5
-3.7101865746E-5
-1.3413548004E-5
8.1899808721E-6
4.5747542754E-5
7.6152046680E-5
8.0429029188E-5
6.2400195748E-5
5.5565137882E-5
1.3548252173E-5
-2.6694254484E-5
-4.0977739263E-5
-3.5827443935E-5
-1.1597748380E-5
2.0815024618E-5
7.3962111493E-5
9.2758319808E-5
1.1203885079E-4
7.9386285510E-5
1.8106377683E-5
-2.2265396546E-5
-4.7301547602E-5
-4.7073140741E-5
-1.4242308680E-5
1.8294109031E-5
4.8455176875E-5
6.7089835649E-5
7.1846286302E-5
6.9347408135E-5
4.6135613229E-5
2.0167487673E-5
1.0852236301E-6
-2.6201305445E-5
-3.4412369131E-5
-1.2002419680E-5
3.0743854585E-5
6.4654427116E-5
9.2722615230E-5
1.0756837437E-4
8.7968108711E-5
5.6168762967E-5
-3.6910991184E-6
-3.3798313233E-5
-5.4866028950E-5
-4.3868436478E-5
-1.4145963360E-5
4.8282521311E-5
1.0256916285E-4
1.4283651253E-4
1.3357227435E-4
1.0033376748E-4
2.8226082212E-5
-2.5727844332E-5
-8.6974957961E-5
-9.8986702508E-5
-6.2855996658E-5
-9.3068229036E-7
8.1876525660E-5
1.6856590519E-4
1.9766082987E-4
1.8588037929E-4
1.0000806069E-4
-1.5652901493E-5
-1.3124281540E-4
-1.9961436046E-4
-1.8994287821E-4
-7.4180681256E-5
6.2074000016E-5
2.0417907508E-4
2.8359296265E-4
2.6362395147E-4
9.1356667692E-5
-9.3754252887E-5
-9.4930396884E-5
3.3727660775E-5
1.3504510280E-4
2.1800474497E-4
2.2765983595E-4
7.9735054170E-5
-1.3913160655E-4
-2.9467287240E-4
-3.1505925580E-4
-2.0075616194E-4
-3.6700442433E-5
1.2856731191E-4
2.2386367200E-4
2.3783877259E-4
1.9595051417E-4
8.9736399244E-5
-6.5043685026E-6
-8.7949982847E-5
-1.2064384064E-4
-9.6785975623E-5
-4.9206800760E-5
3.4974142908E-5
8.7270350199E-5
1.1933115311E-4
1.2767703738E-4
9.7705773080E-5
5.6351674721E-5
7.7817006968E-6
-2.4754065088E-5
-3.7695781793E-5
-5.0036399626E-5
-2.0327244419E-5
2.1867197938E-5
7.3589629029E-5
9.9320337179E-5
9.2614220922E-5
7.8579375989E-5
4.8360670917E-5
2.0780111663E-5
-3.6023673602E-6
-3.8639956620E-5
-4.3292774353E-5
-1.2751121540E-5
3.9303069934E-5
8.1112154296E-5
1.0146243731E-4
7.9719361386E-5
4.0309410542E-5
1.4019059017E-5
-1.2371910270E-5
-2.5289529002E-5
-1.6889674589E-5
1.2407242320E-5
1.7537339590E-5
3.9048434701E-5
6.9922930562E-5
7.7803467868E-5
7.7066221276E-5
5.7589006610E-5
2.3565092123E-5
-3.2140547409E-5
-3.3528695350E-5
-4.2925530579E-5
-1.7985736485E-5
3.0818267259E-5
7.4459472674E-5
1.2115965364E-4
1.0938452324E-4
8.9672696780E-5
1.9001308828E-5
-1.3171194587E-5
-4.8326747492E-5
-4.3345359154E-5
-1.8798839301E-5
1.2656697072E-5
4.8816390336E-5
6.9529784379E-5
6.2046665699E-5
6.8015989383E-5
5.5967189837E-5
3.2553484197E-5
7.0619280450E-6
-1.4579924755E-5
-1.3597973157E-5
1.7657177523E-6
1.8228823319E-5
4.4537812937E-5
6.8153883332E-5
7.2126952001E-5
6.5247248860E-5
4.7592469491E-5
2.1629524417E-5
7.8860204668E-6
2.9993243518E-7
-2.5513465516E-6
-4.4647837058E-6
1.2597977184E-5
4.9778237008E-5
7.9182162884E-5
6.6218152644E-5
6.9932010957E-5
4.7542864922E-5
2.0763522479E-5
-2.4850748013E-5
-8.1315950958E-5
-7.3992600666E-5
5.2718096412E-6
9.4649556561E-5
1.6357226996E-4
1.5275739133E-4
1.2310299789E-4
6.4074853436E-5
-6.6519249231E-6
-3.9077596738E-5
-5.4971734063E-5
-6.9967540915E-5
-2.4960096925E-5
5.8260944207E-5
1.1086312588E-4
1.2928458164E-4
1.1568129994E-4
7.3451222854E-5
1.5453051310E-5
-1.2651470024E-5
-4.9649307039E-5
-3.7933082785E-5
-1.1473370250E-5
3.3384026028E-5
6.4083584586E-5
8.3057780287E-5
7.7279971449E-5
6.8439834287E-5
3.7524325307E-5
1.8152280245E-5
-6.9475616329E-6
-1.5739735681E-5
-1.5887082554E-6
1.7762195784E-5
2.9171060304E-5
4.5971293002E-5
4.1843741200E-5
4.7237600665E-5
4.1289895307E-5
3.5615509841E-5
2.0090595353E-5
2.7437531388E-5
2.1977070719E-5
1.5462725423E-5
2.2362847812E-5
1.7256930005E-5
1.9155442715E-6
4.7825393267E-6
1.5318999067E-5
4.0065462235E-5
6.3224683983E-5
9.2646200212E-5
7.8025285622E-5
1.9712606444E-5
-3.2479583750E-5
2.7608359232E-5
1.3838340528E-4
1.8717239145E-4
1.7013278557E-4
9.5363275616E-5
2.4331943131E-5
-4.0020921733E-5
-6.7873683294E-5
-6.7317415962E-5
-3.2942602410E-5
1.4381320216E-5
5.3644378204E-5
9.3332189137E-5
9.6601573753E-5
8.7137753146E-5
5.2070384845E-5
2.3258558940E-5
-5.5042328314E-6
-2.9332260600E-5
-3.2102898694E-5
-1.0130251758E-5
2.3198535200E-5
5.3054199089E-5
7.6232652648E-5
8.8624388448E-5
6.8067607937E-5
4.1971995960E-5
1.2218113989E-5
-2.8420251328E-5
-2.7363223488E-5
-2.5310961063E-5
1.1736759916E-5
4.2348378338E-5
6.9424451796E-5
9.1835984497E-5
8.7065179835E-5
4.8850046004E-5
2.2030842956E-5
2.8255162761E-6
-2.4467124604E-6
-8.4536615759E-6
-2.2739754058E-6
1.4742056374E-5
3.8929493166E-5
6.1341421680E-5
6.5416505096E-5
7.4190297166E-5
5.1129318308E-5
2.6475847698E-5
6.0639576992E-7
-1.2995651923E-5
2.2859906311E-5
5.4621754680E-5
6.0329807457E-5
6.8767869381E-5
5.7010003365E-5
3.9809208829E-5
2.0544219296E-5
-1.2204167433E-6
-2.0170595962E-5
-1.8788070883E-5
4.6438304707E-6
2.8224755078E-5
4.0371599607E-5
6.9728598466E-5
6.7629374100E-5
5.9427367524E-5
2.8713268693E-5
3.1460076572E-7
-1.6474071890E-5
-2.5923957582E-5
-1.8295366317E-5
8.8877510280E-6
4.0362600702E-5
6.1051314697E-5
7.8925408891E-5
6.5558077769E-5
4.4833566062E-5
1.2491119560E-5
-2.0261097233E-5
-3.5078870132E-5
-3.3701257780E-5
-1.5698373318E-5
2.8786365873E-5
5.6297238916E-5
9.2494895218E-5
8.9488294908E-5
8.2360114905E-5
3.5101512912E-5
-4.9185007811E-6
-4.7125003767E-5
-5.9203780257E-5
-4.0180911310E-5
1.8477090634E-6
6.9549481851E-5
9.7002787517E-5
1.1035441421E-4
8.5328356365E-5
3.5434716845E-5
2.2072135470E-5
-3.0734110624E-6
-2.7602061163E-5
-2.2212904878E-5
-6.8602967076E-6
4.4078589417E-5
7.0450257046E-5
8.7722088212E-5
1.0393992998E-4
8.3762069700E-5
4.5054266229E-5
9.8191900180E-6
-3.5986816510E-5
-4.3537921738E-5
-3.5886804107E-5
-5.0676637330E-6
5.2205810789E-5
9.1726414395E-5
1.2938887812E-4
1.3026812812E-4
9.6117076465E-5
3.7735304795E-5
-2.8994691092E-5
-6.9575605449E-5
-8.0446200448E-5
-5.5168441032E-5
1.2511236127E-5
7.9495680988E-5
1.4719307655E-4
1.8466979964E-4
1.6000511823E-4
9.3126203867E-5
-8.5870735348E-6
-9.9855172450E-5
-1.6964826500E-4
-1.7163632438E-4
-7.6780095698E-5
3.9665040094E-5
1.7242284957E-4
2.7782417601E-4
2.9107044683E-4
2.1276335465E-4
3.7867808714E-5
-1.6774017131E-4
-2.4421637645E-4
-9.0309127702E-5
1.3058934128E-4
2.3693108233E-4
1.3458534377E-4
-6.7666533870E-5
-2.6305938372E-4
-3.7493358832E-4
-2.8445532079E-4
-5.7122006547E-5
1.7075360520E-4
3.1107407994E-4
3.1534290173E-4
2.5739016710E-4
1.1650141096E-4
-1.6217445954E-5
-1.2717846548E-4
-1.3683242723E-4
-1.3476979220E-4
-6.1602459756E-5
3.4187047276E-5
1.1997942347E-4
1.2819785625E-4
1.5324619599E-4
1.0896343738E-4
3.8534356281E-5
-7.8677316197E-6
-5.5029033684E-5
-7.1004463827E-5
-5.4833432660E-5
9.0400339106E-6
4.4468906707E-5
8.7112339680E-5
9.8312250340E-5
9.9031324502E-5
6.6651694944E-5
4.1190418415E-5
2.0508235320E-5
7.7296164819E-6
-2.7146353386E-5
-5.0655263476E-5
-4.3203600217E-5
1.4874897897E-5
6.4527103678E-5
1.1688629165E-4
9.2166685502E-5
4.4636125676E-5
1.6808591317E-5
-1.5795545187E-5
-3.9594748523E-5
-1.4595000539E-5
8.4809260444E-6
3.4188723657E-5
4.2008073069E-5
7.0171128028E-5
8.1332726408E-5
7.3501293083E-5
5.5217312184E-5
4.6428758650E-7
-3.1865213531E-5
-3.8683647290E-5
-3.6249111872E-5
-9.0745394118E-6
3.4106674138E-5
7.0129917004E-5
8.9584803212E-5
1.0004256619E-4
7.2928122247E-5
3.0454993247E-5
-8.8178552688E-6
-3.3246632665E-5
-3.7319876719E-5
-2.6301236357E-5
1.5517452266E-5
6.1722984538E-5
8.8535237594E-5
9.4928184991E-5
7.5184344315E-5
5.3347216453E-5
2.2649415768E-5
-8.8558299466E-6
-2.0138884429E-5
-1.9330554641E-5
-5.0162081607E-6
2.6972591876E-5
6.0059339740E-5
7.6394132342E-5
8.8691536806E-5
6.6890777091E-5
4.4242769945E-5
1.6246072482E-5
-1.7615384422E-6
-2.2759195443E-8
8.4117287771E-6
5.6116492488E-6
2.9018707573E-5
4.4379127211E-5
7.7985343527E-5
2.4414062500E-5
6.5860489850E-5
4.4681481085E-5
1.5497836284E-5
-1.4404579997E-5
8.4316125139E-7
-7.6867640019E-6
1.2536696158E-5
3.2079790253E-5
8.7776198054E-5
1.1645685881E-4
1.1037150398E-4
6.4804102296E-5
4.3874955736E-6
-5.2095693536E-5
-6.6578388215E-5
-3.8717919960E-5
-4.8910500481E-6
4.7070579603E-5
8.6921965705E-5
1.1221281020E-4
9.3942647803E-5
8.3690846809E-5
5.3757149726E-5
-1.1041457765E-5
-7.5046997520E-5
-7.2683207693E-5
-2.7732248417E-5
2.9112305491E-5
7.9662853389E-5
1.0561662493E-4
1.0715614772E-4
8.9151598515E-5
4.7416239976E-5
1.0716414545E-5
-7.6748663558E-6
-2.0124786533E-5
-1.3632548507E-5
1.2799096294E-5
2.6116741355E-5
5.9092114680E-5
6.7385088188E-5
7.2492775510E-5
5.1769323181E-5
3.0280684586E-5
2.4414062500E-5
2.9860530048E-7
-5.5765267462E-7
6.0164369643E-6
1.9742501899E-5
3.9621861651E-5
3.5130174364E-5
4.3766514863E-5
5.3012836724E-5
3.9472780190E-5
2.4800933897E-5
2.4060602299E-5
2.2733421064E-5
1.7313123680E-5
2.0507734734E-5
1.4005508274E-5
7.8178709374E-6
8.7311607786E-6
1.1179537978E-5
2.5160110089E-5
4.7255598475E-5
8.4907806016E-5
7.5738783928E-5
-2.5789486245E-7
-6.1134749559E-5
-2.1579221356E-5
8.3176069895E-5
1.2568705715E-4
1.4670065138E-4
1.1716793524E-4
6.6286243966E-5
1.8726347480E-5
-3.8979027886E-5
-5.5515521673E-5
-4.7539232765E-5
-1.4920672402E-5
1.6980175860E-5
5.8912660462E-5
8.0793688541E-5
9.7532710063E-5
7.5835280589E-5
4.6747073066E-5
8.8829430753E-6
-1.7533951905E-5
-3.0599464661E-5
-2.9135099611E-5
-8.0217490905E-6
3.3160182646E-5
5.5923324544E-5
8.9779484554E-5
8.0829032234E-5
6.8369216752E-5
2.8721545822E-5
-1.6194419004E-6
-3.0352966859E-5
-2.6456336490E-5
5.5474461988E-6
2.4414062500E-5
1.8526869826E-5
7.3534762488E-5
7.5358373581E-5
6.6165928731E-5
4.6672730241E-5
2.6467733550E-5
8.5847219453E-6
-1.4020898379E-5
