<| "Configuration" -> <| "Acquisition device" -> "UHFLI",  "Start time" -> "10/27/2021 14:07:12",  "Finish time" -> "10/27/2021 15:56:51", "Comments" -> "" |>, "Dimensions" -> {<| "Name" -> "Frequency 1", "Start" -> 6.200000*^+9, "Stop" -> 6.800000*^+9, "Step size" -> 2.000000*^+6 |>, <| "Name" -> "DC Voltage 1", "Start" -> -6.600000*^+0, "Stop" -> -7.400000*^+0, "Step size" -> -5.000000*^-2 |>}, "DataInfo" -> <| "Measured Spots" -> 5.117000*^+3,  "Samples" -> 1,  "Segments" -> 1,  "dFactor" -> 1,  "Sampling Time" -> 7.111111*^-8|>|>
1.9110261928E-5
2.0875351038E-5
1.6942922957E-5
2.2188958246E-5
1.6553513706E-5
1.6042718198E-5
2.6336917653E-5
1.8752494361E-5
1.7413462046E-5
2.8843490872E-5
2.0868261344E-5
3.0588079243E-5
2.3966527078E-5
1.9643967970E-5
2.3025379050E-5
2.2707111202E-5
8.6390180515E-6
1.8848548643E-5
2.1141883917E-5
1.7807190306E-5
2.3137859534E-5
2.3176509421E-5
2.3288989905E-5
2.9137707315E-5
1.9959488418E-5
2.2246059961E-5
1.4840520453E-5
2.7277285698E-5
2.1663319785E-5
1.5306309797E-5
2.1407473832E-5
2.1943403407E-5
2.6336486916E-5
3.0853855422E-5
2.6765081565E-5
9.6854288132E-6
1.9035150762E-5
2.3649248760E-5
1.8902448937E-5
2.3020827210E-5
2.6957306544E-5
3.8458372000E-5
2.3649248760E-5
2.3332657292E-5
2.0525103900E-5
2.4888478219E-5
1.2995337602E-5
2.3169699124E-5
9.7408890725E-6
1.4816538896E-5
2.9061711393E-5
1.9682955462E-5
2.2001331672E-5
2.7557287830E-5
2.4139590095E-5
2.7234666049E-5
2.1475332323E-5
1.7678423319E-5
1.2048368808E-5
1.0857707821E-5
2.3571250494E-5
2.8295314405E-5
2.6504567358E-5
2.9784289654E-5
3.0146806966E-5
2.8976902830E-5
2.5349343195E-5
9.0405461379E-6
1.5313364565E-5
1.1223065667E-5
1.1559634004E-5
1.7106148880E-5
2.4022534489E-5
2.3072352632E-5
2.4952681269E-5
3.1760951969E-5
3.7151307333E-5
1.7272983678E-5
1.2459908612E-5
1.7928984016E-5
-3.9302976801E-7
1.4868366998E-5
1.2942042667E-5
2.8788310009E-5
3.4733931533E-5
2.9324530623E-5
3.5785441287E-5
2.8296362142E-5
1.8123001791E-5
1.4926062431E-5
1.6582198441E-5
1.5565205831E-5
2.1206797101E-6
1.2832751964E-5
3.0826299916E-5
4.1292549576E-5
3.8289639632E-5
2.7838221285E-5
2.2204441484E-5
9.0780667962E-6
1.8222955987E-6
-1.0111299343E-5
1.3068062253E-5
1.4781660866E-5
2.7917046099E-5
3.0800316016E-5
3.9259868208E-5
3.3832236658E-5
3.8065039552E-5
3.5162153653E-5
1.0770885274E-5
-8.5188890808E-6
-1.1715234723E-5
1.8368242308E-6
1.3004126959E-5
2.7922529261E-5
5.2808935288E-5
4.8590358346E-5
5.0229567569E-5
4.3530599214E-5
1.0693259537E-5
-1.1563871521E-5
-3.3107423223E-5
-2.4914531968E-5
1.1308642570E-5
5.4870161694E-5
7.1297527759E-5
7.9149461818E-5
6.2047934625E-5
1.8625834491E-5
-3.0720536596E-5
-5.3592387122E-5
-2.9166019521E-5
7.1984599345E-6
5.7814305183E-5
6.7358405796E-5
4.4912006706E-5
4.0095008444E-5
5.4835085757E-5
4.9410504289E-5
2.0264589693E-5
-9.6680829301E-6
-3.8584833966E-5
-6.9820322098E-5
-6.5679696855E-5
5.7732744609E-5
2.1691470174E-4
1.9006778020E-4
4.3889647349E-5
-1.4823091915E-4
-2.1008957410E-4
-6.3583906741E-5
3.0385842546E-5
9.0173562060E-5
1.0098383064E-4
8.1591564233E-5
5.7462905534E-5
2.0584138110E-5
-1.7903163098E-5
-2.8659903909E-5
-1.6574410256E-5
-3.5445205868E-6
9.3173934148E-6
3.9579893927E-5
5.5651052389E-5
5.2760250401E-5
3.9880338590E-5
3.5902729723E-5
1.1049804743E-5
1.0582851246E-6
-5.8422097937E-6
-7.9298741185E-6
1.6447657254E-5
2.0857981871E-5
3.5712064708E-5
4.0897668804E-5
4.4416508171E-5
3.3016037195E-5
2.3565674200E-5
1.8400291446E-5
2.2797146812E-6
-5.1683047787E-6
5.9850513935E-6
1.8272048328E-5
2.9638712293E-5
3.4778157714E-5
3.1002855393E-5
3.4306326414E-5
2.7895637322E-5
1.5274796169E-5
1.4774559531E-5
5.0820293837E-6
1.5818641987E-5
1.1718552560E-5
1.1217780411E-5
1.1134648230E-5
3.8472900632E-5
3.8744020274E-5
3.3079134299E-5
2.5092111900E-5
1.6029400285E-5
6.2434352004E-6
3.2380106859E-6
1.4596758411E-5
2.0494998898E-5
1.8981902394E-5
2.9841554350E-5
3.8134190253E-5
3.2111897597E-5
2.6754639110E-5
1.7857737839E-5
1.8144969363E-5
7.1742222645E-6
1.2989679817E-5
1.4382333029E-5
2.1006690803E-5
2.1546473726E-5
2.8838426805E-5
1.9848870579E-5
1.7516850494E-5
2.1288520656E-5
2.5547901167E-5
2.6821612845E-5
1.3562478125E-5
8.6628133432E-6
4.8924237490E-6
2.0683137700E-5
3.0297331977E-5
2.0843872334E-5
3.4967286046E-5
2.8151879086E-5
2.7248356491E-5
1.7733371351E-5
1.3209634926E-5
2.1503365132E-5
1.6396399587E-5
1.8695683684E-5
2.4330732412E-5
2.7907115872E-5
2.8741580899E-5
2.6111607439E-5
2.2205768618E-5
2.6087625883E-5
1.8036901019E-5
8.0099329353E-6
1.9643956329E-5
1.3625004794E-5
2.7508719358E-5
2.9705907217E-5
2.6270665693E-5
2.6758993044E-5
1.8498138524E-5
2.6444753165E-5
3.1053076963E-5
1.5802320559E-5
1.6873481218E-5
2.3334182333E-5
1.8311501480E-5
2.1198252216E-5
2.6184588204E-5
2.4319370277E-5
3.3207365776E-5
1.9693805370E-5
1.6107945703E-5
1.6299332492E-5
2.2416352294E-5
1.5866709873E-5
1.8185121007E-5
1.7340155318E-5
1.9676727243E-5
2.0649412181E-5
1.4638423454E-5
2.0501576364E-5
1.5116122086E-5
1.6875786241E-5
1.5096121933E-5
1.0994647164E-5
2.6376883033E-5
1.1858972721E-5
2.4099508300E-5
2.7942215091E-5
2.5823386385E-5
2.9359140898E-5
2.4232640862E-5
2.0419666543E-5
2.2751325741E-5
2.6602298021E-6
1.7323473003E-5
2.3491098545E-5
1.8226192333E-5
2.0106288138E-5
2.1891144569E-5
2.6041304226E-5
2.6036333292E-5
2.5484233628E-5
2.8847181237E-5
1.7605873290E-5
1.9672233611E-5
2.4054315872E-5
2.2643955890E-5
2.3399689234E-5
2.3401959333E-5
2.0910380407E-5
2.1058355923E-5
2.0944629796E-5
8.8521162980E-6
2.4069577919E-5
1.3429380488E-5
2.1834427025E-5
1.8198695033E-5
2.2136687766E-5
2.4969433433E-5
2.4469150230E-5
2.9174413066E-5
2.1873763762E-5
1.6294815578E-5
1.8295936752E-5
2.4679407943E-5
2.1653121803E-5
1.3416667935E-5
2.0246091298E-5
2.2928172256E-5
2.5579228531E-5
2.6565627194E-5
2.3473484907E-5
2.3464229889E-5
2.0569306798E-5
1.5067984350E-5
8.9154695161E-6
1.2529024389E-5
1.8512818496E-5
2.0856480114E-5
3.3557205460E-5
2.4271034635E-5
2.7461291756E-5
3.3328379504E-5
2.8300227131E-5
1.6642082483E-5
1.3322860468E-5
1.7380609643E-5
1.0720116552E-5
2.1764263510E-5
2.8586690314E-5
2.7374026831E-5
2.1974544506E-5
2.8744083828E-5
2.7058110572E-5
1.1600169819E-5
1.8289056606E-5
1.8573924899E-5
1.3504957315E-5
1.8734193873E-5
2.0690308883E-5
2.1016271785E-5
2.7022557333E-5
3.1909579411E-5
2.4659861810E-5
2.3877760395E-5
1.7005926929E-5
1.7920369282E-5
1.4168780763E-5
1.1698494200E-5
2.2863212507E-5
2.2326491307E-5
3.3379090018E-5
3.3261731732E-5
3.5421701613E-5
2.1529861260E-5
2.7824740391E-5
1.6483210493E-5
7.4972282165E-6
1.9559683278E-5
2.0284170750E-5
2.6627350598E-5
2.9350456315E-5
3.9702909998E-5
3.5308825317E-5
3.1597435008E-5
2.4621572811E-5
2.1957512944E-5
1.8372363411E-5
1.3849686366E-5
2.0804291125E-5
2.0067335572E-5
2.3110525216E-5
3.9601931348E-5
2.6390177663E-5
2.5980419013E-5
2.7804321142E-5
1.8559198361E-5
1.3196503278E-5
4.8409798182E-6
1.0090426076E-5
1.6566843260E-5
2.3127323947E-5
3.3680442720E-5
2.5915179866E-5
4.1398336179E-5
2.9795779846E-5
3.2476044725E-5
1.6919267364E-5
1.6675936058E-5
4.5182066969E-6
2.7161790058E-6
1.1302053463E-5
4.5358273201E-5
3.8652447983E-5
4.3710228056E-5
4.4127460569E-5
3.9108109194E-5
2.0281632896E-5
1.3132824097E-5
-9.7708543764E-7
-5.2362796851E-6
-6.8212510087E-6
1.2838386465E-5
3.1466805375E-5
4.8639345914E-5
5.1212683320E-5
4.9899553415E-5
2.4061941075E-5
-7.1956077590E-6
-7.2678551079E-6
-3.7608691491E-5
-1.6525166575E-5
1.8551957328E-5
5.3347181529E-5
7.4410776143E-5
6.6826480907E-5
5.8129301761E-5
2.3423566017E-5
-1.9537052139E-5
-4.1445868555E-5
-1.5449023340E-5
1.1621881276E-5
5.2237138152E-5
5.3389137611E-5
3.3218122552E-5
3.5220803692E-5
3.9632385596E-5
4.5498600229E-5
3.3685704692E-5
1.8757069483E-6
-2.2915343288E-5
-3.7525361403E-5
-3.3053243532E-5
-2.5785877369E-6
6.6844082905E-5
1.7473056214E-4
1.6667693853E-4
3.7107500248E-6
-1.5744360862E-4
-1.9347171765E-4
-7.1919860785E-5
1.2407844188E-4
1.5313473996E-4
1.2545711361E-4
6.7305169069E-5
2.3278035223E-5
-1.8757220823E-5
-2.7017446700E-5
-3.4658785443E-5
-8.1569654867E-6
6.3615618274E-6
4.2468972970E-5
4.9578468316E-5
4.8233661800E-5
4.0747260209E-5
2.9852334409E-5
1.8984242342E-5
5.4116826503E-7
5.0145084970E-6
2.1160813048E-7
1.2666522525E-5
1.9872956909E-5
3.2884988467E-5
4.5643444173E-5
3.6123592870E-5
3.3311638980E-5
2.4280184879E-5
9.0752379039E-6
5.6386459619E-6
-5.6158751249E-7
9.8175252788E-6
9.5009803773E-6
2.1245353855E-5
3.5991624463E-5
3.7642137613E-5
3.3171486575E-5
2.8652895706E-5
2.9130198526E-5
8.7143387646E-6
6.5428088421E-6
-4.8084300943E-6
1.3538054191E-5
3.2108288723E-5
3.7358503322E-5
4.5905879233E-5
3.0406366567E-5
3.5060686059E-5
2.7754099573E-5
1.9374734256E-5
1.1506525334E-5
4.6430272051E-6
1.2236938346E-5
1.7887854483E-5
2.3495953063E-5
3.3631769474E-5
3.8260710425E-5
2.3200048599E-5
2.7235015294E-5
2.9093038755E-5
1.8581643235E-5
1.5173165593E-5
2.6727316435E-5
1.1662463658E-5
1.3482791837E-5
2.0423077512E-5
3.2567826564E-5
3.9417494553E-5
2.3942883126E-5
2.5931384880E-5
1.3826147188E-5
9.1253314168E-6
1.4442962129E-5
7.3805684224E-6
2.2133265156E-5
1.9205384887E-5
2.2863305639E-5
3.1609798315E-5
2.9190315398E-5
3.4166674594E-5
1.6533711459E-5
1.2323574629E-5
7.9580466263E-6
1.7481320537E-5
8.3075952717E-6
1.7948145978E-5
2.6515871286E-5
3.3169495872E-5
3.1045312061E-5
3.2854569144E-5
2.1993392147E-5
2.0392565057E-5
1.6166188288E-5
7.8290817329E-6
1.7911719624E-5
2.3167417384E-5
1.8831656780E-5
2.3487629368E-5
3.0582025646E-5
2.6833254377E-5
2.1342525724E-5
1.4724011999E-5
1.6280577984E-5
2.0734837744E-5
9.2001049780E-6
1.9967823755E-5
2.0958634558E-5
1.3053754810E-5
3.1335733364E-5
2.4294876493E-5
2.5308737530E-5
3.3152347895E-5
1.6261392739E-5
6.3012470492E-6
7.6415133664E-6
1.8102431204E-5
2.3678829893E-5
2.6126031297E-5
2.7670036069E-5
1.9491557032E-5
3.1045731156E-5
1.8708466086E-5
2.3672054521E-5
2.6958307716E-5
1.6861245967E-5
9.9902274088E-6
4.6368688345E-6
2.9182527213E-5
2.8185802511E-5
1.6516458709E-5
2.1622597705E-5
1.8886884208E-5
2.8038525487E-5
1.5835871454E-5
1.9644026179E-5
1.2055132538E-5
1.6362045426E-5
1.3940059580E-5
2.0530004985E-5
1.4928204473E-5
2.3577339015E-5
2.2037536837E-5
1.7661915626E-5
1.2258428615E-5
2.2687006276E-5
1.9439507741E-5
1.8622085917E-5
2.0895432680E-5
2.3095519281E-5
2.0992115605E-5
2.3517699446E-5
1.5112466645E-5
1.3860082254E-5
2.1343177650E-5
1.7691776156E-5
2.1632818970E-5
2.9098673257E-5
1.4595594257E-5
1.7718540038E-5
2.5293312500E-5
2.6209128554E-5
2.7676206081E-5
3.2644392921E-5
1.1360936333E-5
2.1275796461E-5
2.7829559985E-5
1.1465011630E-5
1.8529687077E-5
2.3627374321E-5
2.1021498833E-5
1.8000486307E-5
2.8959242626E-5
2.1731667220E-5
2.8531125280E-5
2.3623451124E-5
8.3619379439E-6
1.8388614990E-5
2.0935398061E-5
1.4424254186E-5
2.4574913550E-5
2.2942828945E-5
2.3763603530E-5
2.3719388991E-5
2.6942626572E-5
2.3703870829E-5
2.2737681865E-5
1.2282945681E-5
1.4526525047E-5
1.3300869614E-5
1.5017960686E-5
2.1017470862E-5
2.3246603086E-5
2.4414062500E-5
2.2418738808E-5
2.2134103346E-5
1.7358176410E-5
2.7922203298E-5
2.2741977590E-5
1.5546148643E-5
2.1079799626E-5
2.0197872072E-5
2.4680804927E-5
2.8881838079E-5
2.7409312315E-5
2.3771822452E-5
2.6174413505E-5
2.5531498249E-5
1.0861339979E-5
1.5493005048E-5
1.4967692550E-5
2.3451854940E-5
1.7636641860E-5
2.5103834923E-5
3.4105312078E-5
2.5884411297E-5
3.1651603057E-5
1.6682117712E-5
1.1986983009E-5
1.2460048311E-5
1.5766581055E-5
5.8267032728E-6
1.4068733435E-5
1.8825475126E-5
2.5948602705E-5
2.5901047047E-5
2.9589782934E-5
2.4674506858E-5
3.2555498182E-5
1.1656538118E-5
1.3380730525E-5
1.9784143660E-5
1.2586172670E-5
2.0173855591E-5
2.4060893338E-5
2.9551540500E-5
2.4849618785E-5
3.9767671842E-5
2.6625907048E-5
2.2054603323E-5
5.7015917264E-6
1.2556964066E-5
-6.0448190196E-6
7.0713344031E-6
2.0019791555E-5
2.7206202503E-5
3.1524267978E-5
4.1424506344E-5
3.2921938691E-5
2.2558204364E-5
1.3659719843E-5
1.3991375453E-6
1.2792064809E-5
7.7483011410E-6
1.3036176097E-5
2.4767231661E-5
2.8814468532E-5
3.8377975579E-5
4.5006582513E-5
2.7482921722E-5
1.9959092605E-5
4.0123355575E-6
-5.4451054894E-6
6.6624488679E-7
-3.9564794861E-6
1.1821463704E-5
4.2276433669E-5
3.8708606734E-5
6.0063553974E-5
5.2378326655E-5
3.0760432127E-5
1.5728443395E-5
-1.8866232131E-5
-2.1478068083E-5
-1.3539358042E-5
3.0867557506E-5
5.8286823332E-5
6.1329256278E-5
6.6222425086E-5
4.4486694969E-5
2.2798567078E-5
-7.3766452260E-6
-4.4006388635E-5
-3.1260098330E-5
2.0359561313E-5
5.0921458751E-5
6.1153748539E-5
3.6107294726E-5
2.8509378898E-5
3.1035044230E-5
1.9399239681E-5
2.1144025958E-5
1.6718893312E-5
-1.3815669808E-5
-1.4948192984E-5
-2.1910364739E-5
-8.4331259114E-8
2.8881407342E-5
6.7347276491E-5
1.1077189120E-4
1.1187519413E-4
4.6594627201E-5
-1.2083967449E-4
-1.6595092602E-4
-3.8680795114E-5
1.1895312928E-4
2.4133668048E-4
1.4777536271E-4
3.0717777553E-5
-2.0598887931E-5
-5.2124890499E-5
-4.8569904175E-5
-2.5012320838E-5
1.8542434554E-5
4.9637502525E-5
5.6574598420E-5
6.1851926148E-5
6.3051038888E-5
3.2937747891E-5
1.1688191444E-5
-7.5935386123E-7
-1.1794036254E-6
-1.0381895117E-5
7.5689749793E-6
2.2485165391E-5
3.9748684503E-5
4.2930431663E-5
5.0518312491E-5
4.4549093581E-5
2.9184226877E-5
1.4101772104E-5
5.5110431277E-6
5.2724848502E-6
8.0899801106E-6
8.9610810392E-6
3.9174489211E-5
3.4399412106E-5
3.8764090276E-5
3.4429831429E-5
2.6171549688E-5
1.9293848891E-5
6.6387583503E-6
-4.0583894588E-6
-2.7385307476E-6
9.2995585875E-6
1.9841617904E-5
3.6291952710E-5
4.2514770757E-5
3.7696806248E-5
3.8701109588E-5
1.7607409972E-5
2.1643959916E-5
-9.6398871391E-7
1.0638847016E-5
1.2017739937E-5
1.2627057731E-5
2.7469242922E-5
3.1304860021E-5
3.1143927480E-5
3.9001542609E-5
2.7654157019E-5
1.5673029702E-5
9.6220872366E-6
9.4538088889E-6
1.5255028848E-5
1.5725835692E-5
1.8596684094E-5
2.9833614826E-5
2.6431679725E-5
2.3828423581E-5
2.8506875969E-5
1.7705315258E-5
1.9264291040E-5
1.6598915681E-5
1.9859999883E-5
1.3645936269E-5
1.9872933626E-5
2.2840243764E-5
3.2600632402E-5
2.5472010019E-5
2.4019496049E-5
2.1470990032E-5
3.6125816404E-5
1.2944324408E-5
1.9341206643E-5
1.0391487740E-5
1.4034775086E-5
2.0397373009E-5
2.5140459183E-5
3.2787246163E-5
3.2404356169E-5
2.7020485140E-5
2.5653408374E-5
1.3600615785E-5
1.3838941231E-5
1.4779588673E-5
1.1358491611E-5
1.9625632558E-5
1.4546711464E-5
2.8925144578E-5
2.8081214986E-5
2.7506321202E-5
2.4909700732E-5
2.2246246226E-5
1.4242203906E-5
1.2305111159E-5
2.6617990806E-5
1.0493851732E-5
1.7816491891E-5
2.6332854758E-5
2.0449829753E-5
2.3270212113E-5
1.9666890148E-5
2.8378493152E-5
1.6086699907E-5
1.3190496247E-5
2.3407104890E-5
9.9673168734E-6
2.2432825062E-5
2.2197782527E-5
2.9406521934E-5
2.9167812316E-5
3.7184706888E-5
2.3588724434E-5
1.7311645206E-5
2.4766346905E-5
2.0613207016E-5
1.7177336849E-5
2.0072062034E-5
1.6629940364E-5
1.9121717196E-5
2.8983526862E-5
3.1005090567E-5
3.1853513791E-5
1.8714915495E-5
1.8026563339E-5
1.8761551473E-5
1.7352902796E-5
1.6306422185E-5
1.9184441771E-5
2.7448136824E-5
2.1447287872E-5
2.2175733465E-5
1.7934851348E-5
2.7043861336E-5
2.4493609089E-5
1.7884792760E-5
2.4518475401E-5
3.0848779714E-5
1.4157639816E-5
2.7515040710E-5
2.1693366579E-5
1.4884897973E-5
5.4818810896E-5
3.8210244383E-5
-5.5638863706E-5
2.8141180518E-5
4.6426604967E-5
3.6742677911E-5
4.3431459926E-5
1.7005554400E-5
8.8964239695E-6
2.0002806559E-5
1.7928250599E-5
2.2198783699E-5
2.5565258692E-5
1.5377893578E-5
1.5043851454E-5
2.4492724332E-5
2.8536748140E-5
1.1295394506E-5
1.7503567505E-5
1.8295727204E-5
2.3172271903E-5
2.0817515906E-5
2.4487345945E-5
1.8593820277E-5
1.6082276124E-5
1.9101705402E-5
2.1632493007E-5
2.4639582261E-5
1.9491952843E-5
2.5465677026E-5
2.5170284788E-5
2.9604590963E-5
1.4326267410E-5
2.1590932737E-5
2.4953205138E-5
1.9092170987E-5
1.2361002155E-5
1.5248614363E-5
1.7530051991E-5
1.7203914467E-5
2.3232854436E-5
2.7116248383E-5
2.6079046074E-5
2.7684355154E-5
1.3289996423E-5
1.2813904323E-5
1.4002958779E-5
1.6608927399E-5
1.1724897195E-5
2.2300623823E-5
2.0179781131E-5
3.0774879268E-5
2.7823599520E-5
3.6036968231E-5
2.4183001369E-5
2.7253339066E-5
2.2255547810E-5
1.8255494069E-5
1.5542597976E-5
2.0692718681E-5
1.7801066860E-5
2.9303459450E-5
3.9362243842E-5
3.2628327608E-5
2.1472573280E-5
1.9921758212E-5
2.1667499095E-5
2.3657549172E-5
2.0092586055E-5
1.2164178770E-5
1.8913566600E-5
2.0713033154E-5
3.7100818008E-5
2.8888380620E-5
2.3918598890E-5
2.3064273409E-5
3.0573399271E-5
1.8747942522E-5
1.6107514966E-5
6.8589579314E-6
1.8491619266E-5
2.2958056069E-5
1.5201419592E-5
4.0523509960E-5
2.5571894366E-5
3.6261940840E-5
2.7527450583E-5
2.0991859491E-5
1.4941697009E-5
5.0278147682E-6
7.3553412222E-6
1.6186223365E-5
1.6127014533E-5
2.8794468380E-5
3.8666173349E-5
3.6085781175E-5
3.1115103047E-5
2.1561305038E-5
1.4363357332E-5
1.3681279961E-5
3.3949734643E-6
3.3343443647E-6
2.4315656628E-5
3.4026161301E-5
2.7939397841E-5
3.9591907989E-5
4.2265548836E-5
3.7397979758E-5
2.7375062927E-5
1.7135019880E-5
4.1279592552E-6
-1.3027107343E-6
1.3777730055E-5
1.3070774730E-5
3.3349031582E-5
4.2593828402E-5
5.5156275630E-5
4.0938099846E-5
3.4208805300E-5
6.9402740338E-6
-2.0335672888E-5
-4.7046667896E-5
-2.9543368145E-5
4.8372196034E-5
1.0201543337E-4
1.1851328891E-4
7.1779731663E-5
2.4120416492E-5
1.1238339357E-5
-1.2873788364E-5
-3.6066037137E-5
-1.6929954290E-5
2.8220261447E-5
3.7376093678E-5
7.0145784413E-5
3.6101415753E-5
3.4583511296E-5
2.3160804994E-5
2.2540579084E-5
2.3241213057E-5
1.8360640388E-5
2.2807507776E-6
-4.4883927333E-7
-6.6461507231E-8
1.0385282803E-5
2.2361415904E-5
5.0215842202E-5
6.9456943313E-5
8.0150621945E-5
6.4151349944E-5
8.1736012362E-6
-6.4150348772E-5
-9.0388837272E-5
-7.2095810903E-5
7.2663626635E-5
2.0022818353E-4
1.7341688508E-4
4.8232043628E-5
-1.2720795348E-4
-1.2619802728E-4
-5.5668165443E-5
2.8860173188E-6
5.3589860909E-5
8.1589759796E-5
7.9817906956E-5
6.4423610457E-5
3.8285902701E-5
1.1319876649E-5
-1.1651823297E-5
-1.2184062507E-5
-1.1490099132E-5
4.4640852139E-6
2.1993124391E-5
3.4039292949E-5
4.2151997331E-5
5.2949832753E-5
4.2252684943E-5
2.2711406927E-5
3.0362047255E-6
2.5800778530E-6
6.0535152443E-6
1.3730546925E-5
1.7577782273E-5
2.2161623928E-5
4.2726693209E-5
3.9126025512E-5
3.3280346542E-5
3.8265576585E-5
3.0575518030E-5
6.1884638854E-6
3.2013515011E-6
6.5122731031E-6
1.6079877969E-5
1.9661942497E-5
2.7027446776E-5
4.1047902777E-5
3.3529009669E-5
3.1719857360E-5
2.5872385593E-5
1.6833096743E-5
5.2839517594E-6
3.2520270906E-6
1.2632878497E-5
1.0918895714E-5
1.7917808145E-5
3.5436230246E-5
3.0513270757E-5
3.6000669933E-5
2.4811830371E-5
1.9632023759E-5
3.2970099710E-6
1.9842782058E-5
8.4570609034E-6
1.1031562463E-5
2.2218597587E-5
2.9085378627E-5
3.4790998324E-5
3.8791797123E-5
2.4382246192E-5
2.5661499239E-5
1.0343396571E-5
1.3079564087E-5
7.6656811871E-6
1.3679289259E-5
2.1533388644E-5
2.5607936549E-5
2.5371531955E-5
2.8046197257E-5
2.8803583699E-5
2.8400076552E-5
2.0018115174E-5
1.6022101045E-5
1.3371242676E-5
2.5733083020E-5
9.1684749352E-6
1.9007152878E-5
3.1094148288E-5
2.6197289116E-5
2.7959048747E-5
2.4829094763E-5
1.9002810586E-5
1.5941483434E-5
2.4365459102E-5
1.2935115956E-5
2.7094583492E-5
1.1224183254E-6
1.6227003652E-5
2.2072624415E-5
2.4044350721E-5
2.4253851733E-5
2.3046263959E-5
2.2601953241E-5
1.5157531016E-5
1.2483715545E-5
1.5597790480E-5
1.8462294247E-5
1.8939806614E-5
2.2635364438E-5
2.5746482424E-5
2.2256351076E-5
2.3263075854E-5
1.8183980137E-5
2.5086698587E-5
2.2115814498E-5
1.5951390378E-5
1.8083758186E-5
1.3450556435E-5
2.3558177053E-5
1.9315525423E-5
2.6229221839E-5
2.4399638641E-5
2.4854217189E-5
2.3648457135E-5
1.3299868442E-5
2.5835260748E-5
2.2119248751E-5
2.4319021031E-5
2.4950504303E-5
1.4463579282E-5
1.9161379896E-5
2.4452654178E-5
2.4169613607E-5
2.5116733740E-5
2.0533113274E-5
1.7001701053E-5
2.3889460135E-5
1.7479830421E-5
2.0017893985E-5
2.1510175429E-5
2.3335823788E-5
2.6132713537E-5
2.8262136038E-5
2.6180117856E-5
1.5800108667E-5
2.1785427815E-5
1.8437951803E-5
1.5407847241E-5
2.8819113503E-5
1.9059760961E-5
1.9145151600E-5
3.4019025042E-5
2.0985864102E-5
2.6628072372E-5
1.8925336189E-5
6.4653460869E-6
8.0264755526E-6
1.2210186105E-5
8.9345965535E-6
1.7118616961E-5
1.7964013386E-5
3.0066142789E-5
3.5528873559E-5
3.6869815084E-5
1.8550409004E-5
1.1044205166E-5
-9.0226531029E-6
-4.0677771903E-5
-3.9766239933E-5
9.8565570081E-5
4.4408545363E-5
3.3445889130E-6
-1.9219703972E-6
7.7145523393E-6
6.3358107582E-6
2.3457640781E-5
3.2087904400E-5
1.6563513782E-5
1.9178632647E-5
2.0028126891E-5
1.4955841470E-5
1.5743775293E-5
1.6173091717E-5
1.7078465316E-5
3.4431170206E-5
2.5235197972E-5
1.9200623501E-5
2.3658445570E-5
1.7696758732E-5
2.2039643954E-5
2.2201240062E-5
1.9860896281E-5
2.2766983602E-5
1.7410970759E-5
2.3286719805E-5
1.7258326989E-5
2.3167370818E-5
1.5852740034E-5
2.1886988543E-5
1.4088000171E-5
2.4095736443E-5
1.6527634579E-5
2.3417500778E-5
2.2872397676E-5
3.0579080339E-5
3.0390953179E-5
2.0082283299E-5
2.1270173601E-5
1.8791772891E-5
2.9752042609E-5
1.3460149057E-5
1.9837950822E-5
3.0084908939E-5
2.9679352882E-5
2.4704786482E-5
1.5171954874E-5
3.1819799914E-5
2.6004272513E-5
2.1420430857E-5
9.8671298474E-6
1.0068668053E-5
1.6509706620E-5
1.9300298299E-5
3.0570710077E-5
2.9888516291E-5
2.5953410658E-5
3.2991042826E-5
2.3087696172E-5
2.2315362002E-5
1.6181322280E-5
5.2932882682E-6
1.2554239947E-5
1.9697751850E-5
2.1433061920E-5
2.4425017181E-5
2.8107338584E-5
3.3274432643E-5
2.1276320330E-5
2.5634851772E-5
1.2467347551E-5
-2.6698689907E-7
1.2351933401E-5
1.0655692313E-5
1.9387912471E-5
1.1781533249E-5
3.4139677881E-5
2.4963007308E-5
3.2384390942E-5
3.6213034763E-5
1.6081554349E-5
2.6711646933E-5
1.8102349713E-6
9.0210814961E-6
8.3796679974E-6
1.3958371710E-5
2.4295703042E-5
3.4786632750E-5
3.3161090686E-5
3.7643115501E-5
3.5363435744E-5
2.0528060849E-5
1.0003731586E-5
2.9619550333E-6
4.3237814680E-6
3.4505035728E-6
1.4724547509E-5
2.9168219770E-5
4.1274097747E-5
5.2833452356E-5
4.6082260087E-5
3.7851149681E-5
9.8758609967E-6
-2.0648189820E-5
-2.3973686620E-5
-3.7524965592E-6
3.3482443541E-5
3.8608175236E-5
5.4054730572E-5
4.1584810242E-5
4.1100208181E-5
2.9853184241E-5
-5.4768752307E-6
-2.5916297454E-5
-2.6055693160E-5
1.1652731337E-5
5.5637687912E-5
7.7996461188E-5
6.7449931522E-5
2.5674828793E-5
-4.0914525743E-5
-3.4373323433E-5
-1.0306097101E-5
8.6951302366E-6
2.9389583505E-5
2.3396371398E-5
1.6788055655E-5
1.8923473544E-5
2.2117805201E-5
3.8674450479E-5
4.5383314136E-5
5.0262245350E-5
4.5347120613E-5
2.2270344197E-5
-1.5952170361E-5
-5.0904776436E-5
-4.1502306703E-5
-1.1897576041E-5
3.9009610191E-5
1.0763481259E-4
1.3585354900E-4
1.0018517496E-4
-5.2388815675E-5
-1.4416285558E-4
-1.0713330703E-4
2.6317802257E-5
1.2548356317E-4
1.2268767459E-4
8.4097438959E-5
4.1454669554E-5
6.0751335693E-7
-1.8399511464E-5
-3.4818449057E-5
-2.0153133664E-5
-4.8518413677E-7
4.9663707614E-6
4.4944742694E-5
5.1157956477E-5
5.2596046589E-5
5.1814492327E-5
1.7981231212E-5
9.1242487543E-6
1.1104473379E-5
-1.1028395966E-5
2.6912894100E-7
1.2391211931E-5
3.3200171310E-5
3.8164400029E-5
4.2212754488E-5
3.2702961470E-5
3.0554295517E-5
1.4732533600E-5
3.0031427741E-6
4.2538158596E-6
2.4414062500E-5
4.7523179092E-6
1.9696564413E-5
3.0339311342E-5
3.5124493297E-5
4.0076696313E-5
3.6239880136E-5
3.4248514566E-5
1.3098586351E-5
1.4898332301E-5
8.0955214799E-6
1.0162766557E-5
1.3065279927E-5
1.9467179663E-5
3.0196225270E-5
4.3074949644E-5
3.4584943204E-5
2.6757677551E-5
1.1579133570E-5
1.0810839012E-5
2.1482119337E-6
1.1403602548E-5
7.5357733295E-6
1.3567309361E-5
2.3556279483E-5
3.2555370125E-5
4.1794497519E-5
2.9251957311E-5
1.7151213251E-5
1.3369554654E-5
4.0828599595E-6
1.2720690575E-5
1.1909496971E-5
1.8219603225E-5
2.0063144620E-5
2.4414062500E-5
2.7347519062E-5
2.4146516807E-5
3.2606138847E-5
2.0139513071E-5
1.1247687508E-5
5.0221919082E-6
1.2504018378E-5
2.0570971537E-5
1.6268412582E-5
2.8372660745E-5
2.8724176808E-5
3.3087667542E-5
3.3163547049E-5
1.3954588212E-5
2.0397861954E-5
1.1432066094E-5
1.3291218784E-5
1.1363066733E-5
2.2152625024E-5
2.0087510347E-5
3.5071896854E-5
2.1749106235E-5
2.5572220328E-5
2.0939763635E-5
1.5313760377E-5
2.0431051962E-5
1.8035329413E-5
1.5004037414E-5
2.0880810916E-5
2.0539795514E-5
1.2345111463E-5
1.7419166397E-5
1.4121551067E-5
1.7765187658E-5
1.7100689001E-5
4.0331773925E-5
1.2656894978E-5
2.4423713329E-5
2.1202687639E-5
2.6078242808E-5
2.5660090613E-5
2.3050210438E-5
3.3833528868E-5
1.8315645866E-5
3.4209957811E-5
1.9892910495E-5
1.8164829816E-5
2.0110968034E-5
1.7117580865E-5
1.8092023674E-5
1.6494549345E-5
2.3971998598E-5
2.7406832668E-5
2.6326219085E-5
2.2042158525E-5
2.4749396834E-5
2.6180152781E-5
1.9556353800E-5
1.7687526997E-5
1.9819976296E-5
2.2226106375E-5
1.8910889048E-5
2.6502739637E-5
2.0590319764E-5
2.6825547683E-5
1.9137293566E-5
2.4703715461E-5
1.8391117919E-5
1.4059117530E-5
3.2523064873E-5
1.6635342035E-5
2.3664953187E-5
1.7615163233E-5
2.7005956507E-5
2.2619043011E-5
3.3006165176E-5
9.8924734631E-6
1.6064697411E-5
2.2423104382E-5
8.8582048193E-6
2.1278730128E-5
1.6005744692E-5
2.4414062500E-5
2.5097688194E-5
2.7200661133E-5
3.0682457144E-5
2.4492444936E-5
1.8577044829E-5
1.2721656822E-5
7.0160836913E-6
3.4497003071E-6
1.8043443560E-5
2.9737257864E-5
2.3295124992E-5
3.6423176061E-5
3.7593732122E-5
2.8290797490E-5
1.8232420552E-5
7.3730829173E-6
-5.8556324802E-6
-1.4346092939E-6
-6.8693538196E-6
1.1599378195E-5
9.0597500096E-5
1.2046291959E-4
-5.2679807416E-5
-2.4920771830E-5
-2.0082807169E-7
1.9688974134E-5
2.5491858832E-5
3.5860913340E-5
1.8661853391E-5
3.1039793975E-5
2.7128134388E-5
2.2363092284E-5
1.7032108735E-5
1.8581596669E-5
2.0727340597E-5
2.2147304844E-5
1.9691011403E-5
9.5676514321E-6
2.1354691125E-5
3.1657598446E-5
1.9661791157E-5
1.8334574997E-5
1.9130029250E-5
2.2354465909E-5
3.1335034873E-5
1.7066369764E-5
2.1706521511E-5
2.3981172126E-5
3.2944278791E-5
2.3790437262E-5
1.7151911743E-5
2.2657320369E-5
2.6114052161E-5
1.7715280410E-5
2.4149741511E-5
2.3549550678E-5
2.4247879627E-5
2.2618414368E-5
2.2166932467E-5
1.4373473823E-5
1.3021798804E-5
1.9691465422E-5
2.4667766410E-5
3.0815263744E-5
3.1954620498E-5
2.2744038142E-5
3.0286598484E-5
1.8519000150E-5
2.2391299717E-5
2.5385839398E-5
1.0930304416E-5
2.0288245286E-5
3.3572374377E-5
2.0173960365E-5
2.6043457910E-5
2.9143947176E-5
3.3721979707E-5
2.5374465622E-5
1.4812499285E-5
1.5452713705E-5
2.3523636627E-5
1.1683267076E-5
1.8907804042E-5
2.2455083672E-5
2.5191833264E-5
2.9431737493E-5
3.6692852154E-5
3.2071745954E-5
2.0560098346E-5
1.5587802045E-5
1.0165455751E-5
1.8652761355E-5
1.4308991376E-5
5.9384270572E-6
2.2337713744E-5
2.1321023814E-5
4.1012291330E-5
1.9032007549E-5
2.8904713690E-5
2.5366886984E-5
1.3982702512E-5
8.6447107606E-6
5.2399118432E-6
1.8399208784E-6
3.1134183518E-5
3.7685874849E-5
3.8522074464E-5
4.3473963160E-5
4.3445697520E-5
2.7415470685E-5
-3.7384685129E-6
-2.1119927987E-5
-2.4310010485E-5
7.0560839959E-6
3.4679786767E-5
5.1064800937E-5
4.4746464118E-5
3.5591016057E-5
3.3703225199E-5
2.9054726473E-5
7.6639000327E-6
-1.5219568741E-5
-2.6855652686E-5
5.4896809161E-6
4.3312180787E-5
4.8527261242E-5
4.5550137292E-5
2.5400216691E-5
1.2837711256E-5
2.1179451141E-5
1.6274640802E-5
5.8028264903E-6
9.2604663224E-6
8.3766411990E-6
2.8159748762E-5
3.3339019864E-5
2.4378439411E-5
3.5155448131E-5
2.6054773479E-5
2.4485494941E-5
1.1023064144E-5
1.3411638793E-5
4.7084409744E-6
7.8037497588E-6
9.1433175841E-6
9.9354307168E-6
2.6039406656E-5
6.2032893767E-5
7.1128550919E-5
6.2950619031E-5
4.6956166625E-5
1.3925868552E-5
-3.2624765299E-5
-7.4514187875E-5
-7.4013043197E-5
4.7196180094E-5
1.4951565536E-4
1.6770621296E-4
2.7579197194E-5
-5.3439126350E-5
-6.0256628786E-5
-4.4750899542E-5
-9.0477871708E-6
2.2177584469E-5
4.6387664042E-5
6.9937470836E-5
6.4281106462E-5
5.0687056500E-5
2.8059026225E-5
1.1819845531E-5
-3.8139871322E-6
-5.5212061852E-6
-1.2409314513E-5
1.2880912982E-5
2.5851908139E-5
3.8803042843E-5
4.7013338189E-5
4.0409620851E-5
2.9012653976E-5
1.3012578711E-5
6.8906345405E-6
-3.9743492380E-6
-4.4823391363E-7
6.4390478656E-6
2.1591363474E-5
2.2270355839E-5
3.5654765087E-5
2.5991443544E-5
4.1322899051E-5
2.9633881058E-5
1.8216809257E-5
1.4653615654E-5
-7.3588453233E-7
1.2972834520E-5
1.9491475541E-5
2.5206489953E-5
3.2595940865E-5
3.8310629315E-5
3.8175738882E-5
2.9913813341E-5
1.8573610578E-5
1.6871548723E-5
8.2808546723E-7
4.6673463658E-6
1.8323492258E-5
1.2501946185E-5
2.7937430422E-5
2.6019720826E-5
3.9830268360E-5
3.7167081608E-5
1.7020374071E-5
2.3875362239E-5
1.2662645895E-5
7.1619055235E-6
7.5050746092E-6
1.0117539205E-5
2.9678095597E-5
2.5506317615E-5
3.3260066993E-5
2.8216314967E-5
2.2959569469E-5
1.5914218966E-5
1.6041344497E-5
2.0196591504E-5
1.2076366693E-5
9.0245390312E-6
2.5866215582E-5
2.1538708824E-5
2.7191545813E-5
3.4062354825E-5
3.3580511808E-5
2.4376506916E-5
1.1186127085E-5
1.3150158338E-5
1.2186181266E-5
2.1700689103E-5
2.2327911574E-5
2.9804673977E-5
2.8501206542E-5
2.6757735758E-5
3.0103058088E-5
1.8513971008E-5
2.4904776364E-5
2.1432945504E-5
1.1580530554E-5
1.2758874800E-5
2.0678492728E-5
1.7405231483E-5
2.9757816809E-5
3.1604035757E-5
2.7006911113E-5
2.5698216631E-5
1.9906042143E-5
1.7445336561E-5
1.7603090964E-5
2.4414062500E-5
1.7351272982E-5
2.8608040883E-5
2.7478765695E-5
3.2960099633E-5
2.9368081595E-5
2.4533027317E-5
1.6785855405E-5
1.5228393022E-5
2.0666210912E-5
4.6010722872E-5
1.4712125994E-5
1.8966197967E-5
2.1704717073E-5
1.7568655312E-5
2.4591071996E-5
1.8752284813E-5
1.6454025172E-5
1.8596462905E-5
1.4740671031E-5
2.0102900453E-5
1.5253771562E-5
2.6687665376E-5
2.2033264394E-5
2.4197739548E-5
2.0738213788E-5
2.5300355628E-5
2.1478126291E-5
3.0764739494E-5
2.6255415286E-5
2.3216172121E-5
1.6026641242E-5
1.4832429588E-5
2.1983531769E-5
1.3323279563E-5
2.2448715753E-5
3.5194214433E-5
2.5573372840E-5
3.0538602731E-5
2.6463402900E-5
9.7941840068E-6
1.2094806880E-5
2.5022192857E-5
1.7393880989E-5
2.2763200104E-5
2.7407088781E-5
1.8306949641E-5
2.6283378247E-5
1.8943869508E-5
2.5703245773E-5
2.1042232401E-5
1.4748796821E-5
1.2198451441E-5
2.7903239243E-6
2.0363181828E-5
2.4863902945E-5
3.4240947570E-5
4.3391284998E-5
3.6344595718E-5
2.4817255325E-5
2.1755357738E-5
1.7074332572E-5
1.0154931806E-5
1.1195288971E-5
1.4038023073E-5
1.4862476382E-5
3.3023662399E-5
3.8683542515E-5
3.8056448101E-5
3.7108291871E-5
2.6194180827E-5
1.8967874348E-5
5.6967604906E-6
-1.2768153101E-5
-1.7478957306E-5
1.1714571156E-5
3.4411554224E-5
8.2068762279E-5
1.3728280319E-4
-1.2515485287E-5
-7.7486725060E-5
-5.2627525292E-6
3.6635424476E-5
4.4778769370E-5
4.4667720794E-5
2.4414062500E-5
2.8114672750E-5
2.4046970065E-5
1.0216457304E-5
6.1410013586E-6
9.4144605101E-6
1.5862414148E-5
1.7892383039E-5
1.6333721578E-5
2.1721795201E-5
2.8929708059E-5
2.3921672254E-5
2.0634243264E-5
1.9319006242E-5
1.4921638649E-5
2.4678651243E-5
2.3963616695E-5
2.1433283109E-5
2.8446118812E-5
1.7953314818E-5
2.7112360112E-5
2.3181363940E-5
2.4405901785E-5
2.5464477948E-5
2.5911175180E-5
3.1749391927E-5
2.4732272140E-5
1.4627259225E-5
2.1865277085E-5
1.8489500507E-5
2.3405975661E-5
1.6332918312E-5
2.3980450350E-5
2.4414062500E-5
3.0262477229E-5
2.4482351727E-5
2.7384574059E-5
1.6416434664E-5
2.2358668502E-5
3.0342931858E-5
1.1733814608E-5
1.3396912254E-5
1.5240162611E-5
1.4762836508E-5
1.9188981969E-5
2.2077874746E-5
2.8013740665E-5
2.1686533000E-5
3.4012866671E-5
2.1372968331E-5
2.1687604021E-5
1.5015655663E-5
1.6454933211E-5
1.4358095359E-5
1.4992489014E-5
1.7126917373E-5
3.2115972134E-5
3.8338801823E-5
3.1053554266E-5
2.9575533699E-5
2.8064043726E-5
1.4904106501E-5
1.5646347310E-5
1.9768415950E-5
9.8514719867E-6
2.4253537412E-5
4.0687702130E-5
4.0451611858E-5
4.5298761688E-5
3.7928286474E-5
2.9230897780E-5
6.4350897445E-7
-5.5265380070E-6
8.3341728889E-8
1.8809444736E-5
2.5377969723E-5
3.3781246747E-5
3.8096017669E-5
2.4414062500E-5
3.0022405553E-5
1.7383380327E-5
1.1712824926E-5
-2.0406383555E-5
-2.8504175133E-5
-5.3772819229E-6
4.8355956096E-5
5.6893168949E-5
5.1334931049E-5
2.6492075994E-5
1.3830070384E-5
-1.2801261619E-6
1.7162808217E-5
7.2117079981E-6
2.5409436784E-5
1.7069175374E-5
2.0373670850E-5
2.7310801669E-5
2.0938529632E-5
3.3708510454E-5
3.3714412711E-5
2.6425556279E-5
2.4414062500E-5
1.2541410979E-5
6.7584449426E-6
3.1458679587E-6
-1.8774764612E-6
1.1616281699E-5
2.0195846446E-5
3.9611232932E-5
4.3786934111E-5
5.0615926739E-5
3.2606103922E-5
1.5643832739E-5
-1.2614415027E-6
1.6124686226E-7
1.4398456551E-5
2.6844360399E-5
3.2103271222E-5
4.3978192842E-5
7.9471862411E-5
1.1085685110E-4
2.9052793979E-5
-7.2639202701E-5
-1.1313965079E-4
-4.0070025716E-5
6.5837998410E-5
8.9299946559E-5
9.0303563050E-5
6.3787517139E-5
3.4372077788E-5
-2.9303831980E-6
-1.4176825061E-5
-9.2026661150E-6
-3.6871992052E-6
7.6694879682E-6
2.6707840151E-5
5.6179170497E-5
5.0866138190E-5
4.4998154044E-5
3.5536789800E-5
1.9624759443E-5
2.1586660296E-6
-4.9442751334E-7
-1.2182537466E-5
6.1997212470E-6
1.4587875921E-5
2.8110574930E-5
4.1596870869E-5
4.5892549678E-5
3.1164987011E-5
2.9678957070E-5
1.5945138875E-5
-5.6644319557E-6
5.2496790886E-6
6.6845794209E-6
9.9632074126E-6
2.3324741050E-5
3.8567755836E-5
3.3701781649E-5
3.0161289032E-5
3.2581435516E-5
1.9457994494E-5
1.4867982827E-5
8.7194493972E-6
8.9051201940E-6
1.0281905998E-5
2.2604269907E-5
2.3962266277E-5
2.0480749663E-5
3.0589208471E-5
2.4907314218E-5
1.6959127970E-5
1.3876578305E-5
5.3638475947E-6
5.8308592998E-6
1.4107069001E-5
1.4787225518E-5
2.4765054695E-5
2.8632697648E-5
3.0878989491E-5
3.5731855314E-5
2.4039915296E-5
2.3040897212E-5
1.3443594798E-5
8.0395722763E-6
1.6587553546E-5
1.2378487736E-5
2.5930593255E-5
2.3184984456E-5
3.0347134451E-5
3.1337805557E-5
2.3569096810E-5
2.1831772755E-5
1.5336286742E-5
9.4713293948E-6
1.3051216956E-5
1.8559559248E-5
2.4809874594E-5
3.2713310792E-5
2.8327270410E-5
2.7258531190E-5
2.3294810671E-5
2.2324675228E-5
1.9679113756E-5
2.0097522065E-5
2.1369627211E-5
2.4286261759E-5
1.3815390412E-5
1.4529365581E-5
3.0414096543E-5
2.0118744578E-5
2.2359250578E-5
2.2492127027E-5
2.1263328380E-5
1.9281764980E-5
2.2556213661E-5
1.4604418539E-5
1.7799960915E-5
2.1330919116E-5
2.2041273769E-5
1.6797310673E-5
2.8994295280E-5
2.6477803474E-5
2.0630168728E-5
2.1185516379E-5
2.1046900656E-5
1.7256103456E-5
2.4414062500E-5
2.6548129971E-5
2.1343131084E-5
3.2414786982E-5
2.7001439593E-5
2.7856428641E-5
2.5910104159E-5
2.0411284640E-5
2.5221437681E-5
2.6148231699E-5
2.2659508977E-5
2.2083322982E-5
1.4606304467E-5
2.1876150276E-5
2.2898300085E-5
1.8378230743E-5
2.3989053442E-5
2.5084044318E-5
2.8155790641E-5
1.7154030502E-5
2.1424237638E-5
1.4839856885E-5
2.1914998069E-5
1.9820872694E-5
2.1408102475E-5
2.4414062500E-5
2.6894838083E-5
2.7375982608E-5
2.1902029402E-5
1.2415391393E-5
1.2757873628E-5
8.2067679615E-6
1.3873376884E-5
2.5785458273E-5
1.9782606977E-5
2.6098079979E-5
3.1474197748E-5
2.7063221204E-5
2.0864477846E-5
2.2714992519E-5
2.2501545026E-5
1.2104725465E-5
9.8945922219E-6
1.5500525478E-5
2.2680661641E-5
3.4865050110E-5
2.7043255976E-5
2.7678918558E-5
2.5966682005E-5
2.3151875939E-5
1.0269973427E-5
7.3703238741E-6
1.6600755043E-5
2.1353038027E-5
2.0908634178E-5
2.0702788606E-5
3.0429055913E-5
3.0408625024E-5
2.6625476311E-5
2.6085949502E-5
3.0722795053E-5
2.8300099075E-6
-1.5664263629E-6
9.6370931716E-6
1.0100728832E-5
1.1762685608E-5
2.6159430853E-5
4.6041933820E-5
6.1351933983E-5
4.4059637003E-5
2.7679163031E-5
8.1231701189E-6
-8.7796244769E-6
-1.3222428970E-5
-2.2158736828E-5
1.9478821195E-5
8.2672736609E-5
1.3714074157E-4
6.3665187918E-5
-1.0840095347E-4
-5.8455427643E-5
2.8919545001E-5
4.4116808567E-5
5.4795620964E-5
5.3338112776E-5
4.3309864122E-5
2.2879918105E-5
1.6429636162E-5
6.6434149631E-6
1.9354035612E-5
2.1521071903E-5
2.0503229461E-5
2.6808085385E-5
3.7511088885E-5
2.5796110276E-5
2.5792757514E-5
2.4711503647E-5
1.6744644381E-5
2.0933186168E-5
2.1115224808E-5
2.5882280897E-5
2.1499115973E-5
2.7060927823E-5
2.3715477436E-5
2.1228485275E-5
2.1705660037E-5
2.6795908342E-5
1.8680479843E-5
2.1688279230E-5
2.2997322958E-5
2.0372669678E-5
1.9076780881E-5
2.1349673625E-5
2.6969553436E-5
2.5150063447E-5
1.6002764460E-5
2.0127964671E-5
1.9815796986E-5
2.2806797642E-5
2.9520934913E-5
2.2091215941E-5
3.4321984275E-5
2.1888734772E-5
2.1382176783E-5
2.5978614576E-5
1.9633024931E-5
1.1393753812E-5
9.7722630017E-6
2.0143634174E-5
2.7852226048E-5
2.7671549469E-5
3.7366000470E-5
4.0400214493E-5
3.1099712941E-5
1.4490529429E-5
1.7188850325E-5
1.3270589989E-5
-9.1952388175E-6
3.8261059671E-6
2.1494401153E-5
2.8696237131E-5
4.1632005013E-5
4.2217224836E-5
3.6910700145E-5
3.0019693076E-5
2.0139617845E-6
-2.1745101549E-6
1.1855666526E-5
2.1060055587E-5
3.5197881516E-5
3.4916133154E-5
3.6746275145E-5
3.4857343416E-5
3.0036794486E-5
2.3855827748E-5
2.0003016107E-5
4.9523077905E-7
-1.0622106492E-5
-2.5646295399E-6
2.4414062500E-5
5.9054128361E-5
6.1717838981E-5
3.9398809894E-5
4.6268454753E-6
1.7565093003E-6
1.0668591131E-5
4.5856577344E-6
2.9116112272E-5
3.7709262687E-5
2.2452941630E-5
2.1283421665E-5
1.9776844419E-5
2.8675177600E-5
2.7231348212E-5
2.9697990976E-5
2.7486379258E-5
1.9364105537E-5
1.1179130525E-5
6.6182226874E-6
-2.6826630347E-6
1.7087254673E-5
2.1733297034E-5
3.3295282628E-5
3.0607078223E-5
3.8708478678E-5
4.2217725422E-5
2.0412099547E-5
1.6620359383E-5
-1.1903431732E-5
2.0719133317E-6
1.4028535224E-5
3.8638780824E-5
4.3027440552E-5
3.3983064349E-5
3.4615898038E-5
1.6979535576E-5
2.3823173250E-5
1.2405251619E-5
-5.4742675275E-6
-6.4003281296E-6
3.9636739529E-6
6.3843233512E-5
1.0079534259E-4
9.7950792407E-5
1.1043506674E-5
-4.6742602717E-5
-6.2828941737E-5
-3.0244968365E-5
-6.9265952334E-7
2.6074191555E-5
5.0678115804E-5
6.2318157871E-5
5.4820079822E-5
3.7278980016E-5
2.0255392883E-5
3.4572440200E-6
-9.1154244728E-6
-2.2698193789E-6
2.0075240172E-6
2.0929984748E-5
2.9193237423E-5
3.4296931698E-5
4.0861405432E-5
3.4526351373E-5
2.6709039229E-5
1.4885200653E-5
3.0780560337E-6
-1.1920230463E-6
1.5100592282E-5
1.6554642934E-5
2.2453640121E-5
3.3665832597E-5
3.7466327193E-5
3.5934720653E-5
3.1849020160E-5
2.3213913663E-5
7.4226176367E-6
7.4429321104E-6
5.0530419685E-6
1.2673239689E-5
2.0964536815E-5
2.6246323249E-5
2.9883370734E-5
3.4519901964E-5
2.9535288921E-5
2.2270949557E-5
2.3902545217E-5
1.2409919873E-5
9.7214244308E-6
1.5107553918E-5
1.7494056374E-5
2.6971730403E-5
1.8323562108E-5
3.2675894908E-5
4.0757947135E-5
2.8473313431E-5
1.8652819563E-5
2.1711888257E-5
8.4617757239E-6
7.4290321209E-6
1.6479624901E-5
1.7868506256E-5
2.2802490275E-5
3.5308743826E-5
3.0943076125E-5
2.8072507120E-5
2.4863891303E-5
1.3487739488E-5
1.3955333270E-5
2.2137188352E-5
6.3381856308E-6
1.7312238924E-5
2.1690770518E-5
3.5497720818E-5
2.9348663519E-5
2.5714456568E-5
2.1294120233E-5
2.2300390992E-5
1.7571065109E-5
1.9222579431E-5
1.6494980082E-5
1.7468235455E-5
1.4447362628E-5
2.6068964507E-5
2.9680551960E-5
2.9965816064E-5
2.0046252757E-5
1.6622419934E-5
1.4452799223E-5
1.6819650773E-5
1.1974677909E-5
1.7627654597E-5
1.8689490389E-5
2.4840561672E-5
1.9782292656E-5
2.5029073003E-5
2.5971734430E-5
2.2626458667E-5
2.8376490808E-5
1.6580056399E-5
2.4395750369E-5
1.6367365606E-5
1.9748858176E-5
1.3559102081E-5
2.8355524408E-5
3.0622701159E-5
2.3672357201E-5
2.6942696421E-5
1.7702614423E-5
2.2865587379E-5
2.3360853083E-5
2.1741935052E-5
1.9717938266E-5
1.7540249973E-5
2.5188480503E-5
2.5137094780E-5
1.9312184304E-5
2.0796118769E-5
2.2111483849E-5
2.4708802811E-5
2.8383277822E-5
2.7773121837E-5
4.5774492901E-5
2.0288967061E-5
1.3081217185E-5
2.1891214419E-5
2.7333071920E-5
2.9388896654E-5
1.3756169938E-5
2.8202787506E-5
1.6123754904E-5
1.0884471703E-5
1.1610914953E-6
2.3740332107E-5
2.9731786343E-5
2.6162725407E-5
1.9238097593E-5
3.3741374499E-5
1.8872041255E-5
1.6226340085E-5
1.0216154624E-5
1.0878802277E-5
1.7022271640E-5
1.7270934768E-5
2.3477023932E-5
2.6558607350E-5
2.1859852131E-5
2.3341516498E-5
2.8708286117E-5
2.2403302137E-5
2.2537901532E-5
1.8015142996E-5
2.9261200688E-5
2.2906949743E-5
1.0157772340E-5
1.7890846356E-5
2.2637378424E-5
2.5422370526E-5
3.1470740213E-5
2.7919362764E-5
2.9099488164E-5
1.2436718680E-5
2.4220708291E-5
1.1401809752E-5
7.4665294961E-6
1.2938817963E-5
1.5498744324E-5
3.2935570925E-5
2.8449797536E-5
3.6660546902E-5
3.2321305479E-5
2.9955920762E-5
1.7956621014E-5
3.7593650631E-6
4.4015585445E-6
1.9268481992E-6
1.6442302149E-5
2.4600489996E-5
4.7742493916E-5
3.7966924719E-5
5.3437147290E-5
4.0495092980E-5
1.7603440210E-5
-1.8938630819E-5
-4.7764391639E-5
-5.1175476984E-5
-9.7490730695E-6
9.8905246707E-5
1.3982508099E-4
-2.5997241027E-5
-8.4821693602E-5
-3.9741781074E-5
4.4244807214E-6
3.3767661079E-5
5.7325419039E-5
5.1327922848E-5
4.0264241397E-5
3.0604575294E-5
3.1845085322E-5
1.4354509767E-5
1.3363093603E-5
1.3152172323E-5
8.5552223027E-6
1.7627968918E-5
3.0966487247E-5
2.8659333474E-5
2.2211589384E-5
1.4005135745E-5
1.8642051145E-5
1.4846120030E-5
1.8026237376E-5
1.5828921460E-5
1.6184872948E-5
1.1703243945E-5
1.3539043721E-5
2.0296650473E-5
1.4467991423E-5
1.8196820747E-5
2.8829195070E-5
2.3863720707E-5
1.7610099167E-5
1.5530956443E-5
1.4948693570E-5
1.7649016809E-5
1.6719673295E-5
1.7390132416E-5
1.7315021250E-5
1.6121717635E-5
1.5217124019E-5
2.4546193890E-5
2.5258900132E-5
2.3077125660E-5
1.7152982764E-5
3.1768204644E-5
2.8362718876E-5
1.7090362962E-5
2.3590435739E-5
2.0303064957E-5
1.3110053260E-5
1.9818195142E-5
2.1112384274E-5
2.8739892877E-5
3.8869900163E-5
3.0633597634E-5
3.1580077484E-5
1.8940819427E-5
-5.6807184594E-7
8.4344064818E-6
1.2610608246E-5
2.7226167730E-5
4.6603463125E-5
4.1053595487E-5
1.8855929374E-5
1.8290849402E-5
1.1019466911E-5
1.5118019655E-5
1.1356454343E-5
6.7573622801E-6
6.3422718086E-6
1.5236251056E-5
1.2009916827E-5
3.4458690788E-5
5.7537795511E-5
5.2741612308E-5
2.1200475748E-5
-8.6885294877E-6
-1.1924188584E-5
8.9556910099E-6
2.1265842951E-5
2.6506581343E-5
3.1476805451E-5
2.2163661196E-5
2.6968226302E-5
1.9175268244E-5
1.7783313524E-5
2.3298349697E-5
2.9229337814E-5
2.6329664979E-5
1.2761272956E-5
9.5099327155E-6
1.0864553042E-5
9.8679680379E-6
2.4493050295E-5
2.3481028619E-5
3.1981442588E-5
3.3560872543E-5
3.4110166597E-5
1.6079365741E-5
8.2634040155E-6
4.5040505938E-6
5.9694051743E-6
1.3837369625E-5
2.0482158288E-5
4.3262995314E-5
5.1862525288E-5
4.3482508044E-5
1.3170181774E-5
-6.4423307776E-6
4.1416380554E-6
1.2380769480E-7
1.2826279271E-5
1.8516031559E-5
2.6808481197E-5
2.0984979346E-5
2.3862847592E-5
3.1195243354E-5
3.0202325432E-5
1.5915394761E-5
-2.3824861273E-6
-1.6457727179E-5
-7.9356832430E-6
3.7548074033E-5
7.5905153065E-5
8.4165309093E-5
4.6993826981E-5
1.2884300668E-5
-8.6490181275E-6
-2.5342137087E-5
-2.1740701049E-5
1.8920865841E-6
1.5862437431E-5
3.9164640474E-5
5.6557822973E-5
5.3810386453E-5
4.0726503357E-5
3.7515431176E-5
1.2739095837E-5
3.7538353354E-6
-1.3550149742E-5
-4.0372833637E-8
1.5013164375E-5
2.6659690774E-5
3.0331802553E-5
3.2230978831E-5
4.0335231460E-5
3.4290237817E-5
1.9552384037E-5
9.3977898361E-6
1.1486280710E-5
-2.6410329156E-6
1.0785844643E-5
1.5243561938E-5
3.3941271248E-5
2.9662204905E-5
3.7981709465E-5
2.8730148914E-5
1.9840977620E-5
1.6929837875E-5
6.4049381763E-6
1.1152774096E-5
9.0044341051E-6
2.0382972434E-5
3.0724564566E-5
2.4266494437E-5
3.6296143661E-5
3.2392633147E-5
2.4414062500E-5
1.6865879297E-5
1.3280683197E-5
1.2840470299E-5
1.5520106535E-5
2.2023566998E-5
2.0499038510E-5
2.6576977688E-5
3.1761708668E-5
3.1409016810E-5
2.7853075880E-5
2.5353638920E-5
2.1469255443E-5
1.6356597189E-5
1.0847370140E-5
2.0158302504E-5
1.6886240337E-5
3.1138001940E-5
2.1821551490E-5
3.4603453240E-5
2.9281293972E-5
2.4911330546E-5
2.0169350318E-5
2.1722808014E-5
1.6538577620E-5
1.5765859280E-5
1.7884862609E-5
1.8516590353E-5
2.6170921045E-5
2.1570897661E-5
2.7200696058E-5
3.1226000282E-5
2.4702423251E-5
1.7690041568E-5
2.0088686142E-5
1.6155955382E-5
1.6536028124E-5
2.4073850363E-5
2.1509721409E-5
2.4172558914E-5
2.3714418057E-5
1.9499554764E-5
2.8966017998E-5
1.6693980433E-5
2.5690428446E-5
2.0126486197E-5
2.3069255985E-5
1.9742734730E-5
1.5430839267E-5
2.3875955957E-5
1.8327147700E-5
3.0799943487E-5
2.4812901392E-5
2.7196318842E-5
1.9913329743E-5
1.0859663598E-5
1.4518015087E-5
2.2895587608E-5
2.1742016542E-5
1.7772731371E-5
2.1652120631E-5
2.4414062500E-5
2.7992739341E-5
2.2079260088E-5
1.7864839174E-5
2.0596233662E-5
2.5019363965E-5
2.0423659589E-5
2.4723762180E-5
1.8592749257E-5
2.1940073929E-5
2.9299675952E-5
2.5727332103E-5
1.6641651746E-5
1.0169250891E-5
1.7012073658E-5
1.5890737995E-5
1.7639168072E-5
7.8154262156E-6
2.1467474289E-5
2.2901687771E-5
2.6413041632E-5
2.7462118305E-5
3.3739279023E-5
3.2924569676E-5
1.0323955212E-5
1.5459232964E-5
1.0316644330E-5
1.5987292863E-5
2.3441493976E-5
2.6305054780E-5
3.9173907134E-5
3.4536572638E-5
4.4327753130E-5
3.7533522117E-5
-1.0045128875E-6
1.4917599037E-5
1.4574360103E-5
2.0496489014E-5
1.8263806123E-5
1.6396504361E-5
2.4694250896E-5
2.7404224965E-5
2.7457764371E-5
3.6649487447E-5
2.3686420172E-5
2.3752218112E-5
2.1512922830E-5
1.1659611482E-5
2.0450248848E-5
1.6723992303E-5
3.0322012025E-5
3.6091671790E-5
2.8323661535E-5
3.4853524993E-5
2.9163807630E-5
2.8209830634E-5
1.5349953901E-5
1.3775471598E-5
1.1620239820E-5
9.1441208498E-6
1.8942914903E-5
3.1937018502E-5
3.4551660064E-5
3.7443754263E-5
2.9913207981E-5
1.9522593356E-5
1.8588616513E-5
6.7467219197E-6
-9.0880785138E-7
-5.3021358326E-7
-8.7448861450E-7
1.6496470198E-5
5.0608150195E-5
6.8698381075E-5
5.9336423874E-5
4.7568243462E-5
1.8985674251E-5
-2.8907007071E-5
-9.9498720376E-5
-7.7199854425E-5
1.0537662311E-4
1.4971994096E-4
3.2461911905E-5
-2.0528282039E-5
-4.0047289803E-5
-1.8027261831E-5
-4.9475813285E-6
2.0645186305E-5
3.0854227952E-5
5.1934143994E-5
3.6504387389E-5
3.7756690289E-5
2.5452836416E-5
2.1326751448E-5
8.0002355390E-6
1.8394493963E-5
2.3134984076E-6
2.4473026860E-5
2.8927321545E-5
3.1958648469E-5
2.9512180480E-5
2.3699970916E-5
4.2373919859E-5
2.2203009575E-5
1.7016637139E-5
1.5453679953E-5
2.3879855871E-5
1.5503109898E-5
3.0362815594E-5
2.6888959109E-5
2.3043947294E-5
1.9517075270E-5
1.4467153233E-5
2.7043255977E-5
1.6746204346E-5
6.2312814407E-6
2.7044722810E-5
2.7483992743E-5
1.4508864842E-5
1.7406616826E-5
1.7434137408E-5
1.9392906688E-5
2.1869270131E-5
7.2324066424E-6
2.0391668659E-5
3.3782713580E-5
2.2844725754E-5
2.7483468875E-5
2.9891927260E-5
8.4154191428E-6
-5.4383766837E-6
8.8519882412E-6
2.3749715182E-5
3.0787987634E-5
3.6683690268E-5
2.7212197892E-5
2.5538809131E-5
2.5157129857E-5
2.4778372608E-5
2.2309913765E-5
1.8640642520E-5
2.1596753504E-5
1.0916474275E-5
1.7720763571E-5
2.9970146715E-5
3.0355527996E-5
2.2912828717E-5
4.4812192209E-5
3.5439233761E-5
2.5110831484E-5
4.6660890803E-6
-1.6700779088E-5
5.1530078052E-7
9.0439920314E-6
4.9083505291E-5
4.6393671073E-5
3.0339625663E-5
2.0879704970E-5
2.4508626665E-5
5.2416929976E-6
2.2957462351E-5
1.7650786321E-5
1.7311749980E-5
1.9001343753E-5
1.6378622968E-5
1.7993000801E-5
2.4211325216E-5
2.6766210794E-5
3.8530270103E-5
4.0230713784E-5
2.7699943166E-5
2.0295230206E-5
1.9364524633E-5
1.9008875824E-5
9.8282354885E-6
1.1417013593E-5
1.9379495643E-5
3.0072208028E-5
4.3290841859E-5
3.4150632563E-5
3.5273854154E-5
4.8719113693E-6
-6.8702269346E-6
-5.2262330429E-7
2.0153308287E-5
3.2850459682E-5
2.7533632237E-5
3.0243920627E-5
3.1387957278E-5
2.6932964101E-5
2.4676183238E-5
1.6511324793E-5
1.6965600662E-5
2.8353824745E-5
1.5514297411E-5
2.3338303435E-5
1.2841448188E-5
1.9945506937E-5
2.8448167722E-5
4.6598422341E-5
4.7630502376E-5
8.3253718914E-6
-3.8209080230E-5
-4.6343286522E-5
-1.2545706704E-5
4.3663301039E-5
7.1950687564E-5
7.9354806806E-5
5.8588397224E-5
4.0163181256E-5
1.8431537319E-5
-2.7494854294E-6
-1.1028547306E-5
-2.0636944100E-6
9.7796902993E-6
2.7185736689E-5
3.9734388701E-5
4.4688489288E-5
3.3660710323E-5
2.8044357895E-5
2.1678418852E-5
1.8643448129E-5
-1.6030040569E-6
1.3961468358E-5
1.0725669563E-5
1.2465007603E-5
2.7622305787E-5
3.2476952764E-5
3.9848010055E-5
3.7504278588E-5
2.5352020747E-5
2.0693766418E-5
9.5059745945E-6
4.7490466387E-6
1.4658819418E-5
1.5421595890E-5
2.9078044462E-5
3.3525365870E-5
3.1789008062E-5
2.7188437524E-5
1.7668039072E-5
1.2934219558E-5
6.2292441727E-6
1.7232540995E-5
9.2326081359E-6
1.9902270287E-5
2.1010893396E-5
3.2148230820E-5
3.6658660974E-5
2.9704766347E-5
2.8816773555E-5
1.9760942086E-5
2.1514925174E-5
2.2506876848E-5
1.0681804270E-5
1.8136471044E-5
9.0683577583E-6
2.4763087275E-5
2.7589651290E-5
2.7400720864E-5
2.4311721790E-5
2.9851321596E-5
1.5404855367E-5
1.6391754616E-5
1.2751249597E-5
1.7945887521E-5
1.5888724010E-5
2.0721391774E-5
2.5272020138E-5
2.1123222541E-5
2.4366693105E-5
2.7328252326E-5
2.3520691320E-5
2.0611938089E-5
1.7080234829E-5
2.4099787696E-5
1.7341203056E-5
1.4367292170E-5
3.4406932536E-5
2.4273933377E-5
2.4088588543E-5
1.7435592599E-5
2.0566757302E-5
2.2252928465E-5
2.0834093447E-5
2.3023027460E-5
2.0785373635E-5
2.5333976372E-5
2.1342537365E-5
2.0928622689E-5
2.4922320153E-5
2.3857410996E-5
2.4933542590E-5
2.8361764270E-5
2.1702714730E-5
2.2668624296E-5
1.5096832067E-5
1.7464626580E-5
1.6043207142E-5
2.8590310830E-5
2.1727511193E-5
2.1358858793E-5
2.1997781004E-5
1.8922449089E-5
2.4489732458E-5
1.6495469026E-5
2.1066470071E-5
1.8025969621E-5
1.6554596368E-5
3.2081292010E-5
2.3544766008E-5
3.0093023087E-5
3.6130612716E-5
2.3905001580E-5
1.9448576495E-5
1.3995787595E-5
9.9788652734E-6
1.2958573643E-5
1.3825157657E-5
1.2677640189E-5
2.0284787751E-5
1.4168559574E-5
3.4020631573E-5
2.7880852575E-5
1.9233522471E-5
1.7992150970E-5
6.9830100984E-6
9.2618865892E-7
8.5550243968E-6
1.6673095524E-5
2.2563384845E-5
3.4763244911E-5
3.7824187893E-5
2.5618367362E-5
2.0845630206E-5
2.9287091455E-5
2.0909786690E-5
1.1343264487E-5
1.0417506564E-5
4.7508743592E-6
1.9816425629E-5
3.0431174672E-5
2.2278679534E-5
3.4242705441E-5
3.2339151948E-5
2.2338004782E-5
1.2603716459E-5
7.0339418017E-6
5.9490557761E-6
-1.1929427274E-6
1.9505992531E-5
5.0437159370E-5
3.3927825279E-5
2.4793378542E-5
2.0253285765E-5
2.6705523487E-5
2.4547858629E-5
2.6227498892E-5
1.1715036817E-5
1.3721047435E-5
2.7749675791E-5
1.3377005234E-5
2.1567917429E-5
3.2661785371E-5
3.3965206239E-5
3.9376714266E-5
2.9862090013E-5
2.3616140242E-5
1.2801378034E-5
1.0713201482E-5
6.0311052949E-6
1.2696080376E-5
1.7082749400E-5
3.8056948687E-5
4.9743975979E-5
4.8534350935E-5
4.0275289211E-5
2.1147867664E-5
5.2381306887E-6
-1.5781936236E-5
-2.4494284298E-5
-2.0741636399E-5
1.3395748101E-5
4.4467987027E-5
1.0317073902E-4
1.3752820669E-4
9.3299837320E-5
-9.1964902824E-5
-9.7667297816E-5
5.0982076209E-5
9.5887924547E-5
7.8178534752E-5
7.2893931066E-5
3.4571310970E-5
1.1011236347E-5
1.1258525774E-6
-1.0855426080E-5
-4.9854395911E-6
1.5673681628E-5
1.5501689631E-5
2.8309645130E-5
4.0240155067E-5
3.7396501283E-5
3.5704951733E-5
2.1775718778E-5
1.6340857837E-5
1.6505178064E-5
8.2336599008E-6
8.2039041444E-7
2.6735244318E-5
1.9903120119E-5
2.9713055118E-5
1.5132920817E-5
2.8417736757E-5
1.6878196038E-5
2.1792552434E-5
1.4491437469E-5
1.9025779329E-5
2.4256482719E-5
3.0446518212E-5
2.1375669166E-5
1.5549059026E-5
1.6344140749E-5
2.1143059712E-5
1.5249731950E-5
2.5738868862E-5
2.8374383691E-5
1.8150126561E-5
2.0688283257E-5
1.8660840578E-5
9.4126560726E-6
9.0581481346E-6
1.8809561152E-5
2.3702450562E-5
2.3840542417E-5
2.7440430130E-5
1.8969574011E-5
2.5076116434E-5
1.7805153038E-5
1.8983148038E-5
1.8047518097E-5
1.7846538685E-5
1.5734299086E-5
2.2409320809E-5
2.0206777844E-5
2.2248795721E-5
1.5386473387E-5
2.8443115297E-5
3.6039657424E-5
3.2746570650E-5
1.9696308300E-5
2.0125717856E-5
3.5795848817E-6
2.6003224775E-6
-9.8066870123E-6
7.5099873358E-6
4.6881975140E-5
6.5687100869E-5
4.6760146506E-5
1.9709009211E-5
-7.7676260844E-6
-3.8936734199E-6
8.3654653283E-6
1.6794633120E-5
3.2209767960E-5
2.4251407012E-5
3.5785383079E-5
1.9882433116E-5
2.7358939405E-5
2.7712946757E-5
2.2056547459E-5
2.7078425045E-5
2.7477461844E-5
1.7245404888E-5
1.3749394566E-5
1.1933362111E-5
1.5427381731E-5
2.3078452795E-5
2.9741809703E-5
2.3614207748E-5
3.7355988751E-5
2.7070066425E-5
3.0520418658E-5
1.5116680879E-5
1.3235025108E-6
-8.3913328126E-7
1.9420916214E-5
2.9641005675E-5
4.8464909196E-5
4.0005566551E-5
2.6567291933E-5
1.2086413335E-5
9.1664725916E-6
9.6133560874E-6
1.9327516202E-5
2.8053997084E-5
1.9688508473E-5
2.7573585975E-5
2.5162042584E-5
2.1045270841E-5
1.9022030756E-5
3.0726369004E-5
1.9905634690E-5
2.1038833074E-5
2.1633889991E-5
1.0728999041E-5
1.3980234507E-5
7.8258104623E-6
1.3946148101E-5
1.4896574430E-5
3.9699603803E-5
1.0074571474E-4
6.0126499739E-5
-5.0357275177E-5
-8.1683474129E-5
-2.5095022283E-5
2.0561262499E-5
5.3155131172E-5
6.7770353055E-5
6.6106487067E-5
5.2392936777E-5
2.7873262297E-5
1.3366958592E-5
-1.0822329204E-5
-4.3081468903E-6
6.3910731115E-6
1.9275618251E-5
3.2250967341E-5
4.5062415301E-5
3.6905193701E-5
3.9340159855E-5
2.4803192354E-5
2.1881051361E-5
8.1992940978E-6
2.3570610210E-7
2.5931396522E-6
1.3134942856E-5
1.4077767264E-5
2.7541641611E-5
3.8300966843E-5
3.9337493944E-5
3.0914600938E-5
1.8423260190E-5
1.1088792235E-5
4.3717678636E-6
9.2533300631E-6
8.9734210634E-6
2.6573683135E-5
2.8563279192E-5
2.7704075909E-5
3.1024811323E-5
2.7158716693E-5
2.8592534362E-5
1.1930521578E-5
1.1232390534E-5
1.7335952725E-5
1.2705184054E-5
1.8962251488E-5
2.1667662076E-5
2.8902071062E-5
3.4980662167E-5
3.0844332649E-5
2.3517408408E-5
2.2945145610E-5
2.0891905296E-5
7.8538781965E-6
2.0071922336E-5
1.7496419605E-5
2.5576329789E-5
3.0256458557E-5
2.8974399901E-5
2.6584300212E-5
2.7035048696E-5
2.7850235346E-5
2.0925106946E-5
3.0307495034E-5
1.5654962044E-5
2.0767329261E-5
2.0420341752E-5
1.8536113202E-5
2.9378326143E-5
2.4443236179E-5
2.7559208683E-5
1.5572679695E-5
1.6600359231E-5
1.1946074665E-5
1.3927917462E-5
2.4874066001E-5
1.4525535517E-5
2.5844841729E-5
1.7176649999E-5
2.0993803627E-5
1.6663025599E-5
2.1644285879E-5
2.6532611809E-5
2.6369956321E-5
2.0369968843E-5
2.1562865003E-5
2.8372241649E-5
1.7823791131E-5
2.5610625743E-5
2.5127292610E-5
1.5812297352E-5
2.4038436822E-5
2.4285935796E-5
2.6008125860E-5
2.0518270321E-5
1.4604663011E-5
2.3891904856E-5
1.4190620277E-5
2.0644254982E-5
2.3204146418E-5
2.9630097560E-5
2.7051393407E-5
2.3263227194E-5
2.0998017862E-5
1.3572804164E-5
1.8262548838E-5
1.7376476899E-5
1.6535981558E-5
1.8989411183E-5
2.2685388103E-5
1.7293891869E-5
3.4827773924E-5
3.0446285381E-5
2.4242117069E-5
2.5080412160E-5
2.8158503118E-5
1.1372740846E-5
7.6466705651E-6
1.3663573191E-5
1.9099272322E-5
2.3964687716E-5
3.4782115835E-5
3.5493308678E-5
2.4839059915E-5
1.3255234808E-5
1.6117480118E-5
1.4070083853E-5
2.3571145720E-5
1.6301462892E-5
1.8306297716E-5
3.2662018202E-5
3.0212174169E-5
3.7527631502E-5
1.9660010002E-5
2.4920178111E-5
1.8642283976E-5
1.5292398166E-5
1.9017723389E-6
2.0223297179E-5
1.5562074259E-5
2.7926824986E-5
2.2497575264E-5
2.9159837867E-5
3.1546782701E-5
3.1758798285E-5
1.9404571503E-5
1.2513075490E-5
1.3868685346E-5
2.5537214242E-6
1.1032563634E-5
7.1729067713E-6
3.8922345265E-5
5.2314135246E-5
4.4719583820E-5
8.6268060842E-6
9.7402138636E-6
2.2215046920E-5
1.2352375779E-5
1.4404591639E-5
1.4466990251E-5
1.5494658146E-5
1.7147732433E-5
3.3637799787E-5
4.3356593232E-5
4.7018448822E-5
2.9636803082E-5
1.8962041940E-5
2.3532856721E-5
3.4506665543E-6
-1.7035985366E-6
4.6753906645E-6
1.0959198698E-5
3.7255650386E-5
5.4208561778E-5
6.3483207487E-5
6.9245544730E-5
5.0729350187E-5
9.9850236439E-6
-4.0757318493E-5
-8.8032276837E-5
-5.1551265642E-5
9.7918126268E-5
1.6663779970E-4
4.1666859760E-5
-4.6823755838E-5
-5.3374900018E-5
-3.8341095205E-5
-8.6852931418E-6
2.2912176791E-5
5.0334376283E-5
5.5677816272E-5
4.6105030924E-5
4.4818513561E-5
2.0837702322E-5
7.7992328443E-6
-7.0720911027E-6
5.0777336583E-6
1.9830896053E-5
1.4325545635E-5
2.9273773543E-5
2.9223738238E-5
2.4586461949E-5
2.7800141833E-5
3.0151079408E-5
1.3400462922E-5
1.7403194215E-5
1.3195257634E-5
3.5854172893E-6
1.6341730952E-5
2.2522290237E-5
2.5251670740E-5
3.0584388878E-5
2.3384892847E-5
3.2946851569E-5
2.1473679225E-5
2.9713648836E-5
3.2123655546E-5
2.3115554358E-5
1.7289177049E-5
-5.1389215513E-7
2.1133304107E-5
3.0743458773E-5
2.4870014749E-5
2.4125352502E-5
2.8670113533E-5
2.5020120665E-5
1.8022535369E-5
2.1450174972E-5
1.3751222286E-5
2.0098779350E-5
1.7765350640E-5
1.8803356215E-5
2.1879735868E-5
1.5235808678E-5
2.7409091125E-5
2.3519573733E-5
2.7582410257E-5
1.7756328452E-5
1.6956578474E-5
1.9536633044E-5
1.7651426606E-5
7.3993229308E-6
1.6191683244E-5
9.7614363768E-6
1.7284532077E-5
2.7299998327E-5
3.7829065693E-5
4.9062946345E-5
2.7640024199E-5
2.6192457880E-5
2.5033042765E-5
4.1904742830E-6
-4.5871594921E-6
3.1243893318E-6
2.7748488354E-5
4.6790274791E-5
4.4678244739E-5
2.1185830701E-5
1.8590840045E-5
2.3116020020E-5
1.0547030252E-5
1.9020878244E-5
2.3052620235E-5
1.5875953250E-5
1.8593843560E-5
1.4175567776E-5
2.2888265084E-5
2.2862770128E-5
2.3920868989E-5
2.9660447034E-5
1.4202343300E-5
3.4202227834E-5
1.8297333736E-5
8.3519960755E-6
1.2226856779E-5
7.1875168942E-6
1.8436345272E-5
3.4064147621E-5
5.1572918892E-5
4.2017560918E-5
2.2092962172E-5
2.0075123757E-6
2.0503881387E-6
7.5127114543E-6
2.0693812985E-5
3.0718417837E-5
3.5450223367E-5
3.3556588459E-5
3.5089417360E-5
2.2780348081E-5
1.9790860824E-5
1.5120417811E-5
1.5140080359E-5
1.8391688354E-5
2.7225317898E-5
2.7838035020E-5
1.7451879103E-5
3.5691657103E-5
2.7366157155E-5
2.0615069661E-5
2.2315955720E-5
1.8579175230E-5
1.7793115694E-5
2.7016107924E-5
1.7100607511E-5
6.7523447798E-6
2.0779902115E-6
-6.0626189225E-6
-1.2776337098E-5
2.3503263946E-5
1.2698366772E-4
8.9220679368E-5
-5.9874169529E-5
-6.1284645927E-5
-2.7628242969E-5
1.3998534996E-5
3.3552770036E-5
5.9773796238E-5
5.2275264170E-5
4.7199521214E-5
2.9159139375E-5
1.2163363863E-5
1.0458985344E-6
7.8681623564E-7
1.4232005924E-6
1.3455084991E-5
2.8667389414E-5
3.7260912358E-5
4.5808986760E-5
4.0754582732E-5
3.4313625655E-5
1.3959303033E-5
7.3075178080E-6
1.3124814723E-5
1.1250050739E-5
1.5351735056E-5
1.9476830493E-5
2.8075138106E-5
2.6214087847E-5
3.3673597499E-5
2.5062717031E-5
1.8406996969E-5
1.2770784088E-5
6.7842658610E-6
9.4082672150E-6
1.4200259466E-5
1.6141927335E-5
2.6477838400E-5
2.1899607963E-5
3.5407394170E-5
2.5748962070E-5
1.9792723469E-5
2.6184564921E-5
1.9166921265E-5
1.3983109966E-5
1.5791284386E-5
1.9524141680E-5
1.7434963956E-5
2.8300739358E-5
2.5576655752E-5
2.3570994380E-5
2.2372417152E-5
1.8439127598E-5
1.6192439943E-5
2.0840426441E-5
9.5251132735E-6
1.0607729200E-5
1.9831361714E-5
3.4035497810E-5
1.9621697720E-5
3.3665925729E-5
2.9695394914E-5
2.3384252562E-5
2.1336367353E-5
2.0233623217E-5
1.5771843027E-5
1.7559528351E-5
2.0596256945E-5
2.1444447338E-5
2.5865773204E-5
2.2093299776E-5
2.3902568500E-5
2.4874066002E-5
1.6179797239E-5
1.6284326557E-5
2.0826829131E-5
2.5329564232E-5
1.1892174371E-5
2.1567754447E-5
3.1664653215E-5
2.2495095618E-5
1.9833690021E-5
2.3044226691E-5
2.0339968614E-5
2.4502468295E-5
1.3946241234E-5
3.1752965878E-5
1.9698939285E-5
1.8359848764E-5
1.6601476818E-5
1.8204457592E-5
2.4526915512E-5
2.6528281159E-5
2.6308989617E-5
1.4598388225E-5
2.1630502306E-5
1.5333748888E-5
1.2651609723E-5
1.3517995831E-5
1.8176226876E-5
2.9921182431E-5
2.9262772295E-5
3.4608668647E-5
3.2098044175E-5
2.6089500169E-5
2.1501176525E-5
1.6179587692E-5
1.0536867194E-5
8.1989448518E-6
2.2262870334E-5
2.6413367595E-5
3.2687757629E-5
3.9445445872E-5
3.2609328627E-5
2.5750580243E-5
1.6618729569E-5
-7.3921401054E-7
-3.6016339436E-6
1.2956757564E-5
2.1325447596E-5
2.3199187126E-5
2.6279746089E-5
1.7165276222E-5
3.3260392956E-5
3.2812147400E-5
2.7744448743E-5
2.4581514298E-5
1.1391763110E-5
9.3061476947E-6
2.2450368851E-5
1.1639378499E-5
1.7313507851E-5
3.0340405646E-5
3.4139270428E-5
3.9495376404E-5
2.8783292509E-5
2.3827422410E-5
1.1503288988E-5
3.4261378459E-6
6.8238587120E-6
2.0965468138E-5
1.7668749206E-5
2.9741693287E-5
3.7167791742E-5
3.9629207458E-5
3.6538438871E-5
3.9538182318E-5
1.9785470795E-5
2.1079904399E-6
-2.5138841011E-6
-2.9470771551E-6
-2.6491703465E-6
2.2053974680E-5
4.1092187166E-5
6.2836194412E-5
4.4168741442E-5
1.6001285985E-6
5.2974908613E-6
1.7384451348E-5
3.0573573895E-6
1.2995197903E-5
6.8988651038E-6
1.6556808259E-5
3.0166120268E-5
4.5838789083E-5
5.9681024868E-5
5.3746451158E-5
3.4718646202E-5
1.0409008246E-5
-9.8951510154E-6
-2.5487982202E-5
-4.0983443614E-5
-1.2848898768E-5
2.7532596141E-5
7.6866545717E-5
1.6878764145E-4
7.5695267882E-5
-6.7962147297E-5
-1.2590502156E-4
-6.1998143793E-6
6.3316780143E-5
9.0662541336E-5
7.1086990648E-5
4.3999124318E-5
2.3591995704E-5
9.8906224594E-6
-4.4990447350E-6
-4.9552996643E-6
8.5188657978E-6
1.1228502262E-5
2.1928141359E-5
3.2328453380E-5
3.5240373108E-5
4.9400562420E-5
3.3522828016E-5
1.5689409338E-5
1.6724271700E-5
1.0327680502E-5
2.2505479864E-5
1.3535376638E-5
2.5055313017E-5
2.8918508905E-5
2.8909661341E-5
2.8300611302E-5
2.5605130940E-5
3.3362186513E-5
2.7969421352E-5
2.0646024495E-5
1.2279022485E-5
1.2056995183E-5
1.2589967810E-5
2.1815265063E-5
2.5068828835E-5
3.3762457314E-5
4.2209320236E-5
2.6251026429E-5
4.0065415669E-5
1.9125116523E-5
2.0061561372E-5
1.4431343880E-5
2.5410845410E-5
1.8258648924E-5
3.0146550852E-5
2.1957280114E-5
1.7721240874E-5
2.3238360881E-5
2.3250351660E-5
3.0919432174E-5
2.2742850705E-5
1.9703258294E-5
2.5269959587E-5
1.8801609985E-5
2.2003124468E-5
1.5576812439E-5
2.3405440151E-5
1.6158632934E-5
3.1226535793E-5
2.4259986821E-5
3.0310626607E-5
3.1659391242E-5
2.3016298655E-5
1.3247772586E-5
1.7859507352E-6
1.4632614330E-5
2.3140804842E-5
2.3892498575E-5
2.1387392189E-5
2.6589212939E-5
2.8468808158E-5
3.5635975655E-5
3.1134102027E-5
2.6725453789E-5
1.5914731193E-5
-9.6106668936E-7
2.1396670490E-6
3.2160186674E-5
2.6404205709E-5
3.5253807436E-5
3.4043274353E-5
2.5546737014E-5
2.1178042516E-5
1.9598938525E-5
9.2634116300E-6
2.2878800519E-5
1.7618748825E-5
1.9207270816E-5
2.8835365082E-5
2.9751518740E-5
2.5724514852E-5
2.4988013319E-5
2.1195656154E-5
4.0862860623E-5
2.8097140602E-5
7.7686272560E-7
2.5535235181E-6
-5.6647229940E-6
2.0524777937E-5
4.4959050138E-5
4.6611775178E-5
3.5955768544E-5
2.5025790091E-5
1.5816942323E-5
8.8534201496E-6
8.7409396657E-6
1.9983213860E-5
2.7063942979E-5
2.6635173707E-5
3.4399190917E-5
3.1384639441E-5
1.9774038810E-5
2.2483081556E-5
2.0672404207E-5
1.4004693367E-5
1.1286768131E-5
1.5675148461E-5
1.4292635024E-5
2.0950753241E-5
1.6713526565E-5
1.9990326836E-5
2.4053547531E-5
2.3994175717E-5
2.4299370124E-5
2.3820239584E-5
3.1766749452E-5
3.3562385942E-5
3.1507445964E-5
1.9012927077E-5
-3.0493945815E-6
-2.1550734527E-5
-3.0126562341E-5
-3.8921134548E-7
1.1554723606E-4
9.2674558984E-5
-2.9381387866E-5
-4.7206575983E-5
-3.0065327882E-5
-5.9143174440E-6
2.3711100220E-5
3.7400808650E-5
4.8034195788E-5
5.8807793540E-5
3.8722355384E-5
1.5287823044E-5
8.0795260147E-6
-2.3929984309E-6
-3.5176170058E-6
8.9990207927E-6
1.9152113236E-5
2.8978846966E-5
3.2084551639E-5
3.8094783667E-5
3.4171401056E-5
3.0909536871E-5
2.1662656217E-5
8.4268976935E-6
8.1305042842E-6
1.2687570415E-5
1.8249324057E-5
2.7810561004E-5
1.9477005116E-5
2.2110261488E-5
3.0060764401E-5
2.2117956541E-5
2.1466612815E-5
1.2265192345E-5
1.0490790010E-5
1.0037573520E-5
2.1844671573E-5
2.2207980509E-5
2.8311042114E-5
2.5334430392E-5
2.1581421606E-5
2.4246436077E-5
2.4893507361E-5
1.6580440570E-5
1.0275107343E-5
1.5218148474E-5
2.4452258366E-5
1.8665683456E-5
2.0400842186E-5
2.9294006525E-5
2.0779634360E-5
2.1822692360E-5
2.3865851107E-5
1.5918037388E-5
2.6033911853E-5
1.2451852672E-5
2.1828094031E-5
1.6985752154E-5
2.2933247964E-5
2.0500016397E-5
2.4655205197E-5
3.1038303859E-5
2.0956667140E-5
2.3986899759E-5
2.5798962451E-5
1.3853190467E-5
2.6134948711E-5
9.1667752714E-6
1.8279941286E-5
2.3074774071E-5
2.8231949545E-5
2.3007183335E-5
2.4668651166E-5
1.9814097322E-5
2.1455704700E-5
1.9834679551E-5
9.8110642286E-6
1.5437055845E-5
2.0108278841E-5
2.9727583750E-5
2.2480345796E-5
3.4830311778E-5
2.3632461670E-5
1.9964238163E-5
1.8517801072E-5
2.1619896870E-5
1.1839042418E-5
1.2105610222E-5
1.8410908524E-5
1.5719654039E-5
1.9773340318E-5
2.4886999744E-5
2.8971885330E-5
2.3611960932E-5
1.4216359705E-5
8.8588800283E-6
1.1213985272E-5
1.6480754130E-5
8.8118948043E-6
1.9487901590E-5
2.3435323964E-5
2.9741646721E-5
3.1742569990E-5
2.4978024884E-5
1.9301951397E-5
1.9444164354E-5
1.1026731227E-5
4.3573090805E-7
5.9258658440E-6
1.6022345517E-5
1.8598558381E-5
3.3690559211E-5
2.4414062500E-5
2.5928160175E-5
1.9997241907E-5
2.4745392147E-5
1.7967680469E-5
1.1266709771E-5
7.1531278082E-6
1.6506062820E-5
1.1761160567E-5
1.2792239431E-5
2.9334647114E-5
2.8700008988E-5
2.1990633103E-5
2.8538203332E-5
2.2494723089E-5
2.0668387878E-5
1.4281284530E-5
1.2050883379E-5
1.6895891167E-5
2.4414062500E-5
1.5060242731E-5
3.0370010062E-5
2.8868706430E-5
3.5275786649E-5
2.8255104552E-5
1.1792394798E-5
1.1460029055E-5
-1.6600708477E-6
1.8564751373E-7
1.1978729162E-5
2.0338851027E-5
3.5349454265E-5
4.7571118921E-5
4.5180134475E-5
4.1423377115E-5
2.9886397532E-5
2.9614195227E-6
-8.7791937403E-6
-1.0162941180E-5
-6.8326597102E-6
2.0080478861E-7
4.3096032459E-5
7.6661061032E-5
5.3215271328E-5
2.2975215688E-5
1.7598713748E-5
1.3879325707E-5
2.9464485124E-6
-2.0784523803E-5
1.1233962141E-6
4.0575745516E-6
2.5716610252E-5
5.5123167113E-5
8.2780281082E-5
8.5568707438E-5
7.2751787959E-5
9.2890346424E-6
-1.0678103427E-4
-1.0032192804E-4
4.2912119534E-5
1.7690358218E-4
1.2050414225E-4
3.7452846299E-5
2.8657959774E-6
-2.5038176681E-5
-2.5988905690E-5
-8.4441388026E-6
7.1307411418E-6
3.3199181780E-5
4.4170510955E-5
4.7321524471E-5
5.2927481011E-5
3.1509157269E-5
2.1805695723E-5
1.3334082905E-5
7.3731760495E-6
1.1904560961E-5
1.7797271721E-5
1.9843166228E-5
1.7903337721E-5
3.2049114815E-5
2.8548436239E-5
3.1285639852E-5
2.4770665913E-5
3.1600322108E-5
1.1016009375E-5
6.6700158642E-6
1.2554484420E-5
1.8924707547E-6
3.5933684558E-6
2.5452300906E-5
2.6021082885E-5
2.8522103092E-5
2.5388924405E-5
2.7933018281E-5
1.8278695643E-5
1.4371983707E-5
1.9402883481E-5
1.0900304187E-5
1.5123444609E-5
2.5510520208E-5
2.3842579685E-5
2.1512142848E-5
3.1388911883E-5
2.4240335915E-5
1.3128144201E-5
1.6477773897E-5
2.0445347763E-5
1.0613689665E-5
2.2105744574E-5
1.8255203031E-5
2.4780165404E-5
2.2906623780E-5
1.9843969494E-5
2.1159381140E-5
2.4647451936E-5
2.2009015083E-5
2.5539903435E-5
2.7620408218E-5
5.6387856603E-6
8.6638261565E-6
5.9886020608E-6
1.7051026225E-5
3.1666131689E-5
3.7976680323E-5
2.2244488354E-5
2.1620455663E-5
1.7109105829E-5
2.8445234056E-5
1.5620898921E-5
1.7446663696E-5
2.3257103748E-5
1.1458108202E-5
1.3635191135E-5
1.2023479212E-5
2.4619710166E-5
2.2340111900E-5
3.5730493255E-5
3.4902279730E-5
3.0138052533E-5
1.8034235109E-5
9.0454472230E-6
-1.2593576685E-6
1.7210969236E-5
2.4819304235E-5
2.4079822469E-5
1.8246052786E-5
2.5083404034E-5
1.9234733190E-5
1.7567712348E-5
1.1406443082E-5
2.4414062500E-5
2.5160494260E-5
5.3511001170E-6
1.0908383411E-5
1.7518317327E-5
4.3691822793E-5
5.2646757104E-5
3.3442466519E-5
1.6380182933E-5
7.3103699835E-6
4.3921987526E-6
5.5170734414E-6
1.9863015041E-5
2.2840755991E-5
3.4954096190E-5
3.3676763996E-5
3.0029204207E-5
2.3821298964E-5
9.2230970040E-6
-1.9433791749E-6
3.3108401112E-6
8.7757245638E-6
9.3484180980E-6
1.6144278925E-5
2.9074947815E-5
2.8576166368E-5
2.5178899522E-5
2.8137862681E-5
1.9483023788E-5
1.7344276421E-5
1.2531212997E-5
1.3280939311E-5
1.4816876501E-5
1.4587061014E-5
2.9980856924E-5
2.0614080131E-5
1.5153386630E-5
1.8039543647E-5
2.6633718515E-5
2.0659272559E-5
3.1213928014E-5
3.6444084253E-5
3.8079323712E-5
3.2882043160E-5
1.4866620768E-5
-1.6275281087E-5
-4.7890620772E-5
-2.4311197921E-5
1.1931569315E-4
9.5176638572E-5
-8.0415047706E-6
-2.8898834715E-5
-2.0637153648E-5
-1.1918134987E-5
1.4379201457E-5
3.1359191052E-5
4.1394180152E-5
3.3958023413E-5
3.2564927823E-5
2.7175166178E-5
2.3708050139E-5
6.6773034633E-6
2.9052607715E-6
1.3791117817E-5
1.7636653501E-5
2.6068231090E-5
2.5970570277E-5
3.7055229766E-5
2.9738037845E-5
2.3444427642E-5
2.2328039630E-5
1.7740251496E-5
1.7440191004E-5
1.9295990932E-5
1.6210461035E-5
2.9526592697E-5
2.5686179287E-5
3.4587224944E-5
3.0355015769E-5
2.2990186698E-5
2.7625344227E-5
1.6838219017E-5
1.6097549815E-5
1.6449554823E-5
2.2385048214E-5
1.7268408556E-5
2.5359995197E-5
1.9201601389E-5
2.2713816724E-5
2.1598872263E-5
2.6592810172E-5
1.5064282343E-5
1.7902581021E-5
1.1069304310E-5
2.1451327484E-5
1.8975429702E-5
1.0343932081E-5
1.6680522822E-5
2.4617626331E-5
2.7693843002E-5
3.0316552146E-5
2.1944288164E-5
1.8786790315E-5
2.4819478857E-5
5.2535324357E-6
1.8691318109E-5
2.7247541583E-5
2.1942774765E-5
1.9094091840E-5
3.1642150133E-5
1.8689024728E-5
2.4956022389E-5
1.5005911700E-5
2.0689424127E-5
2.7022603899E-5
8.6053740234E-6
2.4658418260E-5
1.8949282821E-5
3.0962179879E-5
3.2948330044E-5
2.3498665541E-5
2.8683047275E-5
1.4545128215E-5
1.3936124742E-5
1.6945891548E-5
1.2628722470E-5
1.1984037701E-5
2.3283320479E-5
2.5561172514E-5
2.3555627558E-5
2.6887725107E-5
2.7746940031E-5
1.6436469741E-5
2.1348509471E-5
7.6223164798E-6
1.3301416766E-5
1.4170655049E-5
2.2698077373E-5
1.5444564633E-5
2.5522103533E-5
2.2258737590E-5
3.1973945442E-5
2.2553349845E-5
1.6839720774E-5
7.0704030805E-6
8.6344662123E-6
1.4528597239E-5
2.3642904125E-6
1.8354249187E-5
3.5532983019E-5
3.5966886207E-5
3.8290675729E-5
2.9900867957E-5
1.4169886708E-5
2.0136008970E-6
2.4070730433E-6
1.6262917779E-5
1.7615989782E-5
1.8217123579E-5
1.6906287055E-5
1.8029834609E-5
2.5261368136E-5
2.3339560721E-5
2.8575153555E-5
1.7625174951E-5
7.5609772467E-6
1.3181543909E-5
1.7013680190E-5
1.4798832126E-5
1.7970683984E-5
2.6535254437E-5
3.4299003891E-5
2.9171502682E-5
2.6352668646E-5
2.9256788547E-5
2.1657580509E-5
1.6430276446E-5
1.1805735994E-5
9.5421797596E-6
9.1988826171E-6
1.6735668760E-5
3.1235720962E-5
4.0556723252E-5
3.9381731767E-5
2.4383736308E-5
3.3581163734E-5
1.0583992116E-5
9.0067973361E-6
-4.8162764870E-6
-1.3797543943E-6
1.0088458657E-5
3.0602305195E-5
4.3380213901E-5
5.6851515547E-5
5.5632565636E-5
4.1219824925E-5
2.0001886878E-5
-1.0567798745E-5
-3.2082712277E-5
-2.2473814897E-5
2.0114949439E-5
4.5966985635E-5
4.5961479191E-5
6.3612952364E-5
7.5802730865E-5
5.6331325323E-5
2.0364578813E-5
-2.5690556503E-5
-6.6829251592E-5
-9.4920431732E-5
-8.6263287813E-6
1.3830198441E-4
1.5164591605E-4
3.1010806560E-5
-8.5793097971E-5
-7.3257868646E-5
-4.1754450649E-5
-5.0731352531E-6
3.7451868411E-5
6.1036262196E-5
5.9026281815E-5
5.4943643045E-5
3.4189410507E-5
1.8452026415E-5
4.4600456022E-6
-8.0710276962E-6
-2.4902983569E-6
1.2101372704E-6
2.4917640257E-5
3.4460984170E-5
3.0948803759E-5
4.5226339716E-5
3.2085971906E-5
2.6105728465E-5
1.9184523262E-5
8.1182923169E-6
4.3886480853E-6
9.4888848253E-6
3.6379438825E-6
1.3414723799E-5
2.7435889933E-5
3.9770267903E-5
3.8185005541E-5
2.7910340577E-5
2.2550264839E-5
1.6702665016E-5
1.3832794502E-5
1.7217523418E-5
4.2887870222E-6
1.8792599440E-5
1.3480230700E-5
3.0986987985E-5
3.3003056887E-5
3.0070415231E-5
2.5603966787E-5
2.1641585044E-5
1.4038616791E-5
1.0047829710E-5
1.8374330830E-5
2.0472775213E-5
1.3802165631E-5
1.7545162700E-5
2.4639582261E-5
1.9079563208E-5
2.7028750627E-5
2.5218643713E-5
1.7715466674E-5
2.6692170649E-5
1.1730124243E-5
1.6506575048E-5
1.6947172116E-5
9.7412732430E-6
2.2442312911E-5
3.5061547532E-5
3.5494251642E-5
2.5284872390E-5
2.7132942340E-5
1.0871281847E-5
1.5815370716E-5
1.4980498236E-5
1.4427001588E-5
1.7107219901E-5
2.4234398733E-5
2.1639105398E-5
1.8543575424E-5
2.8525618835E-5
1.5082117170E-5
1.9427342340E-5
1.8491444643E-5
2.9478792566E-5
1.6955542378E-5
2.1142698824E-5
1.5916908160E-5
1.4200608712E-5
1.8556241411E-5
2.7398474048E-5
2.9586965683E-5
2.5861896574E-5
2.6933173648E-5
2.6641471777E-5
3.0909455380E-5
2.7920573483E-5
4.6258443035E-6
-2.1988758817E-6
7.0184585639E-6
2.1507218480E-5
3.1632534227E-5
2.4686765391E-5
4.1234167292E-5
4.0147826075E-5
1.8516858108E-5
3.7290970795E-6
-3.0200113543E-6
1.2286473066E-5
2.1537672727E-5
2.8862140606E-5
3.0816916841E-5
3.7743465509E-5
3.5146577283E-5
2.1551770623E-5
1.7061096150E-5
7.8859040515E-6
1.1886481661E-5
1.2371840421E-5
1.9366305787E-5
2.5909091345E-5
4.1006680112E-5
3.3276900649E-5
3.0224747023E-5
2.0737247541E-5
2.0247325301E-5
1.3709464110E-5
-1.2964010239E-6
1.6893993597E-5
1.6042857896E-5
2.5211367755E-5
2.7028529438E-5
2.8105778619E-5
2.4801562540E-5
1.6327702906E-5
2.1961273159E-5
2.2748694755E-5
2.0836794283E-5
1.7178931739E-5
1.8914195243E-5
1.3052893337E-5
1.4264136553E-6
1.1764303781E-5
2.1213234868E-5
1.8433027435E-5
1.3655947987E-5
2.4414062500E-5
3.3987301867E-5
3.7174043245E-5
3.9298529736E-5
1.8940842710E-5
-9.7543234005E-7
-3.6370672751E-5
-2.5130307767E-5
9.4521115537E-5
7.7632593459E-5
1.4492089395E-5
-4.4689513743E-6
-6.1348197051E-6
1.1244276539E-5
1.7810647841E-5
2.4414062500E-5
2.4626718368E-5
4.0916330181E-5
3.9421301334E-5
3.3566169440E-5
1.3016047888E-5
1.9923783838E-5
6.2884646468E-6
7.7810371296E-6
1.1352123693E-5
2.1600618492E-5
2.7249509002E-5
2.0689598750E-5
2.4519721046E-5
2.9756908770E-5
1.6708881594E-5
1.7655419651E-5
1.6125664115E-5
1.9386713393E-5
1.8529850058E-5
1.1539680418E-5
2.8166512492E-5
2.7304410468E-5
2.2646936122E-5
3.3157784491E-5
2.6586942840E-5
1.6535888426E-5
2.4953740648E-5
1.7388956621E-5
1.6569218132E-5
1.6013311688E-5
1.6670359764E-5
1.2805033475E-5
2.1576846484E-5
2.3762206546E-5
2.8056069276E-5
3.0783389228E-5
1.9609066657E-5
1.2718117796E-5
2.1251419093E-5
1.1053332128E-5
1.8985650967E-5
2.7888000476E-5
2.1973391994E-5
3.3304339739E-5
1.9543920643E-5
2.8313277289E-5
2.5512150022E-5
2.0487525034E-5
2.0731333643E-5
2.2664770949E-5
2.3637118283E-5
2.1906639449E-5
1.0193826165E-5
3.2840704079E-5
3.2287195789E-5
2.4483096785E-5
1.6878533643E-5
1.3738183770E-5
2.1507416386E-5
1.2521026656E-5
8.0237048679E-6
1.3315328397E-5
2.4478544946E-5
3.0087411869E-5
2.2928044200E-5
2.0712520927E-5
7.8212236986E-6
1.2728699949E-5
1.1819566134E-5
1.2877862901E-5
2.3177010007E-6
1.4289561659E-5
1.6761128791E-5
3.0037842224E-5
2.5320262648E-5
3.1637400388E-5
3.3992971293E-5
1.7965037841E-5
1.9345153123E-5
1.2758420780E-5
9.7160809674E-6
9.9069206045E-6
1.3109680731E-5
2.8322846628E-5
2.2882665507E-5
3.1240563839E-5
4.4975394848E-5
3.0806125141E-5
9.8496442661E-6
1.2126599904E-5
9.2787202449E-6
4.3715815991E-6
2.5683024431E-5
3.8324855268E-5
3.6918185651E-5
1.7981708515E-5
2.4037144612E-5
1.4757469762E-5
2.2396456916E-5
1.9482336938E-5
1.5777209774E-5
1.6487180255E-5
2.1841505076E-5
1.3262336142E-5
2.5335128884E-5
3.2351992558E-5
2.9502657707E-5
3.2590783666E-5
2.8809439390E-5
1.4034053311E-5
6.5577332862E-6
6.3657411374E-6
-2.9272632674E-7
9.6187461168E-6
9.1621535831E-6
2.3460679221E-5
4.0461111348E-5
3.9726367685E-5
2.7599907479E-5
2.6424380484E-5
2.3971451446E-5
2.5639543310E-6
4.4354354032E-6
1.8316088244E-6
8.2958023996E-6
2.4368416052E-5
4.0384370368E-5
5.1225628704E-5
4.6312436461E-5
4.4207973406E-5
2.5253032799E-5
5.5542914196E-7
-1.6027991660E-5
-1.3014406431E-5
-3.1663570553E-6
2.0381039940E-5
4.5130401850E-5
7.7640777456E-5
7.8442494856E-5
4.5006955042E-5
1.9602593966E-6
-2.1928315982E-5
-3.4222216345E-5
-2.6991462800E-5
-3.7676130887E-5
7.2913710028E-6
1.0349539807E-4
1.5794517239E-4
5.5283051916E-5
-8.1886118281E-5
-1.4660699526E-4
-3.7725083530E-5
3.7286709994E-5
7.9325097617E-5
7.4697472157E-5
7.4824504556E-5
4.7874159645E-5
2.4151138495E-5
5.9981131927E-6
-8.1377686001E-6
-8.3435210400E-6
3.1072879210E-6
1.5346845612E-5
2.9621284920E-5
4.2677542660E-5
4.2195816058E-5
3.5854999441E-5
2.4901016149E-5
1.9276794046E-5
1.3356038835E-5
6.8260822446E-6
1.5434320085E-5
2.1513272076E-5
2.6123051065E-5
2.6088103185E-5
1.2051034719E-5
3.3889594487E-5
2.4414062500E-5
4.2982224840E-5
1.3340869918E-5
1.6735133249E-5
2.4682725780E-6
1.9806402270E-5
1.7041712999E-5
2.9722251928E-5
3.3176143187E-5
2.7593143749E-5
3.1981884967E-5
2.7802202384E-5
2.1520210430E-5
9.1851106845E-6
9.7892014310E-6
1.3655005023E-5
1.4400703367E-5
1.9723409786E-5
2.9710202943E-5
2.7399614918E-5
3.0775007326E-5
2.2286735475E-5
2.5196641217E-5
1.6399601009E-5
1.9626994617E-5
2.3806060198E-5
1.2477021664E-5
5.2750227042E-6
1.7274124548E-5
2.0061281975E-5
3.0479917768E-5
3.9395911153E-5
3.0703062656E-5
2.5866134092E-5
2.5195651687E-5
1.1127162725E-5
8.4363389762E-6
1.5626393724E-5
1.0130042210E-5
1.0573514737E-5
2.7850328478E-5
2.7474935631E-5
2.5919999461E-5
2.4395959916E-5
2.4145061615E-5
2.0142470021E-5
1.7218803987E-5
1.7409282736E-5
2.3623916785E-5
1.7087720334E-5
1.3892468996E-5
2.1642597857E-5
1.5266833361E-5
2.2270740010E-5
2.5335792452E-5
2.8040341566E-5
2.0711065735E-5
2.3241224698E-5
1.6122951638E-5
1.3250275515E-5
1.1924409773E-5
1.4787656255E-5
8.4270257503E-6
1.7076730728E-5
1.7852708697E-5
2.5023939088E-5
3.1466374639E-5
3.2735557760E-5
3.8948736618E-5
1.4150573406E-5
-1.0290893260E-5
-1.2896303087E-5
2.6903417892E-5
6.3202786260E-5
5.5814709049E-5
3.2776361331E-5
1.8270430155E-5
2.2112741135E-6
3.1866482459E-6
3.8304366172E-6
1.5020696446E-5
1.8654053565E-5
2.6949809398E-5
4.0799472481E-5
3.4350890200E-5
1.8142303452E-5
2.2686808369E-5
1.1906959117E-5
1.3007526286E-5
6.7597487942E-6
1.2041011360E-5
1.6940385103E-5
2.9413076117E-5
2.8774898964E-5
3.2154389190E-5
3.2495416235E-5
2.6046356650E-5
1.6770546790E-5
1.6002147458E-5
1.2595835142E-5
2.0542123820E-5
2.1052884403E-5
2.2784562315E-5
1.6759952996E-5
2.4766719434E-5
2.3276032879E-5
1.8274330068E-5
1.2252922170E-5
2.2523989901E-5
1.8248322885E-5
1.9965239334E-5
1.6680406406E-5
2.4964346084E-5
1.7300224863E-5
1.7849868163E-5
1.3563397806E-5
1.5865080059E-5
1.4674453996E-5
3.1335302628E-5
2.8843048494E-5
3.0674552544E-5
3.3160683232E-5
2.2372615057E-5
1.2573064305E-5
-3.6615331191E-5
-1.5155936126E-5
1.0649283650E-4
5.8907375206E-5
2.8355780522E-5
5.3132534959E-6
-1.9492581487E-6
-2.1878979169E-6
1.6356713604E-5
1.5336670913E-5
2.6135891675E-5
3.0457891988E-5
3.5558175295E-5
3.2153783831E-5
2.6310863904E-5
2.3140921257E-5
4.8569403589E-6
9.2788599433E-6
2.4159811437E-5
1.6327854246E-5
1.8955545965E-5
2.0185101312E-5
2.3304473143E-5
3.1808926722E-5
2.1535670384E-5
3.2655114772E-5
2.1171651315E-5
1.8075644038E-5
1.4268106315E-5
2.1199684124E-5
2.4090847000E-5
2.5647028814E-5
2.0056625362E-5
3.2873521558E-5
3.6771944723E-5
2.0808272529E-5
3.1425734049E-5
2.1234585437E-5
1.7292331904E-5
1.2741109822E-5
1.2786674779E-5
1.3284978923E-5
2.9314320999E-5
3.0212441924E-5
2.1052605007E-5
2.7082650921E-5
2.3512274492E-5
1.1242018081E-5
1.4620914590E-5
2.3619958665E-5
1.3265153393E-5
2.1020486019E-5
1.8978794105E-5
3.5359896719E-5
2.4688919074E-5
2.7077866252E-5
2.6230316142E-5
1.5924370382E-5
5.0141825341E-6
1.0590511374E-5
2.0310364198E-5
1.9396375864E-5
3.2370164989E-5
2.4627975653E-5
2.8929521795E-5
2.8598331845E-5
2.1134130656E-5
2.6200164575E-5
2.1022767760E-5
5.7242228650E-6
7.5355288573E-6
2.5126070249E-5
2.2142101079E-5
2.6695465203E-5
2.3253576364E-5
3.1161669175E-5
2.6387069374E-5
1.6041914932E-5
1.6459776088E-5
8.2416925580E-6
1.8569082022E-5
1.2719875667E-5
2.2901897318E-5
3.0614458955E-5
3.4513871650E-5
3.4266291186E-5
3.1378201674E-5
2.8679717797E-5
1.9681500271E-5
1.0635575745E-5
6.0405815021E-6
1.1633068789E-5
8.0026569777E-6
2.6802078354E-5
2.9133656061E-5
4.0666456334E-5
3.9285817183E-5
2.0727619994E-5
6.3929706812E-6
1.8808292225E-6
1.4674896374E-5
2.0619959105E-5
1.8519477453E-5
3.0480674467E-5
2.3583334404E-5
4.1313061956E-5
3.2132503110E-5
3.7699984386E-5
2.2683420684E-5
1.3047864195E-5
2.0547816530E-5
1.5209591948E-5
1.0790769011E-6
1.8443551380E-5
1.5088473447E-5
2.4847080930E-5
3.9516820106E-5
2.8812629170E-5
3.4376035909E-5
2.4389871396E-5
1.8280581571E-5
1.3650441542E-5
5.6862132624E-6
8.0125988462E-6
1.5985500067E-5
2.3980066180E-5
4.3566862587E-5
4.6897924039E-5
5.1835458726E-5
3.7018395960E-5
3.4044671337E-5
5.6967372075E-6
-5.9279846031E-7
-6.9072702900E-6
-1.4149700291E-6
1.3356585987E-5
3.1933223362E-5
5.8851076756E-5
7.9415598886E-5
6.3247804065E-5
2.9277068096E-5
-5.2924617194E-6
-4.0778808761E-5
-6.2526564580E-5
-1.7798144836E-5
2.7803657576E-5
7.6662562789E-5
1.2836286332E-4
1.4662368922E-4
3.4504430368E-5
-1.0061778594E-4
-1.2799486285E-4
-1.7312413547E-5
1.0706423782E-4
1.2432616204E-4
9.1082684233E-5
5.5136554875E-5
2.2328062914E-5
-1.5603005886E-5
-2.4356390349E-5
-1.8958607688E-5
1.6036792658E-6
1.0600744281E-5
3.1356432009E-5
4.4113886543E-5
5.5755604990E-5
4.5713677537E-5
1.8008064944E-5
1.0726822075E-5
4.9912254326E-6
-3.2667419873E-6
8.5425563157E-6
1.0662293062E-5
2.3823278024E-5
3.5788572858E-5
2.6745256036E-5
3.2718677539E-5
2.6379863265E-5
2.0239164587E-5
1.3541791122E-5
1.3444852084E-5
1.3349647634E-5
1.3523327652E-5
1.9524223171E-5
1.8155074212E-5
3.5353179555E-5
3.5892939194E-5
2.9582565184E-5
3.7543149664E-5
2.3636152036E-5
3.5119359381E-6
5.9949234128E-6
9.4596296550E-6
1.4861393720E-5
1.9684899598E-5
2.7870328631E-5
3.2328872475E-5
2.8253940399E-5
3.4211075398E-5
2.0059605595E-5
1.8107087817E-5
2.0838563796E-5
2.5594176258E-5
1.2879457790E-5
1.8907687627E-5
1.3301498257E-5
1.9546248950E-5
2.3813592270E-5
2.9372191056E-5
2.7371349278E-5
3.0533096287E-5
2.0311167463E-5
1.9571965094E-5
5.4491683841E-6
1.1160608847E-5
2.3091339971E-5
2.6654172688E-5
3.1403801403E-5
4.2472197674E-5
3.2046076375E-5
1.9486388191E-5
1.1769996490E-5
2.4612830020E-5
2.1336262580E-5
1.7020280939E-5
1.3280939311E-5
2.3905141278E-5
1.5299033839E-5
1.7095252406E-5
2.2699323016E-5
2.1339603699E-5
2.6540749240E-5
3.3887987956E-5
2.8104102238E-5
1.6123917885E-5
2.4349149316E-5
1.8349476158E-5
2.4073838721E-5
1.5667336993E-5
2.7035747188E-5
2.3817992769E-5
2.3466011043E-5
1.6541965306E-5
2.4118309374E-5
1.9164592959E-5
2.1432968787E-5
2.1692924201E-5
2.0790635608E-5
9.5530762337E-6
4.2019179091E-6
2.4414062500E-5
6.4863939771E-6
4.9618072808E-5
3.7439959123E-5
2.4699314962E-5
-1.9841012545E-6
3.2971729525E-6
1.5402585268E-5
1.5019974671E-5
2.4985952768E-5
1.5114608687E-5
2.9929762240E-5
3.5822868812E-5
2.3946817964E-5
2.2216967772E-5
9.0685905889E-6
2.4253514129E-5
6.4796768127E-7
8.1363716164E-6
2.6609317865E-5
3.4952443092E-5
3.5561295225E-5
3.4079735632E-5
1.6571301967E-5
1.8331804313E-5
9.5860334114E-6
1.5468220226E-5
2.2999593056E-5
1.8037878908E-5
1.7155089881E-5
2.4231930728E-5
3.3683842046E-5
1.4967576135E-5
2.4678860790E-5
1.7480575479E-5
1.6941851936E-5
1.4111422934E-5
1.6119808424E-5
2.6055192574E-5
2.1850131452E-5
3.2981182447E-5
2.5424372870E-5
2.0922499243E-5
2.0663440227E-5
1.7494766507E-5
2.4508987552E-5
3.0233268625E-5
2.4627172388E-5
2.1203351207E-5
2.1479965653E-5
2.5189318693E-5
2.2481800988E-5
1.3510568533E-5
1.3947626576E-5
2.1553738042E-5
2.1733029279E-5
2.2113078739E-5
2.5908916722E-5
4.1145645082E-5
3.2790692057E-5
1.1118385010E-5
-4.5727577526E-5
1.1891569011E-5
6.7018799019E-5
5.6196306833E-5
4.2683456559E-5
1.6726530157E-5
1.2912566308E-5
1.0432465933E-5
9.6938689240E-6
1.0316679254E-5
2.4374562781E-5
2.4257844779E-5
2.8240680694E-5
3.5143271088E-5
2.5437807198E-5
1.8246786203E-5
2.0264578052E-5
1.5089137014E-5
1.6915146261E-5
2.1238601766E-5
2.2626039571E-5
2.5530380662E-5
2.2483267821E-5
2.4988513905E-5
2.5769881903E-5
3.6271288990E-5
1.8708582502E-5
2.1443492732E-5
2.2356910631E-5
1.5140976757E-5
2.1151825785E-5
2.2699299734E-5
2.1270872093E-5
1.7489539459E-5
1.8109823577E-5
2.5868450756E-5
2.5905389338E-5
2.4690188001E-5
1.6663444694E-5
2.2972968872E-5
1.1528294999E-5
1.6736180987E-5
2.3300771135E-5
