<| "Configuration" -> <| "Acquisition device" -> "UHFLI",  "Start time" -> "10/27/2021 14:07:12",  "Finish time" -> "10/27/2021 15:56:51", "Comments" -> "" |>, "Dimensions" -> {<| "Name" -> "Frequency 1", "Start" -> 6.200000*^+9, "Stop" -> 6.800000*^+9, "Step size" -> 2.000000*^+6 |>, <| "Name" -> "DC Voltage 1", "Start" -> -6.600000*^+0, "Stop" -> -7.400000*^+0, "Step size" -> -5.000000*^-2 |>}, "DataInfo" -> <| "Measured Spots" -> 5.117000*^+3,  "Samples" -> 1,  "Segments" -> 1,  "dFactor" -> 1,  "Sampling Time" -> 7.111111*^-8|>|>
2.0543532446E-5
2.6061187963E-5
2.7597090229E-5
3.6825228016E-5
2.8590171131E-5
3.5922043025E-5
3.2514764461E-5
2.4647242389E-5
1.9044650253E-5
1.3598252554E-5
2.5503849610E-5
2.6846386026E-5
2.2556923795E-5
2.9698677825E-5
2.1939165890E-5
2.9125169384E-5
2.6165007148E-5
2.6361073832E-5
2.1115515846E-5
1.5207275283E-5
1.9057875033E-5
2.7398229576E-5
2.9264471959E-5
2.6002712547E-5
3.6255968734E-5
2.0779378246E-5
2.6412575971E-5
3.0198146122E-5
2.1102826576E-5
1.4992454089E-5
2.2978382185E-5
1.8975068814E-5
2.8318341355E-5
3.1339353880E-5
2.1705694962E-5
3.6447588354E-5
3.4844968467E-5
2.5874853599E-5
1.9204628188E-5
1.9316258840E-5
1.0893400759E-5
2.5983166414E-5
2.0394520834E-5
2.7371663599E-5
2.2091506980E-5
3.1614978797E-5
3.2890797592E-5
1.8600176554E-5
2.1252862643E-5
2.6447768322E-5
2.3406266700E-5
2.3109721951E-5
2.7674622833E-5
3.1550519633E-5
3.3221789635E-5
3.2485043629E-5
3.5036122425E-5
3.8962368853E-5
3.6000262480E-5
1.9367493223E-5
2.2915005683E-5
2.4486391339E-5
2.3194099776E-5
2.1983741317E-5
3.1456071883E-5
3.2238068524E-5
3.5682064481E-5
4.5438343659E-5
3.7042738403E-5
2.4301162920E-5
1.8216145690E-5
1.4372530859E-5
2.2254290525E-5
1.3051240239E-5
2.7833366766E-5
3.1791452783E-5
3.3680372870E-5
3.0077702831E-5
3.5530014428E-5
2.9185449238E-5
2.4643039796E-5
1.6076548491E-5
1.5945837367E-5
1.6911164857E-5
1.4187360648E-5
2.0040455274E-5
3.3470895140E-5
3.3834378700E-5
4.1381001938E-5
3.5533495247E-5
2.2630614694E-5
2.4726288393E-5
1.7277267761E-5
1.2530351524E-5
1.3186444994E-5
1.9505852833E-5
2.3391831200E-5
4.4271757360E-5
4.2608659714E-5
3.7659634836E-5
2.8494268189E-5
3.1055836006E-5
1.6230857000E-5
4.5978580601E-6
1.0886159726E-5
7.7079515904E-6
2.0602368749E-5
2.8036127332E-5
4.8773270100E-5
5.0523399841E-5
4.6204437967E-5
4.0134449955E-5
1.1358689517E-5
3.9614969864E-6
-3.2408162951E-6
-1.9050086849E-6
1.2492341921E-5
2.3889343719E-5
6.0274719727E-5
6.1728234869E-5
5.5242853704E-5
5.1207107026E-5
2.1813996136E-5
-1.2141792104E-5
-3.4484162460E-5
-3.4101959318E-5
9.8550226541E-6
3.9553176611E-5
7.8232528179E-5
9.9888071420E-5
8.0850021916E-5
1.5924405306E-5
-2.0430551376E-5
-3.0850945040E-5
-2.2485433146E-5
2.5562639348E-5
2.0494835917E-5
3.4714862704E-5
3.8859329652E-5
5.2425696049E-5
7.3743809482E-5
8.3143764643E-5
3.8747407960E-5
1.1632381938E-5
-7.5863325039E-5
-1.4709434472E-4
-4.3476675637E-5
1.4224027982E-4
2.4153925478E-4
2.2798555438E-4
-8.5156643764E-6
-1.2454777025E-4
-9.7110541540E-5
-4.3299212121E-5
4.3730717152E-6
4.9165624659E-5
7.7995099130E-5
8.2858314274E-5
6.2671047636E-5
4.6327116434E-5
1.0231265333E-5
-1.3004243374E-5
-1.0349031072E-5
-1.1494522914E-5
5.2609597333E-6
1.6554049216E-5
5.9547135607E-5
5.2954605781E-5
4.6574336011E-5
5.3615483921E-5
3.5027717240E-5
1.6508717090E-5
1.3435143046E-6
3.6756973713E-6
4.2701372876E-6
2.1412048954E-5
3.0488742049E-5
3.7202681414E-5
5.2711402532E-5
4.0479341987E-5
3.2668211496E-5
1.7361948266E-5
1.6748066991E-5
1.3688998297E-5
9.4456598164E-6
1.2346939184E-5
2.2328412160E-5
3.0896742826E-5
3.4983549266E-5
4.3918809388E-5
4.1988643351E-5
3.0701758804E-5
2.6093993801E-5
9.8858261482E-6
2.6568886825E-6
1.3086060062E-5
1.3654062059E-5
2.8695934451E-5
3.5725615452E-5
3.5576149821E-5
3.9670325349E-5
3.2173073850E-5
3.2330548855E-5
2.4084898177E-5
2.0639610011E-5
1.5560758766E-5
8.9990790003E-6
2.5777367409E-5
2.8566853142E-5
3.3880909903E-5
3.2370362896E-5
3.7342263385E-5
2.4554249830E-5
2.7935463003E-5
1.5792192426E-5
2.2628786973E-5
1.6819557641E-5
2.0450865849E-5
2.4330115411E-5
2.9046076815E-5
3.4486618823E-5
3.8033071904E-5
2.1288928110E-5
2.4507916532E-5
2.6843149680E-5
2.1001149434E-5
4.4744811021E-6
2.4362991098E-5
2.5638635270E-5
3.0936300754E-5
3.3751002046E-5
3.8491038139E-5
3.1881930771E-5
3.2929703592E-5
1.9158772192E-5
1.4370796271E-5
1.6894796863E-5
2.0302832126E-5
1.2400990818E-5
2.3877643979E-5
3.0218285973E-5
3.2908085267E-5
2.9116088989E-5
3.4060201141E-5
3.3789617009E-5
2.5102682411E-5
1.7402041703E-5
1.5662075020E-5
2.5960698257E-5
1.7364753876E-5
2.1215341985E-5
3.1409063376E-5
2.9731309040E-5
3.4307106398E-5
2.8522138017E-5
2.8995657339E-5
2.5234033819E-5
2.2052542771E-5
1.8275890034E-5
2.0514125935E-5
3.1170260626E-5
2.3663055617E-5
3.0499475541E-5
3.4441042225E-5
3.5008182748E-5
3.2753217964E-5
2.8740311972E-5
1.9845901988E-5
2.8774933889E-5
1.2805021834E-5
2.0456511993E-5
2.9831158462E-5
2.8133520390E-5
3.5786407533E-5
2.1009438205E-5
2.9244646429E-5
2.4177890736E-5
2.0516163204E-5
2.3791310377E-5
1.8555438146E-5
1.5065574553E-5
2.5237374938E-5
2.5184173136E-5
2.4975766427E-5
3.3045175950E-5
2.8775213285E-5
1.8367159646E-5
2.9251293744E-5
2.0420516375E-5
1.9538751803E-5
2.6372005231E-5
1.9495305604E-5
1.7836841289E-5
2.9274658299E-5
3.3265131059E-5
3.4289550966E-5
3.0276167671E-5
2.8955470770E-5
2.6896712370E-5
2.1426903549E-5
1.1287268717E-5
2.1675776224E-5
2.3907586000E-5
2.7506554033E-5
2.8289062902E-5
2.3247417993E-5
3.0727742704E-5
1.6867939848E-5
1.0566879064E-5
1.8180464394E-5
2.4035875685E-5
3.1158758792E-5
2.7294759638E-5
2.4946848861E-5
2.4072674568E-5
2.5891826953E-5
2.7571921236E-5
2.2519472986E-5
3.1725864391E-5
1.3351673260E-5
1.0544445831E-5
2.3844966199E-5
2.5455513968E-5
3.2577046658E-5
2.5649543386E-5
2.6569224428E-5
3.0845438595E-5
2.5831011589E-5
2.5507982354E-5
1.9611942116E-5
2.5150878354E-5
1.3057247270E-5
2.0188139751E-5
2.3728923406E-5
3.1489843968E-5
2.4355459027E-5
2.8317805845E-5
2.7146970387E-5
2.9162946156E-5
1.6309320927E-5
1.3811839745E-5
2.9399024787E-5
1.9607518334E-5
1.6918452457E-5
3.9226945955E-5
2.1469627972E-5
2.9148138127E-5
4.1069439612E-5
3.5914569161E-5
3.1934084836E-5
2.6868097483E-5
2.0048744045E-5
1.4592881780E-5
2.0715477876E-5
2.0130549092E-5
2.6474462356E-5
3.4881953615E-5
3.0660280026E-5
3.0181289184E-5
3.5264773760E-5
1.9767321646E-5
2.1084386389E-5
1.3652141206E-5
2.6692601386E-5
1.6530230641E-5
2.6030011940E-5
2.4818675592E-5
3.4645979757E-5
3.0908221378E-5
2.9425811953E-5
3.4065474755E-5
7.6936325059E-6
1.8807151355E-5
1.6921048518E-5
1.9055348821E-5
1.9824120681E-5
2.6869436260E-5
4.3196231127E-5
3.1362799927E-5
2.7899944689E-5
3.2073410693E-5
2.7843704447E-5
1.6562675591E-5
1.0854750872E-5
1.7743173521E-5
1.8969317898E-5
3.1497166491E-5
2.4374853819E-5
3.3238367176E-5
3.4943595528E-5
3.0901411082E-5
3.3069937489E-5
1.0926881805E-5
1.0119553190E-5
1.1722405907E-5
1.1230260134E-5
2.4296692571E-5
2.9085867572E-5
3.7283578422E-5
3.7888763472E-5
4.7076831106E-5
2.9758049640E-5
2.4200160987E-5
1.0302441660E-5
9.3401758931E-6
8.5271894931E-7
1.1030968744E-5
2.5408098008E-5
2.5836972053E-5
4.3279468082E-5
4.6346383169E-5
4.7105760313E-5
3.7838413845E-5
2.1889107301E-5
1.9654596690E-5
-4.0389713831E-6
-2.5887275115E-6
9.5547758975E-6
1.7795036547E-5
4.8101530410E-5
6.4729724546E-5
6.0595863033E-5
6.0804025271E-5
1.8129870295E-5
-6.2641338446E-6
-2.7236982714E-5
-1.2255820911E-5
6.8348133938E-6
5.1755679306E-5
7.7618507204E-5
7.8923115510E-5
7.5039931108E-5
2.7904345188E-5
-2.5382451713E-5
-3.0398240778E-5
-2.7250766288E-5
2.0258734002E-5
3.7641846574E-5
2.6544113643E-5
3.3793423789E-5
5.0803855993E-5
5.3495669272E-5
6.6046859139E-5
5.8541330509E-5
1.9186525605E-5
-2.3267208598E-5
-5.4567959160E-5
-8.0971745777E-5
-3.1167187262E-5
1.5621228376E-4
2.2608218715E-4
1.2961184839E-4
-3.1015148851E-5
-2.0003333921E-4
-1.3460085029E-4
-1.1754955631E-5
6.1375857332E-5
9.2710880565E-5
1.0249706684E-4
7.9511827790E-5
4.8061285633E-5
6.6399807111E-6
-1.4056533109E-5
-2.0594615489E-5
-9.8952092231E-6
4.0503917262E-6
2.0036508794E-5
5.2160350606E-5
5.8206496761E-5
5.4111937061E-5
4.9241853411E-5
2.6212097145E-5
1.8982577603E-5
-8.3182589152E-6
-1.7137499527E-7
2.6248162612E-6
1.5464285389E-5
3.5100209060E-5
3.2021617516E-5
4.8809463624E-5
4.4841342605E-5
3.9699953048E-5
2.4601363111E-5
1.6168004367E-5
7.0558395238E-6
9.2338304968E-6
8.4537896329E-6
2.0415685139E-5
3.6221486516E-5
3.6504038142E-5
4.6498910524E-5
3.8417812902E-5
2.1338730584E-5
1.7448700964E-5
1.2849632185E-5
9.0000452475E-6
5.2402494476E-6
1.3031379785E-5
2.0587490871E-5
2.6683893519E-5
4.4959946535E-5
4.2871129699E-5
3.4379528369E-5
2.2403011098E-5
1.6161624808E-5
1.2511014939E-5
7.7248085292E-6
9.8227406853E-6
3.3494050148E-5
1.4928390738E-5
4.0238106157E-5
4.2268040124E-5
4.2689824477E-5
3.8054201286E-5
4.8960908316E-6
1.0529055726E-5
1.6957870684E-5
2.0150828641E-5
2.2066326346E-5
2.8399319853E-5
2.9942207038E-5
4.1890959255E-5
3.2539793755E-5
4.5677402522E-5
2.7724180836E-5
1.8017611000E-5
1.2274167966E-5
1.3508053962E-5
1.5833275393E-5
2.4206377565E-5
2.5517039466E-5
3.2876490149E-5
3.3723271917E-5
3.1201005913E-5
3.6134582478E-5
1.6648380551E-5
1.9411067478E-5
1.5044689644E-5
2.2510904818E-5
1.6726530157E-5
1.9630847964E-5
2.3855629842E-5
3.5874522290E-5
3.6558462306E-5
2.6289385277E-5
2.5212205946E-5
1.9730709027E-5
1.9865296781E-5
2.0466907881E-5
2.0014960318E-5
2.7746288105E-5
2.7504656463E-5
3.6600604653E-5
2.7848302851E-5
2.6521144900E-5
3.2156391534E-5
2.6941252871E-5
2.2347399499E-5
1.9922479987E-5
2.1848210599E-5
2.4149008095E-5
1.9959115889E-5
3.1342974398E-5
2.5976530741E-5
3.7487759254E-5
3.0942820012E-5
2.2049411200E-5
2.3108546156E-5
1.7284066416E-5
1.9982573576E-5
2.3159198462E-5
2.6068743318E-5
2.1426647435E-5
2.7032685465E-5
2.4918490089E-5
3.3334596082E-5
3.7239794619E-5
2.2020109463E-5
2.9188836924E-5
1.9328459166E-5
1.4859926887E-5
1.4285894576E-5
1.6743747983E-5
3.1022774055E-5
3.0164339113E-5
2.9574602376E-5
3.4033111296E-5
3.7551950663E-5
2.3142131976E-5
1.5399046242E-5
2.2977404296E-5
1.8148182425E-5
2.3012852761E-5
1.7326476518E-5
3.8943102117E-5
3.2529630697E-5
3.6767299752E-5
3.8550188764E-5
1.6500940546E-5
2.5085604283E-5
2.2074906155E-5
1.6993132886E-5
2.3128686006E-5
1.9469903782E-5
3.0643423087E-5
2.7392758056E-5
2.5519507471E-5
3.6131299566E-5
2.7046888134E-5
1.3621931430E-5
2.4886790196E-5
2.4549593217E-5
1.7844978720E-5
1.4710030519E-5
2.8266129083E-5
2.7172314003E-5
3.1816575210E-5
2.4358206428E-5
1.8319359515E-5
2.2210087626E-5
1.7096090596E-5
1.8533878028E-5
2.3271364625E-5
2.3372482973E-5
1.9419379532E-5
2.8679659589E-5
3.1883828341E-5
2.5370332877E-5
1.8355704378E-5
2.0011747255E-5
3.2629095948E-5
2.7798081282E-5
2.2579100914E-5
1.6385584604E-5
2.7044955640E-5
1.9963330123E-5
2.8851849492E-5
3.2280979212E-5
2.1513528190E-5
3.0543061438E-5
1.9888603128E-5
1.7944036517E-5
1.8851098138E-5
2.1517719142E-5
2.4414062500E-5
2.7037411927E-5
2.8464512433E-5
2.7510267682E-5
2.8872955590E-5
2.2749323397E-5
2.1599151659E-5
2.5637610815E-5
3.0085665639E-5
1.5110860113E-5
1.8322025426E-5
2.9496487695E-5
3.1009397934E-5
3.3864798024E-5
2.9978039674E-5
2.7828640304E-5
3.1138618942E-5
2.1827942691E-5
1.5440722927E-5
1.7390202265E-5
1.7419247888E-5
2.5545642711E-5
2.3890042211E-5
3.4126779064E-5
3.5596149972E-5
2.9374822042E-5
2.4168426170E-5
2.9845675453E-5
1.0747788474E-5
1.3862387277E-5
1.3910105918E-5
1.6056024469E-5
2.4232547729E-5
2.8676073997E-5
3.2969482708E-5
2.2109888959E-5
2.9160105622E-5
2.7623155619E-5
2.8104556258E-5
1.0605133139E-5
2.0154053345E-5
1.9458821043E-5
1.4793104492E-5
2.3600028362E-5
2.7972215320E-5
3.0031346250E-5
3.3398030791E-5
4.2569811921E-5
2.5629450101E-5
2.6621459983E-5
5.5958051235E-6
4.2611034588E-6
1.0346143972E-5
1.8526194617E-5
2.6735884603E-5
2.8963957447E-5
3.5514344926E-5
3.8560782559E-5
4.5570207294E-5
3.5863486117E-5
1.1531356722E-5
8.8005210274E-6
5.9053883889E-6
1.2377777603E-5
2.5527889374E-5
3.6983331665E-5
4.5984040478E-5
5.4589810316E-5
5.0182535779E-5
4.0383543819E-5
2.1412828937E-5
-1.0014523286E-5
-4.6970206313E-6
1.5097670257E-6
1.6990699805E-5
2.9361632186E-5
5.2339816466E-5
5.8857351542E-5
5.9102522210E-5
5.8621587232E-5
2.4983717594E-5
-2.0843313541E-5
-2.7873786166E-5
-1.0127015412E-5
1.8357916269E-5
3.3992924727E-5
6.0723850038E-5
7.0414331278E-5
7.0154375864E-5
1.8768245354E-5
-1.7743231728E-5
-2.8894853312E-5
-1.7587363254E-5
3.0313816387E-5
3.0871597118E-5
2.7870305347E-5
3.4600729122E-5
4.3280527461E-5
3.1312450300E-5
5.0484703388E-5
5.6899571792E-5
2.1884613670E-5
9.0643297882E-7
-2.7424702420E-5
-2.6811566203E-5
-3.4754804801E-5
2.0261271857E-5
9.8168605475E-5
1.7143409932E-4
1.3928461121E-4
-2.8527667745E-5
-1.5740988310E-4
-1.5889982460E-4
-1.6297213733E-5
1.4855479821E-4
1.5122885816E-4
9.9332886750E-5
6.6663720646E-5
1.5315494966E-5
-2.2468261886E-5
-3.2453518360E-5
-2.1736079361E-5
-4.3231644667E-6
2.4996150750E-5
4.2655901052E-5
6.5707985779E-5
6.3081539702E-5
4.7560420353E-5
2.8420891612E-5
4.5704771765E-6
-1.7876038328E-6
-8.1805046649E-7
1.4450331219E-5
1.8919166177E-5
3.3244560472E-5
4.4112873729E-5
5.4318469484E-5
5.4391322192E-5
3.8277951534E-5
2.5166862178E-5
1.0616844520E-5
2.3308559321E-6
1.1340307537E-5
9.9127530121E-6
2.3576349485E-5
3.3489847555E-5
3.2334751449E-5
4.6527141240E-5
4.0815083775E-5
3.3157342113E-5
2.1492992527E-5
1.1199456640E-5
7.0727197454E-6
1.4519679826E-5
1.2948759831E-5
3.1195115297E-5
3.3285608514E-5
4.4688396155E-5
4.4759223237E-5
3.5796884912E-5
2.8430612291E-5
2.2488832473E-5
8.2312268206E-6
1.3557076454E-5
8.2307262348E-6
2.2926856763E-5
3.1152577138E-5
3.3995613921E-5
4.2055384255E-5
3.0271522700E-5
3.1178095377E-5
3.2586883753E-5
1.8533272669E-5
1.0149902664E-5
1.1818937492E-5
1.7000862863E-5
2.0396069158E-5
2.8819649014E-5
3.6504608579E-5
3.7332053761E-5
3.3558905124E-5
1.9186094869E-5
1.9995518960E-5
1.7982628196E-5
9.9453493022E-6
1.4734314755E-5
2.2708741016E-5
2.8843013569E-5
5.4956343957E-5
2.9384181834E-5
2.2648426238E-5
1.9588787108E-5
2.6075786444E-5
1.6220356338E-5
1.8334807828E-5
9.3268230559E-6
2.6433507445E-5
2.9573310166E-5
3.0728220007E-5
3.7314754445E-5
3.7276581860E-5
3.7928763776E-5
2.6189454365E-5
2.4781003594E-5
1.9616738427E-5
1.6413675621E-5
1.8068077043E-5
2.7522479649E-5
2.9740668832E-5
2.6511028408E-5
2.9655138495E-5
2.8345861937E-5
2.5046849623E-5
2.8463895432E-5
1.9946554675E-5
1.8462631851E-5
1.1486664880E-5
1.8708931748E-5
1.4893477783E-5
2.3212167434E-5
3.3317808992E-5
3.1524198129E-5
2.6218080892E-5
1.0770140216E-5
2.4875428061E-5
2.3721856996E-5
1.7735047731E-5
2.3459666408E-5
2.4014059454E-5
2.2320647258E-5
3.0431093181E-5
3.3845554571E-5
2.9328139498E-5
1.8806022126E-5
2.9237114358E-5
2.6061397511E-5
1.8145656213E-5
1.8602795899E-5
2.0778633188E-5
2.6058463845E-5
2.0842906087E-5
2.0862696692E-5
3.6895391531E-5
3.0404154676E-5
2.9110838658E-5
2.6024982798E-5
3.1859974842E-5
2.2222381085E-5
2.0530819893E-5
1.9168923608E-5
2.1310441661E-5
3.1636061612E-5
2.4621374905E-5
2.6642950251E-5
2.0065600984E-5
2.6703393086E-5
2.9589212499E-5
2.1496042609E-5
2.4778721853E-5
3.3226376399E-5
5.1019736566E-5
7.6786708089E-5
6.1777397060E-5
-4.5300251804E-5
1.1320575140E-6
2.4166924413E-5
2.8894317801E-5
4.1094736661E-5
4.1568360756E-5
2.7698313351E-5
2.0144251175E-5
1.5467870981E-5
2.1547381766E-5
2.3898051585E-5
2.4847569875E-5
2.1902495064E-5
2.9045215341E-5
1.2836221140E-5
2.1262373775E-5
2.8283020946E-5
1.7849996220E-5
2.5192939210E-5
3.1299202236E-5
2.7627067174E-5
2.8248690068E-5
2.2435036953E-5
2.0563043654E-5
2.0120269619E-5
2.6332493871E-5
1.6842817422E-5
2.8884015045E-5
2.5979627389E-5
2.5737413671E-5
2.2770569193E-5
2.5796750559E-5
1.2701482046E-5
3.2985582947E-5
2.3483624681E-5
2.4697126355E-5
2.1918513812E-5
2.8119119815E-5
2.2626703139E-5
2.6738387532E-5
2.8038560412E-5
2.4105410557E-5
2.9333669226E-5
2.3299385793E-5
2.8389098588E-5
2.0140770357E-5
1.2531096581E-5
1.9447552040E-5
3.1734677031E-5
2.5168876163E-5
2.7166644576E-5
3.2648502383E-5
3.0139635782E-5
3.8694648537E-5
2.1888106130E-5
2.0903581753E-5
1.4047115110E-5
1.6563141253E-5
2.1149171516E-5
2.4865788873E-5
2.7934811077E-5
3.5990204196E-5
2.7602713089E-5
2.9979494865E-5
2.8553244192E-5
3.2693287357E-5
2.2723455913E-5
1.6666296869E-5
2.7552910614E-5
2.0581693388E-5
2.4057331029E-5
2.8783688321E-5
3.9393804036E-5
3.2710738013E-5
2.9119430109E-5
3.4032459370E-5
1.3051484712E-5
1.6545492690E-5
2.2252113558E-5
1.5843007714E-5
2.3895152844E-5
2.8991152066E-5
2.5553430896E-5
3.4888787195E-5
2.8052926063E-5
2.7589127421E-5
2.3769948165E-5
1.3541663065E-5
2.0662404131E-5
1.2123677880E-5
1.5764159616E-5
2.5524280499E-5
2.6536290533E-5
4.2264827061E-5
4.8110249918E-5
4.5375176705E-5
3.0697532929E-5
2.5911850389E-5
2.4870783090E-5
2.3194577079E-5
1.4325627126E-5
1.3065862004E-5
1.6626901924E-5
3.6351021844E-5
3.7964992225E-5
5.2823917940E-5
4.6802079305E-5
3.0152010731E-5
2.2594572510E-5
-2.9115239158E-6
6.1455299147E-6
2.6285066269E-6
1.6345269978E-5
3.0076480469E-5
4.9042457249E-5
6.9960753900E-5
6.0743023642E-5
6.1289395672E-5
6.1446451582E-6
-5.5408338086E-5
-6.1000976712E-5
-2.5965308304E-5
2.2247585002E-5
8.6458236912E-5
8.3732372152E-5
5.7157292031E-5
6.3842919190E-5
2.2775446996E-5
-1.4146685135E-5
-3.0170928221E-5
-3.4893979319E-6
2.0366592798E-5
5.6528870482E-5
4.2326981201E-5
3.9657589514E-5
3.8573355414E-5
3.6364817060E-5
3.7401716690E-5
3.1810952350E-5
2.4020764976E-5
1.9673258066E-5
-1.4418037608E-5
-1.0567402933E-5
-1.3853842392E-5
1.6997940838E-5
4.5762700028E-5
8.7397173050E-5
1.1110629421E-4
8.4167404569E-5
1.2741854880E-5
-9.1090449134E-5
-1.4401774388E-4
-2.1150382235E-5
1.3450876577E-4
2.0117565291E-4
1.5024974709E-4
1.4114123769E-5
-4.3824827299E-5
-5.9825787322E-5
-4.5029120520E-5
-1.1441460811E-5
2.4284655228E-5
6.1355845538E-5
7.4669893368E-5
7.9018285035E-5
4.7053408343E-5
3.7421111483E-5
1.2255599722E-5
3.5102479160E-6
-2.0013656467E-6
1.2437114492E-6
1.8331431784E-5
3.9289786946E-5
4.4418592006E-5
4.8121612053E-5
4.8857496586E-5
3.9988267235E-5
1.8848327454E-5
1.3767823111E-5
1.3812037651E-5
2.7182977646E-6
5.9123151005E-6
1.5651970170E-5
4.0405406616E-5
4.7342316248E-5
4.2173312977E-5
4.4492573943E-5
2.1437788382E-5
1.9673409406E-5
1.5544786584E-5
1.0583864059E-5
1.1113670189E-5
2.0888319704E-5
2.9477290808E-5
3.4213811158E-5
3.8588186724E-5
3.9993366226E-5
4.2574084363E-5
2.5609927251E-5
1.7066264991E-5
1.4316407033E-5
1.5004642773E-5
4.6708853915E-6
2.0958937238E-5
3.3741549122E-5
3.8553378544E-5
3.1110260169E-5
4.2556272819E-5
2.8153730090E-5
2.3685884661E-5
1.5681074001E-5
1.1983234435E-5
1.5645625535E-5
2.3766397498E-5
2.6878493372E-5
3.6113150417E-5
3.6448473110E-5
3.7347653415E-5
2.8501544147E-5
2.8213125187E-5
1.2374727521E-5
1.4856574126E-5
1.1438282672E-5
1.9604712724E-5
1.7911533359E-5
2.9789702966E-5
3.4439272712E-5
3.7974689620E-5
3.1045218929E-5
2.6822811923E-5
1.9719242118E-5
1.4604104217E-5
1.5683332458E-5
1.2891413644E-5
1.7176137771E-5
3.2103504053E-5
2.8022401965E-5
3.2742379698E-5
3.7682789843E-5
3.5055470652E-5
4.1200767736E-5
1.6334920656E-5
1.4134496451E-5
1.6445433721E-5
1.8291792367E-5
2.7505389879E-5
3.0955462716E-5
3.3661257475E-5
1.9982969388E-5
3.0401721596E-5
2.0353321452E-5
1.9055884331E-5
2.4023139849E-5
1.6400928143E-5
1.5359045938E-5
3.4725712611E-5
2.1657953038E-5
3.6789616569E-5
2.4022418074E-5
3.3771921880E-5
2.3656396660E-5
2.6881531811E-5
2.7053360827E-5
1.6709382180E-5
1.8610409461E-5
3.0301290097E-5
2.5601580273E-5
2.2666982840E-5
2.8787413611E-5
3.4581811632E-5
3.1459634191E-5
3.6493537481E-5
2.4240883067E-5
3.4606282133E-5
1.7432018649E-5
1.2803915888E-5
1.9906461238E-5
2.7232372667E-5
4.0969066322E-5
3.5104714333E-5
2.9813381843E-5
2.8581288642E-5
2.0729808602E-5
2.4143618064E-5
2.1960574667E-5
2.8893724083E-5
2.7427647728E-5
2.0863558165E-5
3.1351286451E-5
2.6354473083E-5
2.4700432549E-5
1.8660514615E-5
2.4890922941E-5
2.6732275727E-5
3.0596775467E-5
3.4069688990E-5
3.1159445642E-5
2.8677703812E-5
1.8995057326E-5
3.2349745741E-5
3.9809162262E-5
4.1395181324E-5
2.6467128191E-5
1.6991177108E-5
1.4122063294E-5
1.7394835595E-5
1.4561112039E-5
1.4164985623E-5
2.6453670579E-5
4.0120724588E-5
5.2981521003E-5
5.0238869153E-5
4.1111872996E-5
1.7001328524E-5
-4.6343286522E-5
-9.3218055554E-6
8.9789088817E-5
5.6967802812E-5
3.6422011907E-5
1.6999302898E-5
4.4401735067E-6
9.8802032881E-6
1.2250733562E-5
1.2595567387E-5
1.9552395679E-5
2.9823498334E-5
2.5943922809E-5
3.1420029699E-5
3.1833874526E-5
2.5341252329E-5
2.0635314285E-5
2.3663055617E-5
2.2532243747E-5
1.9796902779E-5
2.2772501688E-5
2.1117890719E-5
2.2658356465E-5
2.7495925313E-5
2.4769105948E-5
3.5471352748E-5
2.4962646420E-5
2.9013876337E-5
2.6418932247E-5
2.8371973894E-5
3.0691502615E-5
3.0915706883E-5
9.2012342067E-6
2.3480737581E-5
6.4249616117E-6
2.0940904505E-5
1.9020459149E-5
2.7586484793E-5
2.6260374579E-5
3.5019544884E-5
3.0878209508E-5
3.1799369025E-5
2.6810122653E-5
2.4154316634E-5
2.2689206525E-5
2.4774053599E-5
2.3696443531E-5
3.3054372761E-5
3.7286954466E-5
3.0923064332E-5
2.7340895030E-5
3.5525322891E-5
2.4959957226E-5
2.5224138517E-5
2.2479577455E-5
9.3959737570E-6
2.7156830765E-5
2.7710839639E-5
3.2048264983E-5
2.9749306849E-5
3.2559665850E-5
3.1292217317E-5
2.4268892593E-5
2.3132690694E-5
1.3671314810E-5
2.3948180023E-5
2.1990702953E-5
1.6588717699E-5
2.0935561042E-5
3.2734102569E-5
3.4531706478E-5
2.1598464809E-5
3.4332193899E-5
2.6981718837E-5
2.3318885360E-5
2.0254252013E-5
1.6191625036E-5
1.4996621758E-5
9.7408774310E-6
2.6937725487E-5
3.9036583620E-5
2.8583302628E-5
3.7630239967E-5
2.5942618958E-5
2.8876692522E-5
2.0219886210E-5
1.2724543922E-5
2.1776603534E-5
2.3937190417E-5
2.0373717416E-5
3.2320513855E-5
4.2598822620E-5
4.2491103522E-5
3.3243175130E-5
3.1940254848E-5
2.2217247169E-5
1.0084733367E-5
-1.9027153030E-6
6.2865205109E-6
8.6191575975E-6
2.5098421611E-5
4.8758508637E-5
5.0300976728E-5
5.8477593120E-5
4.0198210626E-5
1.6448937822E-5
-1.3854564167E-5
-1.3485481031E-5
9.0773683041E-7
2.6494020130E-5
3.9428682066E-5
4.1654065717E-5
6.4315216152E-5
6.2156619970E-5
2.1216040477E-5
-7.4731768110E-6
-2.1327182185E-5
-2.5592080783E-5
2.6703067123E-5
6.5946648829E-5
8.7626639290E-5
7.2447105778E-5
1.6279157717E-5
-1.2237182818E-5
-1.0806473438E-5
8.3357212135E-6
1.5793205239E-5
2.0276498980E-5
1.7693138215E-5
1.1379737407E-5
6.0650054366E-7
2.1048495546E-5
4.4557370711E-5
5.0119985826E-5
6.5216131043E-5
5.7831173764E-5
4.1379709728E-5
-1.2646184768E-5
-4.5215734280E-5
-4.1303352918E-5
-3.5598513204E-5
3.8197019602E-5
1.4925438445E-4
1.6742732842E-4
6.4421026037E-5
-6.6467595754E-5
-1.5194102889E-4
-6.4737396316E-5
1.2339965906E-5
7.3396414521E-5
9.6044829117E-5
8.6392904634E-5
6.5408356024E-5
3.2962125260E-5
1.1815514881E-5
-1.6773771494E-5
-2.4549686349E-5
-1.2906326447E-5
1.6018201131E-5
3.7794327363E-5
5.2720052190E-5
6.5072544386E-5
4.3235253542E-5
3.6611687391E-5
2.9973883647E-5
1.5755393542E-5
6.6475360655E-6
-9.2305708675E-7
1.1169572827E-5
2.7239066548E-5
3.3609359524E-5
3.8381025660E-5
4.5220763422E-5
4.5136816334E-5
3.5067484713E-5
2.4414062500E-5
2.7116050477E-5
6.6597014666E-6
1.1903420091E-5
1.4024099801E-5
2.7129251975E-5
4.4565589632E-5
5.2989996039E-5
4.3363240547E-5
4.0511449333E-5
2.6027148123E-5
2.0436430350E-5
9.2260772363E-6
1.2074317783E-5
1.9064825028E-5
2.6457803323E-5
3.1257804948E-5
3.7659087683E-5
3.6985869519E-5
4.0936097502E-5
2.8959417249E-5
2.0862102974E-5
1.8514890689E-5
1.9226339645E-5
1.6767787747E-5
1.9309122581E-5
2.5553617160E-5
2.3730634711E-5
3.3824087586E-5
4.7508638818E-5
3.6374258342E-5
2.2914644796E-5
1.6321346629E-5
1.1997635011E-5
1.2397463434E-5
2.4414062500E-5
1.9915332086E-5
2.8934108558E-5
2.6699271983E-5
3.8109032902E-5
3.6515935789E-5
2.6287871878E-5
3.2243295572E-5
2.0480225794E-5
1.4729122631E-5
1.3834575657E-5
1.3503804803E-5
2.5732698850E-5
3.2011163420E-5
3.4990406129E-5
3.3025292213E-5
3.9285700768E-5
2.5047245435E-5
2.9937853104E-5
1.4310854022E-5
1.1459551752E-5
1.9564898684E-5
1.4290562831E-5
2.6136427186E-5
2.5834958068E-5
3.1828472856E-5
4.3489818927E-5
3.3953040837E-5
3.0710524879E-5
1.5177542809E-5
1.9612396135E-5
1.5492888633E-5
1.6248179600E-5
2.5371555238E-5
2.4692167062E-5
4.5126932673E-5
3.2145984004E-5
1.9288610201E-5
2.4610036052E-5
2.9018812346E-5
2.6919029187E-5
1.7347256653E-5
2.8599333017E-5
2.7511117513E-5
1.8813903443E-5
3.1093647703E-5
3.0004896688E-5
3.1425734050E-5
2.9411434661E-5
2.5023054331E-5
2.5445490609E-5
1.6520335339E-5
1.8123874906E-5
2.5674421340E-5
2.0926923025E-5
1.9341765437E-5
2.5453907437E-5
2.6327336672E-5
3.0114944092E-5
3.1922978814E-5
2.6334135327E-5
3.2885116524E-5
1.6093568411E-5
1.6891979612E-5
1.9487703684E-5
3.1461881007E-5
2.9399862978E-5
3.6608788650E-5
4.2809266597E-5
3.1398306600E-5
2.5170075241E-5
2.2914097644E-5
2.0882033277E-5
2.3448432329E-5
2.1321850363E-5
2.5978125631E-5
2.7268996927E-5
3.4176907501E-5
2.2829498629E-5
1.8681539223E-5
2.6135391089E-5
2.0383519586E-5
1.1567503680E-5
2.4414062500E-5
2.0117044914E-5
2.1794007625E-5
2.6043318211E-5
3.5562284756E-5
3.4011562820E-5
3.7026114295E-5
2.9196985997E-5
2.1626218222E-5
8.3917635494E-6
-2.1887477487E-6
7.8643206508E-6
2.0442018285E-5
1.9011308904E-5
3.4008792135E-5
3.8644135929E-5
3.7958868779E-5
4.8191996757E-5
1.1716352310E-5
-1.9926775712E-5
-3.1310494523E-5
-3.8962275721E-5
1.0183737614E-4
7.0754135964E-5
1.2478290592E-5
-8.6431624368E-6
-2.9819086194E-6
9.2928763480E-6
1.0895833839E-5
2.8003519400E-5
3.5932345781E-5
3.0976068228E-5
3.1055486760E-5
2.7523189782E-5
1.4882092364E-5
2.1502072923E-5
2.3768038954E-5
2.4519511498E-5
2.7699745259E-5
2.6379420887E-5
1.2488279026E-5
1.9037828315E-5
2.0424416288E-5
1.8037611153E-5
2.9720924794E-5
2.5683618150E-5
2.8361787553E-5
3.7902151234E-5
2.1434295922E-5
1.8039334099E-5
1.8380978145E-5
2.4606031365E-5
1.6408006195E-5
1.8421246204E-5
1.9018980674E-5
2.3452227469E-5
2.8011936228E-5
2.7458416297E-5
2.0139699336E-5
3.2761762849E-5
2.7021067216E-5
2.1430384367E-5
1.9118748605E-5
1.8920213915E-5
1.8295401241E-5
2.9453390743E-5
2.4840503465E-5
3.2511306926E-5
2.9158382676E-5
3.5061466042E-5
2.1572841797E-5
3.0344189144E-5
1.7480156384E-5
1.5548022930E-5
1.9440753385E-5
2.2608845029E-5
2.5784992612E-5
3.8829818368E-5
3.1083822250E-5
3.8884184323E-5
3.9985764306E-5
1.9959174096E-5
2.4308043066E-5
1.5886733308E-5
1.9835401326E-5
1.4680484310E-5
2.4002371355E-5
2.0030071027E-5
2.2908486425E-5
2.7378287631E-5
2.7194526046E-5
3.2619375269E-5
2.3933872580E-5
8.9489039965E-6
2.1576520521E-5
4.4431770221E-6
1.4125835151E-5
2.8793199453E-5
3.1479075550E-5
2.0074890926E-5
4.4453830924E-5
3.8087507710E-5
3.0162278562E-5
2.2148864809E-5
1.7855037004E-5
5.2734394558E-6
3.5232049413E-6
1.0787497740E-5
2.3349653929E-5
4.3869076762E-5
6.1553111301E-5
7.1909010878E-5
3.8252980448E-5
6.5661501140E-6
-1.3544782996E-5
-8.2026934252E-6
-1.9529135898E-6
3.3442396670E-5
3.3890211488E-5
4.5326363761E-5
5.5863149464E-5
5.8353738860E-5
3.9227469824E-5
1.4983350411E-6
-1.3313069940E-5
-5.8531062678E-6
1.6122683883E-5
4.5042915735E-5
4.7479534987E-5
3.8548791780E-5
2.5257596280E-5
3.3613224513E-5
2.3249129299E-5
1.8052058294E-5
9.1854599306E-6
1.1793139856E-5
2.2084952797E-5
3.1030981335E-5
2.4694832973E-5
2.6420841458E-5
2.2642978001E-5
2.4070509243E-5
2.9182911384E-5
2.2763491142E-5
2.1286238916E-5
2.0766828675E-5
4.7902110964E-6
-9.7611104138E-6
-4.2916857637E-6
2.4402607231E-5
5.0119252410E-5
8.2977837885E-5
8.0395617990E-5
7.7736529058E-5
4.6587223187E-5
-7.1468122771E-5
-1.1208782671E-4
-3.3859780523E-5
9.5446675552E-5
1.8817298114E-4
1.1760196649E-4
3.9550929796E-5
-9.7454758362E-7
-2.9072549659E-5
-3.5285390913E-5
-1.9177980721E-5
7.8532146291E-6
2.6872579473E-5
5.4930464831E-5
6.9918332157E-5
6.1024166644E-5
4.6820798889E-5
2.1582294721E-5
4.8935995437E-6
-3.5161036067E-6
3.6568380893E-6
5.5856071415E-7
1.3951724395E-5
2.5589601136E-5
5.1085860469E-5
5.2091316320E-5
3.5992404445E-5
3.2302772160E-5
2.6044156402E-5
8.7304739282E-6
9.3195820228E-6
2.9781949706E-6
1.4593242668E-5
3.0010729096E-5
3.7303217686E-5
3.7832604720E-5
4.8313790467E-5
4.0487514343E-5
2.5584024842E-5
2.0773918368E-5
1.1594011448E-5
-9.8235905173E-7
1.2642459478E-5
1.5928293578E-5
3.7821091245E-5
4.2607227806E-5
3.9534503593E-5
3.3429753966E-5
3.5024026874E-5
2.4495541583E-5
2.0078965462E-5
1.0838964954E-5
5.5035692640E-6
1.9320531282E-5
2.9889319557E-5
2.7982157189E-5
4.3396081310E-5
3.9579358417E-5
3.5882496740E-5
2.8719357214E-5
2.0326010417E-5
1.3800791930E-5
1.4215405099E-5
1.5329441521E-5
1.9272475037E-5
2.4685426614E-5
3.0395260545E-5
4.0375662501E-5
3.7992221768E-5
2.4797313380E-5
2.3844942915E-5
1.7273740377E-5
2.1699850913E-5
7.4547715486E-6
1.3410334941E-5
2.1037459373E-5
3.8466264959E-5
3.6556529812E-5
3.7977122701E-5
3.0711211729E-5
2.6119465473E-5
1.7434579786E-5
2.7432106434E-5
1.4040397946E-5
1.3081682846E-5
2.0098919049E-5
2.8735667000E-5
2.5255663785E-5
2.8217618818E-5
3.4516921731E-5
3.3309089484E-5
2.5552930310E-5
2.2260937839E-5
1.2709258590E-5
1.5845394228E-5
2.0146544557E-5
1.9466900266E-5
2.6420142967E-5
3.3607590011E-5
2.9858783817E-5
2.9529363382E-5
2.4414062500E-5
1.7211888917E-5
1.8046121113E-5
1.9898067694E-5
9.1876019724E-6
1.3289495837E-5
2.3905828129E-5
2.7216656598E-5
3.5440246574E-5
4.2277656030E-5
3.8856337778E-5
1.0651606135E-5
2.1797837689E-5
1.8471432850E-5
1.9617797807E-5
2.4147517978E-5
2.4642038624E-5
2.4821097031E-5
2.6694207917E-5
2.7991645037E-5
2.9583601280E-5
2.6311399414E-5
1.8789723981E-5
2.2504816297E-5
1.3958371710E-5
2.1966069470E-5
2.8414116240E-5
1.8757604994E-5
2.3277464788E-5
3.3289776183E-5
3.2994186039E-5
2.9173702932E-5
2.1414796356E-5
2.9561528935E-5
2.0456069614E-5
2.7228496037E-5
2.7258472982E-5
2.7416180818E-5
3.9526959881E-5
3.2397080212E-5
3.1837692949E-5
2.9030651785E-5
1.8533831462E-5
2.5343988090E-5
1.2361991685E-5
2.3616338147E-5
1.9430939573E-5
2.4905242025E-5
2.6426662225E-5
2.9148568864E-5
3.5566068253E-5
3.1381589359E-5
3.0216493177E-5
2.1450466011E-5
2.3765815420E-5
2.3127160966E-5
1.5615602024E-5
2.1893333178E-5
2.3646082263E-5
2.4557055439E-5
2.2607145365E-5
3.6030728370E-5
3.3806276040E-5
1.6601674724E-5
1.5844893642E-5
1.6486016102E-5
3.3833319321E-6
9.0671586805E-6
2.5830452796E-5
4.1213573422E-5
3.5313656553E-5
5.1309808623E-5
4.5516726095E-5
3.3672025892E-5
1.0096514598E-5
-1.4772918075E-5
-2.6568642351E-5
-2.7170521207E-5
5.2694079932E-5
1.3258653926E-4
-6.0992198997E-6
-3.7494243588E-5
-1.4981173444E-5
6.3508283347E-6
1.9435747526E-5
2.4414062500E-5
3.8312724791E-5
3.1764770392E-5
4.4295133557E-5
2.5944027583E-5
2.2552860900E-5
2.0809611305E-5
2.2440031170E-5
1.8766405992E-5
3.1317980028E-5
3.1883828341E-5
3.9400486275E-5
3.3974961843E-5
3.1330820638E-5
1.9770278595E-5
2.3692741524E-5
3.0609278473E-5
3.3038121182E-5
2.3422983940E-5
2.6354833971E-5
3.0927022453E-5
2.8559018392E-5
2.2307748440E-5
3.6104593891E-5
2.9142771381E-5
2.6291294488E-5
2.5231740437E-5
4.0449586231E-5
3.3878930844E-5
3.2059487421E-5
2.8012716211E-5
1.9413628615E-5
1.4999194536E-5
2.4414062500E-5
2.2239598911E-5
2.5154009926E-5
2.4546147324E-5
3.1932699493E-5
2.9283144976E-5
2.9141304548E-5
2.6477675419E-5
2.9277522116E-5
1.4607480261E-5
1.8480781000E-5
2.2772932425E-5
1.9382464233E-5
2.6382936630E-5
2.4711142759E-5
3.3175013959E-5
3.4353858791E-5
3.5044876858E-5
2.3304158821E-5
2.4771061725E-5
2.0060664974E-5
2.0707782823E-5
2.3193797096E-5
1.5763775446E-5
2.1347624715E-5
2.6451598387E-5
3.1596468761E-5
3.9972295053E-5
3.4909509121E-5
2.8308411128E-5
2.1099753211E-5
2.0577642135E-5
9.5080584288E-6
9.1841793619E-6
2.3745757061E-5
2.7011334896E-5
4.4724461622E-5
5.8502715547E-5
5.1140959840E-5
3.0068634077E-5
2.9958784580E-6
-1.0922551155E-6
-1.9791536033E-6
2.7247820980E-5
3.5342166665E-5
2.4414062500E-5
3.7187722046E-5
4.9318850506E-5
5.7918543462E-5
3.3484504092E-5
1.3753271196E-5
-2.6099057868E-5
-5.0044385717E-6
1.1441484094E-5
4.3835607357E-5
5.2448152565E-5
4.7075864859E-5
4.5563431922E-5
2.5536946486E-5
2.1154375281E-5
3.0043267178E-5
1.6113719903E-5
2.8708972967E-5
1.7716886941E-5
1.5353015624E-5
2.3158302064E-5
2.2185500711E-5
3.8164970464E-5
2.4414062500E-5
3.3789174631E-5
3.4243380650E-5
2.5439064484E-5
2.5551137514E-5
1.4129548799E-5
-3.3642514609E-6
1.6623269766E-5
2.6137346866E-5
3.9783015381E-5
5.7590845973E-5
5.0074106548E-5
3.1444919295E-5
5.9696147219E-6
3.8424041122E-6
4.3510459364E-6
4.6390923671E-6
3.3684307709E-6
7.9345307314E-6
7.1327679327E-5
1.4026402496E-4
1.0185461724E-4
4.3600564822E-6
-1.1762980139E-4
-8.1682263412E-5
-1.2178567704E-5
4.1181594133E-5
7.2531844491E-5
7.5577455575E-5
6.7761691754E-5
5.0101615488E-5
1.9759172573E-5
-3.0582654290E-6
-1.1966913007E-5
-5.4614618420E-6
8.6568528787E-6
2.9389734845E-5
4.0123099461E-5
5.5495032575E-5
5.2627606783E-5
4.1105202398E-5
4.0923117194E-5
2.1782657131E-5
5.4274569265E-6
7.7176024207E-6
9.2306872827E-7
1.4854548499E-5
2.9438349883E-5
3.6907906177E-5
4.7732249367E-5
4.2915809899E-5
3.8251513615E-5
3.0376319772E-5
2.1870445925E-5
1.2500816956E-5
3.7501915358E-6
1.5749398153E-5
2.3657933342E-5
3.8312003016E-5
3.6280858330E-5
4.5226700604E-5
3.9170728996E-5
3.3405434805E-5
2.2047851234E-5
1.3038492762E-5
1.1698273011E-5
9.9801225589E-6
2.9875419567E-5
3.1946669331E-5
3.4557434264E-5
4.2278482578E-5
3.9789453148E-5
3.7561298813E-5
2.0986364688E-5
2.7466274332E-5
1.2771657202E-5
1.8957525026E-5
1.7529260367E-5
1.4599331189E-5
2.8735678642E-5
3.7827366031E-5
3.2731739338E-5
4.2533921078E-5
3.3132359384E-5
2.2850034292E-5
1.7699296586E-5
1.2352049816E-5
1.2630643323E-5
1.5660910867E-5
2.2534234449E-5
3.0794343909E-5
4.1713658720E-5
3.6551302764E-5
2.4283211678E-5
2.4747778661E-5
2.4759338703E-5
2.1052430384E-5
1.2740585953E-5
2.2776657715E-5
2.9340235050E-5
2.0782824140E-5
2.8536724857E-5
3.5480235237E-5
3.1229737214E-5
2.6100210379E-5
3.1040236353E-5
2.4572492111E-5
1.3971840963E-5
3.2092013860E-5
2.2053113207E-5
2.6883441023E-5
2.7385714929E-5
3.5085692070E-5
3.2659783027E-5
2.8873467817E-5
3.2835989258E-5
2.6210723444E-5
2.0480109378E-5
1.9473989960E-5
3.0126224737E-5
1.6439461615E-5
2.1673878653E-5
3.2264774198E-5
3.0925963073E-5
3.7244253325E-5
2.7611304539E-5
2.4414062500E-5
3.1096860765E-5
1.6109982971E-5
1.9294407684E-5
3.3608928788E-5
1.8574343994E-5
3.0267413239E-5
2.7943798340E-5
3.2346416264E-5
3.5536766517E-5
3.3385318238E-5
1.3965112157E-5
1.8706673290E-5
2.2345222532E-5
1.7597910482E-5
2.5525037199E-5
3.1781848519E-5
2.9908318537E-5
3.8641516584E-5
2.7064420282E-5
3.0811608302E-5
2.6255403644E-5
2.3750122636E-5
2.3485673591E-5
2.4279300123E-5
2.4414062500E-5
1.6959011555E-5
3.5412027500E-5
3.1843036412E-5
3.6396575160E-5
2.7898792177E-5
2.3093307390E-5
1.6600452363E-5
2.1166587248E-5
2.2641394752E-5
3.2532401382E-5
1.9534048624E-5
4.0590262506E-5
3.2126775476E-5
3.4624012186E-5
3.3574248663E-5
2.1589186508E-5
1.7697492149E-5
1.9004731439E-5
1.6022857744E-5
1.2870389037E-5
1.6695098020E-5
3.4022412728E-5
3.6880176048E-5
2.9452343005E-5
2.9341934714E-5
3.9377098437E-5
2.7680909260E-5
1.3778428547E-5
1.1529773474E-5
1.0203896091E-5
1.7189083155E-5
9.3938200736E-6
2.5893526617E-5
3.1292089260E-5
4.3593405280E-5
2.9266194905E-5
3.2992812338E-5
1.8840585835E-5
1.0360986926E-5
1.7231516540E-5
1.1426454876E-5
2.4627707898E-5
3.9943458978E-5
3.9274641312E-5
5.5016833358E-5
4.9498118460E-5
3.7257524672E-5
1.5758478548E-5
-1.7297954764E-5
-4.4247892219E-5
-4.5985099859E-5
-4.9248337747E-7
1.4904799173E-4
6.3271715772E-5
-4.3135136366E-5
-2.9682263266E-5
-1.0125839617E-5
1.0651978664E-5
4.1884754319E-5
3.4575199242E-5
4.7140300740E-5
3.9698649197E-5
3.8302224129E-5
3.1890429090E-5
9.6568954178E-6
1.0119867511E-5
2.2052996792E-5
2.5403418112E-5
2.5134347378E-5
3.5649782512E-5
3.5241153091E-5
3.0178157612E-5
3.1597085761E-5
3.2833660952E-5
3.0400021932E-5
3.0011218040E-5
2.9758748132E-5
2.1506752818E-5
2.6765977963E-5
2.8257514350E-5
2.6284600608E-5
2.2455118596E-5
2.7023896108E-5
2.0709715318E-5
2.0216847770E-5
2.6994792278E-5
2.8182822279E-5
2.9731192625E-5
3.0968780628E-5
2.9463984537E-5
3.2869493588E-5
2.3291853721E-5
2.2055266890E-5
2.1720456425E-5
2.8118211775E-5
2.0818074699E-5
3.1974271405E-5
3.3828918822E-5
3.4746062010E-5
2.5093904696E-5
1.9102555234E-5
2.1206855308E-5
2.0693137776E-5
2.5026837829E-5
2.0834000315E-5
2.9249046928E-5
3.0103989410E-5
3.7838658318E-5
4.1659967974E-5
3.4985353704E-5
3.5449757706E-5
2.1314516197E-5
1.0318099521E-5
6.9641740994E-6
1.0948616546E-5
2.4473841767E-5
3.5598629619E-5
4.3308304157E-5
4.6060257591E-5
3.6566879134E-5
2.2131472360E-5
1.4556443784E-5
2.6948633603E-6
1.6339472495E-5
2.6854244060E-5
2.6191025972E-5
2.2499484475E-5
3.7936412263E-5
4.0216289926E-5
4.9237662461E-5
4.4728582725E-5
1.7995352391E-5
-1.0603456758E-6
2.4414062500E-5
5.7984027080E-6
3.1273369677E-5
7.1011565162E-5
4.7308253124E-5
3.3910584170E-5
1.7582252622E-5
1.3994029723E-5
1.4418817591E-5
2.3047719150E-5
1.6535446048E-5
1.3571791351E-5
2.2572500165E-5
2.8227537404E-5
3.0305469408E-5
3.5380036570E-5
2.5333836674E-5
3.9025675505E-5
2.8844468760E-5
3.0639814212E-5
2.1129788365E-5
9.3861715868E-6
1.3319298160E-5
1.6633607447E-5
2.0477990620E-5
3.7186394911E-5
4.2831839528E-5
4.6920636668E-5
4.5944086741E-5
3.3124582841E-5
8.2073034720E-6
-9.8488526420E-7
-4.3783802540E-7
1.6500300262E-5
4.2783434037E-5
4.5129714999E-5
3.5069009754E-5
4.2156607377E-5
4.6516326256E-5
3.0484702437E-5
5.7197525166E-6
-1.7840915825E-5
-2.4211499840E-5
1.1271820404E-5
9.0136693328E-5
1.4303639764E-4
8.8942423466E-5
4.3023587204E-5
-9.9672703073E-6
-3.1942070927E-5
-3.2811018172E-5
6.8211229518E-7
9.3736685813E-6
4.0524825453E-5
5.9304421302E-5
6.4575916623E-5
4.8181612510E-5
3.2654532696E-5
2.2458715829E-5
3.1639588997E-6
5.4587493652E-6
8.2446495072E-7
1.5043583699E-5
3.0174443963E-5
4.8272439744E-5
5.0853460562E-5
4.7326076310E-5
4.1059672366E-5
3.6317307967E-5
1.7285544891E-5
-1.5391269701E-7
3.4761731513E-6
1.2985232752E-5
1.3448391110E-5
2.4382793344E-5
3.4905830397E-5
4.3585873209E-5
4.8412918113E-5
2.4260615464E-5
2.5086931418E-5
1.1025974527E-5
8.1724254415E-6
8.5563748144E-6
9.1445166619E-6
2.5717401877E-5
3.5764474887E-5
4.1672715451E-5
4.3424114119E-5
3.7210411391E-5
2.8952909633E-5
2.1160452161E-5
6.5526692197E-6
9.0872403235E-6
2.2848532534E-5
1.0136049241E-5
2.2279727272E-5
3.3590733073E-5
4.4576812070E-5
3.6891829221E-5
2.3722567129E-5
1.9890710246E-5
1.5568453819E-5
2.1121581085E-5
1.7367571127E-5
1.5697814524E-5
2.7255318127E-5
3.8312340620E-5
3.9842422120E-5
3.0983134638E-5
3.6271533462E-5
3.1515886075E-5
2.1524389740E-5
2.4584122001E-5
1.0085827671E-5
1.7482985277E-5
2.5166652630E-5
2.8974865562E-5
3.2732204999E-5
3.0921224969E-5
3.1175115145E-5
3.1435710843E-5
2.1671305876E-5
2.4943379684E-5
1.1997227557E-5
1.3933342416E-5
2.8529413975E-5
1.6816193238E-5
2.7595728169E-5
3.3626286312E-5
3.4828926436E-5
3.3035362138E-5
3.3472280483E-5
2.3672438692E-5
1.8814334180E-5
1.7500354442E-5
2.0342064090E-5
1.2375810184E-5
2.4448451585E-5
3.3226457889E-5
3.3095572143E-5
3.4568947739E-5
3.2512331380E-5
3.3907464239E-5
2.4957559071E-5
1.5470117796E-5
1.5068799257E-5
9.2587084510E-6
1.6300030984E-5
2.2006733343E-5
3.5086204297E-5
3.4692732151E-5
2.8393149841E-5
2.9658072162E-5
2.6611075736E-5
2.5595875922E-5
1.7801974900E-5
1.6948336269E-5
1.4943489805E-5
2.8004532213E-5
2.2577145136E-5
2.9601482674E-5
3.8292654789E-5
4.0096254087E-5
3.1700881663E-5
1.8607941456E-6
1.5094806440E-5
2.7196726295E-5
4.2364501860E-5
2.1205702796E-5
2.7114059775E-5
3.5880878567E-5
3.3057748805E-5
3.0893227085E-5
1.8294318579E-5
5.1644863561E-6
1.7697620205E-5
2.2918265312E-5
2.6627758051E-5
2.6864488608E-5
2.7386937290E-5
3.0761456582E-5
3.4417991991E-5
3.2303237821E-5
1.8420920242E-5
1.8023920711E-5
2.7180789038E-5
2.4428172037E-5
2.4061976000E-5
3.0158029403E-5
3.0232151038E-5
3.4957542084E-5
3.6100461147E-5
2.0831020083E-5
2.2656656801E-5
2.5000749155E-5
2.5643990375E-5
1.6651256010E-5
2.2742000873E-5
1.9582698587E-5
2.5503477081E-5
3.1303719151E-5
2.9962451662E-5
3.0255166347E-5
4.1897024493E-5
3.2443343661E-5
1.3992737513E-5
1.4671264216E-5
8.4491330199E-6
2.1978921722E-5
2.2091064602E-5
3.3242569770E-5
4.5249413233E-5
4.0052668191E-5
3.9989000651E-5
2.7066387701E-5
2.2935937158E-5
1.2635823805E-5
-2.9243645258E-6
1.0353152175E-5
7.7808857896E-6
2.7385866269E-5
4.2820326052E-5
5.8330525645E-5
6.8336108235E-5
6.3205137850E-5
2.6032445020E-5
-1.0009191465E-5
-7.0416671226E-5
-7.9876114616E-5
8.1130885521E-5
1.6701000277E-4
3.5238929558E-5
-1.4518864918E-5
-1.8149067182E-5
-9.6072792075E-6
1.0604190175E-5
2.6323192287E-5
2.9289501252E-5
4.0251435712E-5
5.0320185256E-5
3.2016832846E-5
2.7963076717E-5
2.4534901604E-5
1.9922072533E-5
1.9630650058E-5
2.1316495258E-5
2.0916282665E-5
1.8801225815E-5
3.1573127489E-5
3.9733713492E-5
2.1206378005E-5
2.6769796386E-5
2.6978063397E-5
3.4762872382E-5
2.4197483434E-5
1.6150542069E-5
2.1376751828E-5
2.1145795472E-5
2.5943561922E-5
4.4115865603E-5
2.7739256620E-5
2.0329875406E-5
3.4362263977E-5
3.0749652068E-5
2.9257987625E-5
3.0059390700E-5
2.5398377328E-5
2.8932548593E-5
2.7680350467E-5
2.4922564625E-5
2.2146571427E-5
2.0149280317E-5
1.3710802887E-5
1.5902554151E-5
3.2169127370E-5
2.8440542518E-5
3.0424888245E-5
3.4153764136E-5
2.0457780920E-5
3.4831161610E-5
2.4636404123E-5
1.1562486179E-5
1.0407099035E-5
2.1637091413E-5
3.6235433071E-5
4.7722668387E-5
3.6558473948E-5
2.5272800121E-5
1.7976970411E-5
1.2116343714E-5
4.7302572057E-6
1.9609206356E-5
3.9367028512E-5
4.0367757901E-5
3.8367323577E-5
3.1256885267E-5
3.4806749317E-5
3.5524065606E-5
3.0324596445E-5
1.9304116722E-5
1.1045287829E-5
9.8342890852E-6
-4.8269284889E-7
2.4849642067E-5
4.1513307951E-5
5.9851666447E-5
6.0763279908E-5
1.9133544993E-5
2.2487482056E-6
3.0501512811E-6
8.5286796094E-6
1.5621155035E-5
1.7827667761E-5
3.8180733099E-5
2.6563950814E-5
1.6172567848E-5
3.1698122620E-5
3.5166554153E-5
2.8888648375E-5
2.9582646675E-5
3.1728018074E-5
3.7272844928E-5
2.3816793691E-5
1.5495973639E-5
1.6243406572E-5
1.4238606673E-5
3.0706636607E-5
3.4808763302E-5
3.5859469789E-5
4.6233611647E-5
3.1118141487E-5
2.7729209977E-5
7.5048068539E-6
-1.9404571503E-6
4.7480454668E-6
3.0860351398E-5
4.6004983597E-5
5.4050469771E-5
4.3922511395E-5
1.9257795065E-5
2.3300584871E-5
9.0894056484E-6
1.5333597548E-5
1.6532989684E-5
2.2584060207E-5
2.8659950475E-5
2.0988099276E-5
3.9589800871E-5
5.1381764934E-5
3.8957002106E-5
1.1877040379E-5
-3.1091598793E-5
-2.8490507974E-5
-1.5347381122E-6
4.8471963965E-5
7.3568348309E-5
8.0194626937E-5
7.1865506472E-5
3.7258118390E-5
1.3881572522E-5
-6.5003638156E-6
-1.6950699500E-5
-5.4263742641E-6
7.9427496531E-6
2.4337891954E-5
4.8902002163E-5
5.8590155095E-5
5.5613578298E-5
4.0659192017E-5
2.9470957815E-5
2.7067959308E-6
4.8638088629E-6
1.1038954835E-5
3.7827994675E-6
2.3983954451E-5
3.3597031142E-5
3.5662727895E-5
4.0529191028E-5
4.1232595686E-5
2.3808388505E-5
1.5614111908E-5
6.6285720096E-6
8.3046266810E-6
1.5291268937E-5
1.7646979540E-5
3.0258647165E-5
3.4842279273E-5
3.8199743721E-5
3.4342706203E-5
3.6564131732E-5
2.9701984021E-5
1.1723965872E-5
1.6678101383E-5
1.6326433979E-5
2.7112569659E-5
1.2853357475E-5
3.6030658520E-5
2.4414062500E-5
4.1287147905E-5
4.2889430187E-5
3.0057225375E-5
2.0768144168E-5
1.2455438264E-5
1.4702475164E-5
8.9442008176E-6
2.0915013737E-5
2.4608289822E-5
3.1882617622E-5
3.7038070149E-5
4.4138368685E-5
3.6254629958E-5
3.0730932484E-5
2.1596276200E-5
1.9563897513E-5
1.9709928892E-5
1.4648411889E-5
2.9294157866E-5
2.4501222651E-5
3.2759830355E-5
3.9163557812E-5
4.2079028207E-5
3.3480674028E-5
3.0307914129E-5
2.2840616293E-5
1.7553009093E-5
1.9407609943E-5
2.5599496439E-5
2.3292459081E-5
3.3017434179E-5
3.3726985565E-5
3.4386268816E-5
3.1053845304E-5
2.8838554862E-5
2.1287810522E-5
2.1072558593E-5
2.1840678527E-5
1.4265661594E-5
2.2605853155E-5
2.4293037131E-5
2.9259931761E-5
3.3962540328E-5
3.8275495171E-5
3.6998069844E-5
2.9744801576E-5
2.1820957772E-5
1.3658858370E-5
2.2152299061E-5
2.1489465143E-5
2.2353895474E-5
1.9867171067E-5
2.8158421627E-5
3.6714237648E-5
3.9377238135E-5
2.8634432237E-5
2.0035065244E-5
2.4205807130E-5
1.5030114446E-5
2.6933348271E-5
2.4414062500E-5
2.6254577096E-5
3.4645001869E-5
3.6837242077E-5
4.4319208246E-5
3.5592087078E-5
3.3941003493E-5
3.4868170041E-5
2.3651437368E-5
2.1350698079E-5
1.9746180623E-5
2.9602658468E-5
2.9806629754E-5
2.7515983674E-5
3.2076076604E-5
2.5636272039E-5
2.7992855757E-5
1.6297667753E-5
1.3857544400E-5
1.8534902483E-5
2.2366899065E-5
3.1997135374E-5
4.3795537203E-5
3.3577845897E-5
4.0283147245E-5
2.7198437601E-5
1.9446376245E-5
8.8207074441E-6
1.2982659973E-5
1.5788862947E-5
1.9941409118E-5
1.7548061441E-5
3.1923968344E-5
4.5516667887E-5
3.8295728154E-5
1.7716898583E-5
1.7616502009E-5
1.4377455227E-5
1.5888572670E-5
2.9638980049E-5
3.1670508905E-5
2.5330006610E-5
2.6994117070E-5
4.1377439629E-5
3.4704396966E-5
3.2845453824E-5
2.7345144189E-5
2.3467955179E-5
2.4833285715E-5
1.2594345026E-5
1.5091698151E-5
2.2664968855E-5
2.5455164722E-5
2.9149604961E-5
3.8030301220E-5
3.1103077344E-5
3.6551593802E-5
4.3983024079E-5
3.2222119625E-5
1.2798793614E-5
1.1869694572E-5
1.7651868984E-5
1.8173072021E-5
1.5096901916E-5
3.6941934376E-5
3.7093169521E-5
5.1302625798E-5
4.4243037700E-5
3.1426397617E-5
1.4420866501E-5
4.5343767839E-8
-3.4320983104E-6
-4.2453175411E-6
1.0680453852E-5
5.2355416119E-5
6.8805052435E-5
9.5399795103E-5
1.0178500088E-4
6.3068571036E-5
-9.7390846351E-5
-8.8680384218E-5
1.0670218617E-4
1.3262236025E-4
9.3124585693E-5
3.9331684820E-5
1.4137721155E-5
1.5590456314E-6
-5.6078424678E-7
2.8735143132E-6
1.1746678501E-5
3.7686491850E-5
3.3218751195E-5
3.9759033825E-5
3.7375744432E-5
3.3904705196E-5
3.8577488157E-5
2.7086050249E-5
1.6720255371E-5
2.7648173273E-6
1.5066156630E-5
1.9780220464E-5
2.6655674446E-5
2.4983985349E-5
3.2877945340E-5
2.6926840655E-5
2.2070459090E-5
2.4468707852E-5
2.3967248853E-5
1.9669346510E-5
1.5414075460E-5
2.8411170933E-5
2.0437920466E-5
3.4494756254E-5
2.3254135157E-5
2.8487003873E-5
3.0894076917E-5
1.5497964341E-5
2.2826797793E-5
3.5364355426E-5
3.4115009475E-5
2.4477171246E-5
2.5058537721E-5
3.4025777130E-5
2.5658833328E-5
1.8079113215E-5
1.7601053696E-5
2.9346637893E-5
3.4804304595E-5
4.0638621430E-5
4.0948239621E-5
2.4772481992E-5
1.6554235481E-5
2.1434051450E-5
2.3007555864E-5
2.1472061052E-5
3.2629561610E-5
2.6520504615E-5
3.2825686503E-5
3.4917006268E-5
3.8623472209E-5
2.3966387379E-5
3.1900778412E-5
2.7974543627E-5
1.2724834960E-5
1.9234395586E-5
1.8596823793E-5
1.3429427054E-5
2.6281340978E-5
4.1025271639E-5
5.2880856674E-5
5.8677955531E-5
3.7233147304E-5
-3.0654366128E-6
-1.2079230510E-5
-4.7418870964E-6
2.9970076866E-5
3.8086611311E-5
4.3737213127E-5
3.1703838612E-5
2.5906076188E-5
2.1369871683E-5
2.5890511460E-5
1.6482803039E-5
2.2029003594E-5
2.1432491485E-5
2.2850162349E-5
1.4228746295E-5
2.9977620578E-5
2.1046458277E-5
1.8308579456E-5
3.1697365920E-5
3.1817320268E-5
3.0722422525E-5
2.4455215316E-5
2.4174898862E-5
1.4431169257E-5
1.4778110199E-5
1.1039339006E-5
2.4881307035E-5
4.0958507452E-5
4.6745326835E-5
5.2104576025E-5
3.9059319533E-5
1.1702510528E-5
1.3333046809E-6
6.2221661210E-7
1.8975825514E-5
2.7468742337E-5
2.8121436480E-5
3.1432742252E-5
2.6090466417E-5
2.8731266501E-5
2.2567459382E-5
2.0402588416E-5
2.2021692711E-5
2.4999014567E-5
1.6878254246E-5
1.3149552979E-5
1.2236961629E-5
2.1266110707E-5
4.4211617205E-5
6.4774812200E-5
5.3762272001E-5
-1.1216150597E-5
-4.6640564688E-5
-3.8969924207E-5
-5.8522331529E-6
2.3812393192E-5
5.4826179985E-5
6.9563928993E-5
7.1556400509E-5
4.7852820717E-5
3.1201785895E-5
1.3046746608E-5
-1.2745091226E-5
-1.5743658878E-6
1.0737392586E-5
2.0676478743E-5
4.0428817738E-5
5.2411423531E-5
5.3123116959E-5
4.1792436968E-5
3.2607524189E-5
2.3158639669E-5
1.3846822549E-5
8.0325524324E-6
1.1317513418E-5
1.9794877153E-5
3.7245312705E-5
3.2785779330E-5
3.2311026006E-5
4.1843543295E-5
3.0353665351E-5
3.4670671448E-5
1.8632726278E-5
1.5614903532E-5
9.5165451058E-6
1.8294143956E-5
2.1531316451E-5
3.5012909211E-5
4.3288653251E-5
4.3618620839E-5
4.3062330223E-5
2.4937652051E-5
2.5474256835E-5
1.8641247880E-5
1.1192634702E-5
1.3707706239E-5
1.3200123794E-5
2.2578646894E-5
2.8264941647E-5
3.5452144220E-5
3.6129401996E-5
3.1563057563E-5
2.8393277897E-5
2.0293821580E-5
1.1020246893E-5
1.5000486746E-5
1.2710422743E-5
2.1055946126E-5
2.1348742302E-5
2.4568871595E-5
3.3287482801E-5
3.0168716329E-5
2.9071851167E-5
2.4699571076E-5
2.7246878016E-5
2.0584079902E-5
1.1333555449E-5
1.2134260032E-5
2.6233319658E-5
3.5420025232E-5
2.7321581728E-5
3.8167799356E-5
3.4336897078E-5
2.8576236217E-5
1.7851206940E-5
2.1388195455E-5
1.5528942458E-5
2.5281088892E-5
2.1230452694E-5
1.9484257791E-5
2.4999352171E-5
3.7641345988E-5
3.0452711507E-5
3.2830587587E-5
2.8920511249E-5
2.4258717894E-5
2.8554897289E-5
1.5301269013E-5
9.2097325251E-6
1.9069272093E-5
2.8109690174E-5
2.2410158999E-5
2.5041517801E-5
4.1146401781E-5
3.2047135755E-5
2.5729357730E-5
2.2207130678E-5
2.1165388170E-5
1.0864785873E-5
1.2181350030E-5
2.0155229140E-5
2.7062138542E-5
3.0051753855E-5
2.2763153538E-5
2.6769714895E-5
2.9926432762E-5
1.9456492737E-5
2.8586562256E-5
2.1110987291E-5
2.0177208352E-5
2.0421890076E-5
2.4944089818E-5
2.8216629288E-5
3.0366459395E-5
3.0874554067E-5
1.8017599359E-5
1.7035950441E-5
1.8592691049E-5
2.4592131376E-5
3.1041062902E-5
2.6173179503E-5
2.6167009491E-5
3.3794424962E-5
3.1318026594E-5
2.9676477424E-5
2.4102977477E-5
2.4926813784E-5
6.5458938480E-6
4.0159909986E-6
1.7518026288E-5
3.1318084801E-5
2.9354484285E-5
3.4728017635E-5
2.7645251247E-5
3.2789760734E-5
2.7098448480E-5
1.9063171931E-5
1.7831800505E-5
1.3194920030E-5
1.5355448704E-5
1.8440571148E-5
2.6349432300E-5
3.0562374740E-5
4.3855013791E-5
4.7754985280E-5
3.4370645880E-5
2.3851799778E-5
5.2859075368E-6
-9.9553843028E-6
2.4686392862E-5
4.0134042501E-5
2.5686004664E-5
3.0881119891E-5
2.8791802469E-5
3.0495005193E-5
3.2860436476E-5
3.4003320615E-5
2.1116179414E-5
1.3887579553E-5
1.7741136253E-5
1.7277372535E-5
1.8200522754E-5
2.6611797511E-5
1.9301532302E-5
3.7163100205E-5
4.3035519775E-5
3.8476940244E-5
2.9331038239E-5
2.5702023413E-5
1.0856136214E-5
4.3857377022E-6
5.4559670389E-6
1.4363822993E-5
2.8951861895E-5
4.6549690887E-5
5.8280315716E-5
5.5874104146E-5
4.4028100091E-5
1.9487470854E-5
-1.6049912665E-5
-2.9672472737E-5
-3.3310719300E-5
-2.7896754909E-5
4.3115438893E-5
1.7177381087E-4
1.1231658282E-4
-5.7990162169E-5
-8.7422854269E-5
-2.6798108592E-5
2.7565227355E-5
5.1932479255E-5
6.1820715201E-5
5.4877030198E-5
4.1571725159E-5
3.7715665530E-5
1.2255203910E-5
1.5114014968E-5
2.6658992283E-6
1.4878448565E-5
2.0033179316E-5
2.6355788577E-5
3.7152308505E-5
3.1002901959E-5
4.4343096670E-5
3.6146445199E-5
3.0001101549E-5
1.6360846348E-5
1.6400148161E-5
2.5176536291E-5
1.5813077334E-5
2.5719206314E-5
1.9198784139E-5
2.2489984985E-5
3.2361946068E-5
3.2012455630E-5
2.7454260270E-5
2.5850522796E-5
3.5791564732E-5
2.2200564853E-5
1.9851187244E-5
2.7221627532E-5
2.7737754862E-5
1.6277097166E-5
2.5452836416E-5
2.2484222426E-5
2.2973108571E-5
3.1977531034E-5
3.5605300217E-5
3.4575664903E-5
2.5087024550E-5
1.3120681979E-5
1.7996819224E-5
3.0318996869E-5
2.8347282204E-5
3.3641117623E-5
3.5143003333E-5
1.7375452444E-5
2.9810331761E-5
1.1844793335E-5
2.5203428231E-5
2.2447970695E-5
2.8717028908E-5
2.9817176982E-5
1.5432143118E-5
1.6671838239E-5
1.7416325863E-5
2.5570509023E-5
3.4698157105E-5
3.5537523217E-5
3.7974049337E-5
3.8185925223E-5
2.5804562028E-5
9.0664951131E-6
-1.0349333752E-5
-1.3230100740E-5
1.6376178246E-5
6.2303699088E-5
6.5926741810E-5
4.6150363050E-5
1.4232762624E-5
9.0336776339E-6
2.8784037568E-6
1.0731653310E-5
2.3411866277E-5
1.5188683756E-5
1.9826681819E-5
2.5937811005E-5
3.1483650672E-5
3.5246554762E-5
2.9086554422E-5
1.9214255735E-5
2.3430108558E-5
1.7172400840E-5
2.4467043112E-5
2.5635433849E-5
1.7303752247E-5
1.9369262736E-5
2.5898171588E-5
3.5124178975E-5
3.1128327827E-5
3.9458426181E-5
4.1093921754E-5
3.1137187033E-5
9.3093491159E-6
4.0874001570E-6
7.3674251327E-6
1.6942003276E-5
3.6491756326E-5
5.3563562688E-5
3.9110914802E-5
2.9902695677E-5
1.7411902081E-5
1.2894079555E-5
1.7715885770E-5
2.1276099141E-5
2.9493006877E-5
3.0645623337E-5
2.0298757590E-5
2.2099050693E-5
3.2135308719E-5
2.2693932987E-5
3.1998474150E-5
3.0714145395E-5
2.7306808624E-5
3.2112258486E-5
2.2435700520E-5
1.7897505313E-5
1.1611147783E-6
-1.1508318130E-5
3.7230283487E-5
1.3240996050E-4
1.0103158420E-4
1.4463439584E-6
-4.4821028132E-5
-3.7341786082E-5
-2.3502320982E-5
1.3924716040E-5
3.4493929706E-5
6.0681090691E-5
6.2094174791E-5
4.8816483468E-5
2.8392951935E-5
3.2452715094E-5
1.2292084284E-5
3.4814234823E-6
6.8252440542E-6
1.7544301227E-5
2.7645274530E-5
3.0399090609E-5
5.6191580371E-5
4.6512833796E-5
3.7628109566E-5
3.1114870216E-5
2.4904706515E-5
1.6119715292E-5
-2.8114300236E-8
1.4574488159E-5
2.2249191533E-5
1.8879212439E-5
3.9158051367E-5
3.2732437829E-5
3.6767846904E-5
2.9577803797E-5
2.6942358817E-5
4.6577886679E-6
5.3797615693E-6
1.1895794887E-5
1.8843624275E-5
2.4871225468E-5
4.4628465548E-5
3.0580535530E-5
3.6700244526E-5
3.1854375264E-5
2.9140082187E-5
1.1055974756E-5
1.9767205231E-5
7.5892196038E-6
8.4608444014E-6
1.8914893735E-5
1.9753817468E-5
3.2879365607E-5
3.4751382189E-5
3.4086441155E-5
2.2580381482E-5
2.5516154709E-5
1.3053289149E-5
1.7063482664E-5
1.5316647477E-5
1.2227694970E-5
1.8852029461E-5
3.5054888575E-5
3.4016382414E-5
2.9448140412E-5
3.4313811920E-5
3.8841844070E-5
2.1183281205E-5
1.6322836745E-5
1.5700561926E-5
2.2070226259E-5
3.2762845512E-5
2.0308408420E-5
2.4405517615E-5
3.3808848820E-5
3.0899059492E-5
2.8682244009E-5
3.1988834960E-5
3.2104260753E-5
1.6474863514E-5
1.9495305605E-5
1.5219638590E-5
2.5460543110E-5
3.2039452344E-5
3.1473417765E-5
3.1765084713E-5
3.5997014492E-5
1.4714244753E-5
1.9894097932E-5
2.6250979862E-5
2.1490082144E-5
2.0007917192E-5
1.9728997722E-5
3.4201040398E-5
2.6012409943E-5
2.5793060194E-5
2.6408967096E-5
3.1155266333E-5
3.7919217720E-5
2.0548689644E-5
1.9252905622E-5
2.6901019736E-5
2.7478439733E-5
2.7809210586E-5
3.2894301693E-5
3.7657131906E-5
3.3418310339E-5
2.4122360627E-5
2.6842695660E-5
1.6798719298E-5
2.1551747340E-5
1.8214236479E-5
1.8481351435E-5
2.0134961232E-5
3.3510278444E-5
3.2354448921E-5
3.5109813325E-5
2.6034028269E-5
2.7375051286E-5
2.1999259479E-5
2.0874384790E-5
9.0181361884E-6
1.9868835807E-5
2.3346673697E-5
4.2965426109E-5
3.1158165074E-5
3.0265445820E-5
2.4028471671E-5
2.8208550065E-5
2.8142984956E-5
1.3924471568E-5
1.5455286484E-5
1.3562268578E-5
1.8107064534E-5
2.6321061886E-5
2.8021098114E-5
3.7971395067E-5
3.0868023167E-5
2.3156485985E-5
3.7365185562E-5
1.6539625358E-5
1.4751683921E-5
1.2708466966E-5
1.4669343364E-5
2.0117161330E-5
2.0318746101E-5
3.4179817884E-5
3.5758025478E-5
5.3714588285E-5
3.3817149232E-5
2.2905285004E-5
1.5342957340E-5
-1.1902418919E-6
3.2515730709E-6
1.8598372116E-5
4.9872871023E-5
4.9989880063E-5
3.0940107535E-5
2.2781710140E-5
2.3294717539E-5
1.9309227355E-5
2.1918152924E-5
1.9050820265E-5
1.1371506844E-5
1.8511665985E-5
1.8428964540E-5
2.2682768758E-5
3.3075921237E-5
4.6449166257E-5
4.9057079014E-5
3.1734234653E-5
1.9717821851E-5
1.6542617231E-6
-1.0099960491E-6
-9.6841016783E-6
1.3931491412E-5
2.5634758639E-5
5.2643415984E-5
7.7058630997E-5
9.2143425720E-5
6.3509459143E-5
1.7696467694E-5
-9.3858269977E-5
-8.4785697984E-5
5.8325321880E-5
1.6145871486E-4
1.1897936929E-4
3.7238735240E-5
-3.7859776057E-6
-1.5333213378E-5
-1.1906726286E-5
-8.5158273578E-6
1.8332467880E-5
3.4088036045E-5
4.0579889901E-5
5.4938648827E-5
3.4826120827E-5
3.3711607102E-5
2.0655151456E-5
1.7291575204E-5
1.9582349341E-5
1.3597286306E-5
2.0219234284E-5
2.0439224317E-5
2.9332994017E-5
3.6089203785E-5
2.5575410108E-5
3.2241083681E-5
2.7218449395E-5
2.0400667563E-5
2.4978397414E-5
2.9819807968E-5
2.2823119070E-5
1.0259926785E-5
1.7679168377E-5
3.0844798311E-5
2.8738752007E-5
2.7040194254E-5
2.6136322412E-5
2.3096322547E-5
2.8432952239E-5
1.8841447308E-5
2.0881940144E-5
6.7938584835E-6
2.0364415832E-5
2.0777794998E-5
2.2270751651E-5
2.4080509320E-5
2.3608841002E-5
2.9793649446E-5
3.7782290019E-5
2.2773363161E-5
1.7210876103E-5
2.1974695846E-5
1.8459709827E-5
2.4388718884E-5
3.0132604296E-5
2.3454520851E-5
2.9478932264E-5
2.3637840058E-5
2.5237852241E-5
2.3868179414E-5
2.8889917302E-5
3.3725704997E-5
2.3111107293E-5
1.7216161359E-5
5.2465358750E-6
1.7618178390E-5
1.5151849948E-5
3.6764552351E-5
3.7841883022E-5
3.8990122266E-5
4.3405150063E-5
3.0726613476E-5
2.2321380674E-5
6.1153201387E-6
8.4739876910E-7
1.7244264018E-5
3.2559980172E-5
3.8913870230E-5
3.5387347452E-5
2.9746361542E-5
2.1018541883E-5
2.1358975209E-5
2.4985196068E-5
2.9714684932E-5
1.9784783944E-5
2.0752928685E-5
2.0742835477E-5
1.7646735068E-5
2.2123823873E-5
2.9201200231E-5
2.7695705647E-5
2.6659190188E-5
3.5360525362E-5
2.1554087288E-5
2.9527395963E-5
1.6395538114E-5
1.1799298227E-5
6.9119851106E-6
1.0468403343E-5
5.0500116777E-5
4.9122585915E-5
3.9157003629E-5
3.1393289099E-5
4.3910229579E-6
6.2808860094E-6
1.2579036411E-5
1.6133568715E-5
3.5045773256E-5
3.5810610279E-5
3.6069226916E-5
3.1535548623E-5
2.6005425024E-5
2.8157606720E-5
2.4246203247E-5
2.4422246496E-5
1.4501565602E-5
2.4928932543E-5
2.2734352387E-5
3.1382136512E-5
3.4429167862E-5
2.4948245845E-5
3.2878911588E-5
3.0887464526E-5
3.5067589487E-5
3.0374072957E-5
2.9795779846E-5
3.0043872538E-5
1.2659304775E-5
-7.4141193182E-6
-5.9384189082E-5
-1.5273154713E-5
1.3077331241E-4
1.2393817306E-4
3.7638645153E-5
-1.3396679424E-5
-1.5680294018E-5
-4.8191519455E-6
-2.7104164474E-6
3.2569037284E-5
3.6524829920E-5
5.6655728258E-5
5.2723078989E-5
5.2538607269E-5
2.8560718055E-5
2.2687844466E-5
6.5201194958E-6
2.4620210752E-6
8.8397646323E-6
1.1452217586E-5
3.5029940772E-5
3.1762931029E-5
3.7317862733E-5
3.3568649086E-5
3.8662855512E-5
1.1347047985E-5
1.9251042977E-5
1.8312595784E-5
1.8981378525E-5
1.2147612870E-5
3.3623969647E-5
3.6900630220E-5
3.7656247150E-5
3.8624322041E-5
3.8960052188E-5
2.9389618429E-5
2.6075716595E-5
1.7052423209E-5
7.2083901615E-6
1.8173083663E-5
1.9759137649E-5
3.1363265588E-5
3.0727987177E-5
3.4131004940E-5
3.5969296004E-5
3.3032137434E-5
2.7846836018E-5
1.5164515935E-5
2.0552659407E-5
1.0237679817E-5
2.1839945111E-5
1.5037658159E-5
2.4307006969E-5
2.8030842076E-5
3.2942451070E-5
3.6508264020E-5
2.0195462275E-5
1.9489566330E-5
2.7549185323E-5
1.3387086801E-5
2.4602562189E-5
2.9464217367E-5
2.2533850278E-5
2.2380473092E-5
2.7887604664E-5
3.1831942032E-5
2.8978602494E-5
2.8646481222E-5
1.7896050122E-5
2.2050319239E-5
8.6769810878E-6
2.2553710732E-5
2.9422296210E-5
2.8321123681E-5
2.9043073299E-5
3.4376408438E-5
3.5437103360E-5
2.8869265224E-5
3.1482148915E-5
2.7798523660E-5
1.9699102267E-5
1.1659332085E-5
1.6554561444E-5
2.5845854542E-5
2.6737328152E-5
2.7577986474E-5
4.2415654752E-5
3.8180931005E-5
1.9033357966E-5
2.3685256019E-5
2.1770899184E-5
1.3495062012E-5
2.6217964477E-5
3.2204412854E-5
3.3865612931E-5
3.5270710941E-5
2.9593519865E-5
3.0015944502E-5
2.6440445799E-5
1.6740115825E-5
1.5892856754E-5
1.3687461615E-5
2.4788384325E-5
2.8906995430E-5
3.2860285136E-5
2.8074253350E-5
3.8314703852E-5
1.9066489767E-5
2.7848337776E-5
1.9130005966E-5
1.1546560563E-5
2.4468638002E-5
1.5282991808E-5
2.8570974245E-5
3.3540127332E-5
2.3288675583E-5
3.5546754952E-5
3.5483203828E-5
2.5122077203E-5
9.7213196570E-6
7.1770045907E-6
2.5730975903E-5
1.8516753334E-5
2.6675651315E-5
2.5293976068E-5
2.5998265481E-5
2.6383239310E-5
3.6483653820E-5
3.2575381919E-5
1.9945425447E-5
2.4441909045E-5
9.1013032944E-6
2.1517544519E-5
2.6383693330E-5
2.6919832452E-5
3.1720788683E-5
3.5344820935E-5
4.2117957491E-5
4.0406885091E-5
3.2997969537E-5
1.8382794224E-5
2.5508494582E-5
1.6580056399E-5
1.3099750504E-5
1.7432961613E-5
3.6261591594E-5
4.0939555037E-5
4.8798671924E-5
4.2157340794E-5
3.6658544559E-5
3.4044380299E-5
1.3967510313E-5
1.1225137860E-5
-1.3002043124E-5
3.7055811845E-6
1.9539252389E-5
6.1430723873E-5
5.3331733216E-5
3.1328003387E-5
2.9391876887E-5
3.8038427010E-5
3.2259128056E-5
2.4402397684E-6
4.0608225390E-6
1.1065346189E-5
1.1844711844E-5
2.0396499894E-5
4.4526439160E-5
4.8110866919E-5
6.1247195118E-5
5.0345482305E-5
3.0654808506E-5
-7.9914461822E-7
-2.6612542569E-5
-5.3416122683E-5
-5.5073946715E-5
2.9852089937E-5
1.5840347623E-4
1.2173407013E-4
-1.9575271289E-5
-1.0443767533E-4
-5.8783858550E-5
-8.4429397247E-6
4.5993353706E-5
5.7968928013E-5
6.1684823596E-5
5.4682081099E-5
4.0310039185E-5
1.6711524222E-5
1.0448438116E-5
-2.1401559934E-6
7.8474287876E-6
2.1753949113E-5
1.8391548656E-5
3.1561136710E-5
3.2975780777E-5
3.7580868229E-5
3.6309869028E-5
2.8082833159E-5
2.3273704573E-5
2.3972918279E-5
5.7021505200E-6
1.5449523926E-5
1.4891929459E-5
2.6474264450E-5
2.3479235824E-5
2.3428443819E-5
3.4278712700E-5
3.2491830642E-5
3.2681575976E-5
2.2401509340E-5
1.8558907322E-5
1.6481336206E-5
1.3611686882E-5
1.6934715677E-5
2.8218678198E-5
2.2100692149E-5
4.1159358807E-5
2.4323049001E-5
2.7682876679E-5
2.4148658849E-5
2.7459580450E-5
1.4603615273E-5
1.9968207925E-5
2.8079422190E-5
2.4639524053E-5
3.0688010156E-5
2.5067850947E-5
3.0275573953E-5
2.7848582248E-5
2.2010609973E-5
2.2306805476E-5
2.2094859741E-5
2.0694523118E-5
2.4928746279E-5
1.6257900279E-5
1.4941929840E-5
1.6124430113E-5
1.7369224224E-5
3.0524749308E-5
3.9991852827E-5
3.9880874101E-5
4.1306088678E-5
2.2801395971E-5
1.2649327982E-5
1.6296561807E-5
2.6835256721E-5
2.7511548250E-5
2.4062173906E-5
2.2150413133E-5
2.2831233218E-5
2.8333964291E-5
4.7827046365E-5
5.4488354363E-5
2.5132775772E-5
1.2367812451E-5
2.5623012329E-8
2.6051676831E-5
2.3150537163E-5
2.9372377320E-5
3.6409834865E-5
2.6484357658E-5
3.0086119658E-5
2.5217223446E-5
2.1279859356E-5
2.5507307145E-5
2.1899514831E-5
2.8433895203E-5
1.8901261501E-5
1.9076478202E-5
2.1196261514E-5
2.5906087830E-5
3.7663790862E-5
5.0578499213E-5
5.2753079217E-5
2.4668592959E-5
1.6310007777E-5
-1.5725009143E-5
8.7788444945E-6
2.8854073024E-5
3.9737962651E-5
3.8544938434E-5
4.4181488920E-5
3.7243997212E-5
2.0423321984E-5
1.6016338486E-5
1.0138319340E-5
2.0243215840E-5
7.4882176706E-6
3.0489393975E-5
2.8864236082E-5
4.0637922938E-5
2.8493034187E-5
2.7320289518E-5
2.5706284213E-5
1.8550723325E-5
2.0274450071E-5
2.6428699493E-5
2.0650995429E-5
1.8976454157E-5
2.1414912771E-5
2.7252524159E-5
2.2665131837E-5
2.4790677707E-5
3.2834615557E-5
3.3486774190E-5
4.2872386984E-5
4.6072353143E-5
4.6975957229E-5
3.4674210473E-5
-2.6882393286E-6
-7.1680534168E-5
-3.0226050875E-5
1.3338926947E-4
1.0038168403E-4
5.0331139937E-5
1.2936501298E-5
-2.0682066678E-5
-1.0147201829E-5
-3.8393074647E-6
2.1216180175E-5
3.1672278418E-5
4.6983407810E-5
5.1908963360E-5
4.3273600749E-5
3.0790304298E-5
2.6786106172E-5
1.3815576676E-5
1.0912772268E-5
1.4496967197E-5
2.5314278900E-5
2.9463157988E-5
3.4555792808E-5
3.9005663711E-5
4.1648012120E-5
3.6257447208E-5
2.9222620650E-5
2.2345967590E-5
1.2439687271E-5
9.7201205790E-6
1.3248960022E-5
2.6027846615E-5
2.5876809377E-5
4.4521014206E-5
3.3913285005E-5
3.3573759719E-5
3.4256454091E-5
2.2052950225E-5
3.1693535856E-5
2.7657882309E-5
2.1215574815E-5
1.9976997282E-5
2.6116485241E-5
3.0017155222E-5
3.5509362351E-5
2.8774654492E-5
2.6464415713E-5
3.3652118872E-5
2.1722994278E-5
2.2332568187E-5
9.6015166492E-6
1.8537102733E-5
1.9846810028E-5
2.5440810713E-5
3.3082347362E-5
2.8507271781E-5
3.5332329571E-5
3.2121594994E-5
2.9309955424E-5
2.0984944422E-5
2.3832672741E-5
1.2606545352E-5
1.3398518786E-5
2.4624331854E-5
3.1036220024E-5
3.0869490000E-5
3.1624594702E-5
3.7557806353E-5
2.8747355099E-5
2.1189136896E-5
2.8824212494E-5
2.5187828577E-5
1.8700608052E-5
1.7208780628E-5
2.1508696954E-5
2.9515137429E-5
3.5363307688E-5
2.8144125826E-5
3.3558497670E-5
4.1614344809E-5
2.4706986732E-5
2.0293868146E-5
2.0478432998E-5
2.1233665756E-5
2.5667599401E-5
3.4840917214E-5
3.3237249590E-5
3.0412350315E-5
2.1879689302E-5
1.9712396897E-5
1.8461479339E-5
1.8891133368E-5
1.8043874297E-5
1.7809669953E-5
2.9272655956E-5
2.8605142142E-5
3.2018905039E-5
3.6825530696E-5
3.0146306380E-5
2.0369829144E-5
1.9386433996E-5
1.2396601960E-5
7.8340410256E-6
1.4155497774E-5
2.3526907898E-5
3.0852190684E-5
3.6804017145E-5
3.0660501215E-5
2.8547039255E-5
3.2945233397E-5
1.7149909399E-5
8.2337995992E-6
7.5510819443E-6
2.8849113732E-6
2.4414062500E-5
3.5558594390E-5
3.4780474379E-5
2.3558619432E-5
3.4616014454E-5
3.1002494506E-5
2.1059042774E-5
3.3048226032E-5
1.0837067384E-5
1.7303414643E-5
2.1654774900E-5
2.2459717001E-5
3.6247039678E-5
3.3653050194E-5
3.6621734033E-5
3.3009599428E-5
2.8790032956E-5
2.3502821568E-5
1.7312762793E-5
2.4414062500E-5
1.5090208035E-5
1.8945441115E-5
2.6092759799E-5
3.1688122544E-5
2.8637400828E-5
4.1401875205E-5
3.6027666646E-5
3.8189929910E-5
2.6596861425E-5
9.1766356492E-6
7.4761919678E-6
1.4601706062E-5
1.6150670126E-5
3.0486902687E-5
4.0175917092E-5
5.3755345289E-5
5.4234848358E-5
4.2573816608E-5
2.6048999279E-5
3.2843090594E-6
-1.4648458455E-5
-7.6308962889E-6
1.7740332987E-5
5.6568405126E-5
5.3487648256E-5
4.3510308023E-5
4.5108678750E-5
3.4208211582E-5
2.2351753432E-5
6.1300233939E-6
-7.1826856583E-6
-1.9585527479E-5
-1.6377633437E-5
1.5093188267E-5
4.1023793164E-5
9.5052877443E-5
1.4815063914E-4
9.9216308447E-5
-5.7614990511E-5
-1.1547438335E-4
-1.3116037007E-5
9.7538798584E-5
1.1136371177E-4
8.5468601903E-5
5.4699170869E-5
2.2340088617E-5
-1.2919190340E-6
-1.3373990078E-5
-8.3756283857E-6
1.6317039263E-5
2.4810386821E-5
5.1300553605E-5
4.7768617514E-5
5.0539919175E-5
4.4119113590E-5
4.1831017006E-5
2.0003167447E-5
1.1242122855E-5
1.5909422655E-5
1.9175419584E-5
2.0351097919E-5
2.1078379359E-5
2.8554594609E-5
3.3487053587E-5
4.4474657625E-5
3.6508624907E-5
3.8598419632E-5
2.2226932924E-5
2.2542418446E-5
8.8775646874E-6
2.2441882174E-5
1.0791525710E-5
2.1657696924E-5
4.1129032615E-5
3.8859830238E-5
2.8425804338E-5
3.0155980493E-5
2.6055285706E-5
2.2025895304E-5
2.3607374168E-5
2.1088391076E-5
1.1706561781E-5
2.0696991123E-5
3.2045796978E-5
2.6912859175E-5
3.5632646177E-5
3.3832562621E-5
3.0227762181E-5
2.5660044048E-5
2.8646935242E-5
1.3425142970E-5
9.2054600828E-6
2.3654010147E-5
1.7770682461E-5
1.9883085042E-5
2.6834988966E-5
3.8624787703E-5
3.2541074324E-5
3.0271976720E-5
3.0264910310E-5
2.0276184659E-5
1.0793912225E-5
6.5880711191E-6
7.1001704783E-6
2.0803953520E-5
3.6705250386E-5
3.8257252890E-5
2.8027477673E-5
2.4447217583E-5
2.3458153009E-5
3.3358868676E-5
1.5418650582E-5
1.8968130462E-5
2.9905594419E-5
1.9138178322E-5
2.1102651953E-5
9.2536443846E-6
2.1034583915E-5
2.5901896878E-5
2.7527881320E-5
4.4486322440E-5
5.4172286764E-5
1.9670708570E-5
-3.3135293052E-7
1.3696425594E-5
2.0538724493E-5
2.4343281984E-5
3.3853307831E-5
3.3256493042E-5
2.7413433417E-5
3.2674393150E-5
2.4414062500E-5
3.1943398061E-5
2.1110218949E-5
1.3930757996E-5
1.0858639143E-6
7.9000717961E-6
2.3912161123E-5
5.8595999144E-5
4.5798241626E-5
3.5021477378E-5
2.8894317801E-5
1.1453812476E-5
1.4809600543E-5
1.1212821119E-5
1.5793065540E-5
2.5050551630E-5
3.1476770527E-5
3.7599843926E-5
3.2134377397E-5
2.9374554287E-5
2.9801076743E-5
2.3295113350E-5
1.7296557780E-5
1.7763057258E-5
2.8073287103E-5
2.1302187815E-5
3.0892703216E-5
3.6925158928E-5
3.1534279696E-5
3.7744105793E-5
3.2083888072E-5
2.9204203746E-5
3.3284793607E-5
1.9160541705E-5
1.9377854187E-5
1.2558547314E-5
2.6498711667E-5
2.3582018911E-5
2.2699509281E-5
3.0850409529E-5
1.8874590751E-5
2.8309214394E-5
3.3883377909E-5
4.5425666030E-5
4.8582605086E-5
4.4226902537E-5
1.4849263243E-5
-7.2693626865E-5
-3.0673015862E-5
1.2101990869E-4
9.1896275992E-5
5.3868070245E-5
1.7714721616E-5
-6.4263702370E-6
2.3882370442E-6
7.0477486589E-6
7.4275420048E-6
2.5034742429E-5
3.3605098723E-5
4.6741508413E-5
4.2871024925E-5
3.7352624348E-5
2.4677184409E-5
2.4914066306E-5
1.6085244715E-5
8.3530554549E-6
1.7446558922E-5
1.8751365132E-5
2.5190587620E-5
4.1506276466E-5
3.6634004208E-5
3.1589879653E-5
2.8538878540E-5
3.1078618484E-5
1.8267601263E-5
1.3599148952E-5
7.1026384831E-6
2.0337093155E-5
2.0630261861E-5
3.9285526145E-5
3.1394651159E-5
4.0324323345E-5
3.4603581297E-5
3.9346877019E-5
2.2985099349E-5
2.1210429258E-5
1.3870070688E-5
1.1073495261E-5
1.7302960623E-5
2.8161110821E-5
3.2414228189E-5
3.5917607601E-5
3.6307773552E-5
3.8412353023E-5
3.4482195041E-5
2.4001381825E-5
2.2155931219E-5
1.6196153592E-5
3.2366183585E-5
2.7367856818E-5
2.5650893803E-5
2.7160195167E-5
3.1882512848E-5
3.6955799441E-5
2.9981462284E-5
3.0467379837E-5
1.6631581820E-5
2.1366088185E-5
1.9727996550E-5
1.9235210493E-5
2.5069061666E-5
1.8736801576E-5
3.0006433371E-5
3.3615098800E-5
3.5807024687E-5
3.0244386288E-5
2.6300176977E-5
1.7529702745E-5
1.6577518545E-5
2.8175127226E-5
1.4190119691E-5
2.4966220371E-5
2.7862132992E-5
3.9419112727E-5
3.5612180363E-5
2.3601064458E-5
2.4240277707E-5
2.0261236932E-5
2.6440154760E-5
1.9272090867E-5
2.4099939037E-5
2.8042553458E-5
3.4801836591E-5
3.0592584515E-5
3.4548377152E-5
2.9407651163E-5
1.0345166083E-5
3.9974809624E-6
1.9434059504E-5
1.3677892275E-5
2.1075084805E-5
3.5594566724E-5
3.6866101436E-5
3.3925718162E-5
2.8504838701E-5
2.4227623362E-5
1.5804986469E-5
1.8499314319E-5
8.9902547189E-6
1.2502900790E-5
1.1008954607E-5
3.1871453393E-5
3.8509804289E-5
3.9598450530E-5
4.6350806951E-5
1.4214299154E-5
1.7804675735E-5
2.5470275431E-5
2.2088282276E-5
2.4534109979E-5
2.8727704193E-5
2.2953317966E-5
2.8476747683E-5
3.6082009319E-5
2.9332726262E-5
3.0358589719E-5
2.4295621551E-5
2.7340790256E-5
1.6964296810E-5
7.6632015408E-6
1.5889015049E-5
1.3813318219E-5
2.3628177586E-5
3.3659313339E-5
4.0890998207E-5
3.6136282142E-5
3.9829069283E-5
2.9983674175E-5
1.7165380996E-5
1.4805281535E-5
1.3389380183E-5
1.2394355144E-5
1.0605982971E-5
2.6025425177E-5
3.0085269826E-5
3.9562699385E-5
4.0379411075E-5
3.4342112484E-5
3.5326241049E-5
1.6893038992E-5
-7.6377764347E-7
-5.4396223277E-6
1.7152191140E-5
2.1663843654E-5
2.9848993289E-5
5.8375659865E-5
6.7673448939E-5
6.0154788662E-5
3.9716192986E-5
-1.3785494957E-5
-1.6403908376E-5
-1.8635066226E-6
6.3455663623E-6
1.5883147717E-5
4.4133688789E-5
7.8724918422E-5
9.1426144355E-5
8.2939525603E-5
5.5674836040E-5
-2.2296281531E-5
-1.2327907607E-4
-5.6297169068E-5
8.7834452281E-5
1.9602141110E-4
1.1690882966E-4
2.8296688105E-5
-2.2880651522E-5
-3.3394386991E-5
-2.5509891565E-5
-2.2042659111E-5
1.9877951126E-5
4.2162928730E-5
5.6846707595E-5
5.6707439945E-5
4.9257383217E-5
4.5524991583E-5
1.2384401634E-5
1.4753732830E-5
5.1025184803E-6
8.0833095126E-6
1.4840380754E-5
2.2140471264E-5
3.0706007964E-5
3.2891344744E-5
4.2306038085E-5
3.8391572889E-5
3.7618621718E-5
2.2733968216E-5
1.8646148965E-5
1.6631523613E-5
3.6346842535E-6
2.0431994926E-5
2.5542150251E-5
3.5529467277E-5
3.7982582580E-5
2.8877914883E-5
3.1071004922E-5
3.3133325632E-5
2.5400542653E-5
1.3603491243E-5
1.5405681916E-5
2.7984008192E-5
2.7678452897E-5
3.3338321372E-5
3.4601439256E-5
3.2360816839E-5
2.8503744397E-5
3.5469245631E-5
3.0919048003E-5
2.4066679179E-5
1.7771427519E-5
1.9699358381E-5
1.6600580420E-5
2.9300269670E-5
3.2560934778E-5
2.9853219166E-5
3.3504178281E-5
2.8855341952E-5
3.2440666109E-5
2.3795489687E-5
2.5286816526E-5
9.2128058896E-6
1.0129634757E-5
1.7980940174E-5
1.7252040561E-5
3.3935962710E-5
3.6031159105E-5
3.2979133538E-5
4.0341250132E-5
2.6350980624E-5
1.7401389778E-5
2.1465169266E-5
1.8263608217E-5
1.3427564409E-5
2.1048355847E-5
2.2118142805E-5
2.6170443742E-5
3.1784072052E-5
3.2109778839E-5
3.6788603756E-5
2.4624727666E-5
2.7495308313E-5
2.8018932789E-5
2.7932249940E-5
2.9435264877E-5
1.4021981042E-5
2.3658096324E-5
2.3228733334E-5
1.9956368487E-5
2.7609895914E-5
3.1942350323E-5
3.7673371843E-5
3.9774668402E-5
1.4525791630E-5
6.7601329648E-6
1.5943055041E-5
1.7499539535E-5
1.9578309729E-5
2.2701721172E-5
4.7753402032E-5
6.3160271385E-5
3.9710651617E-5
1.8031336367E-5
-1.6882782802E-6
3.5101315006E-6
1.2199685443E-5
2.4145084898E-5
3.4676410723E-5
3.7061935290E-5
5.0705298782E-5
3.5183562431E-5
2.9130047186E-5
1.2192327995E-5
1.9841280300E-5
1.3209786266E-5
1.7859507352E-5
3.4591206348E-5
2.9214017558E-5
3.0790374148E-5
3.4244044217E-5
3.4531811252E-5
3.2327079679E-5
2.0377861801E-5
2.0133529324E-5
1.0306551121E-5
2.5788263883E-5
2.3253157269E-5
2.7718825731E-5
3.3805065322E-5
3.5275227855E-5
3.0263292137E-5
3.1434022820E-5
2.6930333114E-5
3.0364398844E-5
2.7836719527E-5
2.5390530936E-5
2.4919165298E-5
2.5910767726E-5
2.7089589275E-5
2.8445618226E-5
1.9096618052E-5
2.4414062500E-5
1.8141069449E-5
3.1557085457E-5
4.2745261453E-5
4.9608817790E-5
4.9271527678E-5
2.5344383902E-5
-5.7227781509E-5
-3.1788554042E-5
8.8076957038E-5
8.1098626837E-5
6.0205673800E-5
2.9038824140E-5
4.9840076827E-6
2.5064917281E-6
2.4414062500E-5
8.6264917628E-6
1.6545271501E-5
3.1553010921E-5
3.6225002259E-5
3.1349668278E-5
3.5021617077E-5
4.0383031591E-5
2.0752067212E-5
1.3031146955E-5
1.6782397870E-5
1.4761590865E-5
2.3572158533E-5
2.3722683545E-5
2.5666179135E-5
3.0786392743E-5
3.7710485048E-5
3.2942777033E-5
2.2875925060E-5
2.5387550703E-5
1.8628523685E-5
1.5741749667E-5
1.6902631614E-5
2.1569652017E-5
2.6366347446E-5
3.3552222884E-5
3.1809415667E-5
2.8551567810E-5
2.7838861569E-5
2.8264231513E-5
1.9802548922E-5
1.7819926143E-5
1.2533634435E-5
2.5166117120E-5
1.5593878925E-5
2.6670307852E-5
2.9708922374E-5
1.8551095854E-5
3.1661149114E-5
2.3979996330E-5
2.9851321596E-5
2.1410139743E-5
2.1926139015E-5
1.8968246877E-5
2.2544257808E-5
1.3490126003E-5
2.6460422668E-5
2.4461594875E-5
3.4742930438E-5
2.5561114307E-5
3.2442226074E-5
2.4628289975E-5
2.1351873874E-5
7.5585092419E-6
2.0655617118E-5
2.8365373144E-5
2.0598107949E-5
3.3433223142E-5
3.4925481304E-5
2.6100338436E-5
1.9294372760E-5
2.2195791825E-5
1.3834261335E-5
1.7666921485E-5
2.0509772003E-5
2.9773509595E-5
2.5829370133E-5
3.6778929643E-5
2.7903809677E-5
3.4681870601E-5
3.3748836722E-5
1.7395475879E-5
2.3937388323E-5
1.3409054372E-5
2.3828877601E-5
2.0544731523E-5
2.6103365234E-5
2.9673043172E-5
3.4142436925E-5
3.8785836659E-5
2.6262621395E-5
2.3634242825E-5
1.3606902212E-5
7.5698480942E-6
1.1949217878E-5
1.1806120165E-5
2.6304472703E-5
2.7225981466E-5
4.1961984243E-5
4.2593840044E-5
2.7635914738E-5
3.0003406572E-5
1.5445461031E-5
5.1399110817E-6
1.9350904040E-5
1.9222532865E-5
3.7233042530E-5
3.7543638609E-5
2.9769178944E-5
3.5399349871E-5
2.4336297064E-5
3.2767897937E-5
1.7287652008E-5
1.8234713934E-5
1.4609517530E-5
2.0381982903E-5
1.7589482013E-5
2.4810864124E-5
2.7235283050E-5
3.8736383430E-5
4.0278700180E-5
4.1366647929E-5
3.7875596899E-5
1.9313627854E-5
6.0289050452E-6
1.2206600513E-5
1.2446520850E-5
1.9161845557E-5
3.3166806679E-5
3.6892807111E-5
4.4355622958E-5
4.9278687220E-5
2.9394263401E-5
1.8886779435E-5
1.7320539337E-5
3.9609614760E-6
8.8904518635E-6
8.8163418696E-6
2.0302750636E-5
3.6165025085E-5
4.9593870063E-5
6.5870990512E-5
4.7919386998E-5
3.6877591628E-5
2.0632869564E-5
-1.0312721133E-5
-1.5511934180E-5
-1.3475946616E-5
4.7188019381E-6
4.7871016431E-5
8.7680679282E-5
8.0489041286E-5
6.2912737486E-5
3.3282721414E-5
6.7964661868E-6
-3.5608932375E-5
-7.5436511545E-5
-8.9336652311E-5
6.2255945523E-5
1.6354885883E-4
1.4445743291E-4
-1.0017608292E-5
-8.0958451147E-5
-6.6338223407E-5
-1.5435181558E-5
9.5349852928E-6
4.7239172272E-5
5.7562883012E-5
6.4652285074E-5
5.3093733731E-5
3.2395357265E-5
1.3049924746E-5
8.5605541245E-6
6.9266417996E-6
1.0840140749E-5
1.0087434203E-5
3.0541815794E-5
4.4829805847E-5
4.2823608965E-5
4.5127014164E-5
4.9142027274E-5
3.5641400609E-5
1.6037048772E-5
2.4886045138E-5
1.6407528892E-5
2.0535616203E-5
1.8342910334E-5
1.3289600611E-5
2.4414062500E-5
4.6361470595E-5
4.6106462832E-5
3.5519397351E-5
2.1484494209E-5
1.4514755458E-5
7.0745125413E-6
1.4601077419E-5
1.5173119027E-5
1.7628667410E-5
3.1976017635E-5
3.5664020106E-5
3.9021903648E-5
3.8054771721E-5
3.0511245130E-5
2.7790537569E-5
1.7492088955E-5
1.8869910855E-5
1.8183083739E-5
1.1841987725E-5
2.5710149202E-5
3.2135786022E-5
3.2558559905E-5
3.5723671316E-5
3.2171339261E-5
2.4146260693E-5
3.1624629627E-5
2.6630004867E-5
2.3451005108E-5
1.5397323296E-5
1.8681294750E-5
1.8901284784E-5
2.4757825303E-5
3.4819904248E-5
3.3934530801E-5
2.4072185624E-5
3.1045789364E-5
2.2392137907E-5
2.1119532175E-5
1.5226216055E-5
1.4060141984E-5
2.8593465685E-5
2.3154623340E-5
2.9564986470E-5
2.4394236970E-5
3.3114035613E-5
3.0972016974E-5
2.8077489696E-5
3.4194276667E-5
1.9552849699E-5
2.6607583276E-5
2.2888276726E-5
2.0784942899E-5
1.3950979337E-5
2.3444043472E-5
2.9250048100E-5
3.3289287238E-5
3.3170846290E-5
2.9660551808E-5
2.6765186339E-5
2.5389110669E-5
2.6874151080E-5
1.9234546926E-5
2.2596656344E-5
1.2225843966E-5
2.2262707352E-5
2.4352385662E-5
3.3730827271E-5
4.0086987428E-5
5.6964799296E-5
4.3466140050E-5
2.2801570594E-6
-1.6404758207E-5
8.3651393650E-7
3.7902791518E-5
4.2703759390E-5
5.5438827258E-5
3.6292371805E-5
3.0301627702E-5
2.4307367857E-5
1.7728016246E-5
2.2331939544E-5
1.6573874745E-5
1.6811524983E-5
2.6409747078E-5
3.6664435174E-5
3.8654718082E-5
3.6379299126E-5
3.3843796699E-5
2.5211717002E-5
1.5541817993E-5
1.8917792476E-5
1.0784959886E-5
1.6127864365E-5
3.2928364816E-5
2.9785442165E-5
4.0696735958E-5
3.4227885771E-5
2.7519743889E-5
2.3774791042E-5
2.3999821859E-5
2.2450287360E-5
1.6246747691E-5
1.9575317856E-5
2.8651719912E-5
2.3337919264E-5
2.7725007384E-5
2.9242795425E-5
3.0022533609E-5
2.7874461374E-5
2.6146916206E-5
3.8590456824E-5
3.1947810202E-5
1.7316604499E-5
2.8664746786E-5
2.0834174938E-5
2.3308675736E-5
2.2213195916E-5
2.0887318533E-5
2.0390853751E-5
3.0790583695E-5
3.3843563868E-5
5.5804057047E-5
5.4544501473E-5
4.0405686013E-5
-4.9651169684E-5
-1.0426400695E-5
6.0366047547E-5
6.6764897202E-5
5.5259210058E-5
3.4238130319E-5
2.6891089510E-5
7.9784193076E-6
1.1735549197E-5
1.4473556075E-5
1.3076502364E-5
2.5238294619E-5
3.3786206039E-5
3.5557651426E-5
3.2901915255E-5
4.5944645535E-5
3.1959591432E-5
3.1191436573E-5
8.4399129265E-6
1.6354338732E-5
1.8537905998E-5
2.6181316934E-5
3.1952024436E-5
3.8282468449E-5
3.3421174156E-5
4.3304834980E-5
3.0283001251E-5
1.7791346181E-5
2.3432401940E-5
1.3753469102E-5
1.3242429122E-5
1.6647530720E-5
2.2572383750E-5
2.6865792460E-5
2.9948470182E-5
3.7837005220E-5
4.0894176344E-5
3.2481830566E-5
2.9833707958E-5
1.6135466285E-5
1.9719987176E-5
1.5160150360E-5
1.9505771342E-5
2.7221918571E-5
2.1380232646E-5
2.1894858218E-5
3.6668044049E-5
2.8926262165E-5
3.8487976416E-5
2.7910212520E-5
2.7823576237E-5
2.9171886853E-5
2.1678651683E-5
2.5593361351E-5
2.9520306270E-5
3.5111035684E-5
3.4418446011E-5
2.7411105110E-5
2.2772443480E-5
1.0891549755E-5
1.7915968783E-5
1.8224329687E-5
2.5446992367E-5
2.2117083426E-5
3.9829814341E-5
3.3304363023E-5
3.2204913440E-5
2.6593741495E-5
2.9638828709E-5
2.4379685055E-5
1.8600118346E-5
2.4327228311E-5
1.3700604904E-5
2.1466566249E-5
2.8088863473E-5
3.9691885467E-5
3.6285351961E-5
3.1407957430E-5
2.8909323736E-5
2.4800328537E-5
1.1508702301E-5
1.3227795716E-5
2.5648518930E-5
1.8475833349E-5
2.0910182502E-5
3.6019308026E-5
3.6868988536E-5
3.2862811349E-5
3.6364514380E-5
2.8690777252E-5
1.5107344370E-5
1.2749200687E-5
3.5616336390E-6
6.5955449827E-6
3.0515482649E-5
4.3785758317E-5
4.7733087558E-5
4.1601911652E-5
2.6608863845E-5
8.5316249170E-6
2.0576885436E-5
1.5927862842E-5
2.6635732501E-5
1.9208714366E-5
1.7095962539E-5
2.6144168805E-5
3.4910778048E-5
3.8100371603E-5
3.3756636548E-5
2.9898760840E-5
2.7963332831E-5
2.0350259728E-5
2.3563508875E-5
1.6330368817E-5
1.2369139586E-5
1.5270162839E-5
3.0436681117E-5
3.2915943301E-5
4.6758062672E-5
4.2892969213E-5
4.4891377911E-5
2.9225065372E-5
1.8176145386E-5
7.6877651737E-6
2.6113935746E-6
8.9313369245E-6
1.6472861171E-5
4.0840380825E-5
4.8160005827E-5
5.5219838396E-5
4.8707507086E-5
3.6703317891E-5
2.4145795032E-5
8.4938947111E-7
-1.8080230802E-6
-1.1964899022E-5
5.6001823396E-6
3.5091326572E-5
5.2975199650E-5
7.6617382005E-5
8.9059292806E-5
5.6456762832E-5
-6.5676984377E-6
-4.5141112060E-5
-5.2294053603E-5
-3.7973292637E-5
-1.1617667042E-6
8.8520895226E-5
1.8171485281E-4
1.1239807354E-4
-2.9452634043E-5
-1.5033110976E-4
-8.0547563268E-5
-8.3922524936E-6
5.0132034812E-5
8.4533856718E-5
9.2264125126E-5
6.9865479601E-5
3.7559703923E-5
1.4392612502E-5
-5.1023554988E-6
-7.7100121417E-6
2.1730083972E-6
1.7182191368E-5
3.1201506498E-5
3.5830540582E-5
4.8049341421E-5
5.3188530728E-5
4.4899585191E-5
4.0815735701E-5
2.1697615739E-5
6.8353023380E-6
1.3726460748E-5
1.5929213259E-5
2.7689489070E-5
3.1590252183E-5
4.3498096056E-5
4.3470168021E-5
4.0245393756E-5
3.2185914460E-5
2.9174319933E-5
2.1098565776E-5
1.8611969426E-5
1.0140717495E-5
1.5009031631E-5
1.7001386732E-5
2.5637180078E-5
3.7381530273E-5
4.2690825648E-5
4.2804237455E-5
3.1146849505E-5
3.1283928546E-5
4.7637149691E-6
1.7828878481E-5
1.9081798382E-5
2.5769532657E-5
2.5409250520E-5
3.1833606771E-5
3.5013875457E-5
2.7184817008E-5
2.4282664526E-5
2.6944489218E-5
2.6733148842E-5
1.0698242113E-5
2.3825757671E-5
1.4980591368E-5
1.6581069212E-5
2.2837833967E-5
2.6765104848E-5
3.7290912587E-5
3.5772949922E-5
2.2728589829E-5
2.0412739831E-5
2.7966208290E-5
1.5440396965E-5
1.7753720749E-5
2.3044936824E-5
3.0768988653E-5
3.4906377549E-5
2.2165919654E-5
3.6695157177E-5
3.6710198037E-5
3.1734374351E-5
2.3467559367E-5
1.7507653683E-5
1.6372033861E-5
2.2447353694E-5
2.3076962679E-5
2.2058770992E-5
2.6741507462E-5
3.2424274831E-5
3.7056102882E-5
3.0610489192E-5
3.1925237271E-5
2.3477291688E-5
2.2891082334E-5
1.5970598906E-5
2.4096644483E-5
3.5152200143E-5
3.2191118225E-5
2.8066267258E-5
2.2095872554E-5
2.6396464090E-5
2.7090928051E-5
3.5134889185E-5
3.2064504920E-5
3.0431232880E-5
3.2459245994E-5
2.3433053865E-5
2.4414062500E-5
2.4365459102E-5
2.2787880152E-5
4.8473908100E-5
5.9332430829E-5
4.4110498856E-5
2.0746595692E-5
1.1729355902E-5
1.4914153144E-5
1.8035259563E-5
1.7529982142E-5
1.8003559671E-5
3.8110290188E-5
3.6090763751E-5
3.6884925793E-5
3.9153534453E-5
3.7230225279E-5
3.5788770764E-5
4.9298047088E-6
3.6410288885E-6
1.9517494365E-5
1.7430423759E-5
4.0018267464E-5
2.9783381614E-5
4.1452294681E-5
4.0441390593E-5
3.0314014292E-5
1.9768136553E-5
1.9548111595E-5
1.1734082364E-5
2.4733587633E-5
1.9473512656E-5
2.4017598479E-5
3.1363533343E-5
3.4776213578E-5
3.7000502925E-5
2.5340821593E-5
2.2817042190E-5
3.3662153873E-5
2.4475820828E-5
1.5102862380E-5
1.7005973495E-5
1.5186530072E-5
2.8793665114E-5
2.9750948305E-5
3.0835974029E-5
1.5778781380E-5
3.8822961505E-5
2.3310130927E-5
2.3718737065E-5
2.2611848543E-5
2.5668030138E-5
3.6878942046E-5
1.7677352298E-5
2.6262842583E-5
2.2866076324E-5
1.9494013395E-5
3.7109979893E-5
3.2729085068E-5
3.9338588249E-5
6.1093620025E-5
3.5128067247E-5
-6.4302806278E-5
3.8463156670E-6
3.8813042919E-5
4.6508992091E-5
4.8646843061E-5
4.0144275408E-5
2.8127466793E-5
1.5056773555E-5
1.8430675845E-5
1.1626794003E-5
1.4402822126E-5
1.3363710605E-5
2.6858609635E-5
2.7948687783E-5
3.6123860627E-5
3.6841444670E-5
3.1025719362E-5
2.5398260913E-5
2.2436236031E-5
1.8529221415E-5
2.1784869022E-5
1.4189409558E-5
2.0167673938E-5
2.8350111096E-5
3.9741839282E-5
3.5851390566E-5
3.2225321046E-5
3.0085735488E-5
2.9467081185E-5
2.3250025696E-5
-5.9441663329E-7
1.7344497610E-5
2.2477738093E-5
2.7549616060E-5
2.7961295563E-5
4.1564425919E-5
3.5460421349E-5
3.8145715370E-5
3.5178672987E-5
2.7607253286E-5
2.2768683265E-5
1.6176945064E-5
