<| "Configuration" -> <| "Acquisition device" -> "UHFLI",  "Start time" -> "10/27/2021 15:59:28",  "Finish time" -> "10/27/2021 17:35:55", "Comments" -> "" |>, "Dimensions" -> {<| "Name" -> "Frequency 1", "Start" -> 6.200000*^+9, "Stop" -> 6.800000*^+9, "Step size" -> 2.000000*^+6 |>, <| "Name" -> "DC Voltage 1", "Start" -> -6.600000*^+0, "Stop" -> -7.400000*^+0, "Step size" -> -5.000000*^-2 |>}, "DataInfo" -> <| "Measured Spots" -> 5.117000*^+3,  "Samples" -> 1,  "Segments" -> 1,  "dFactor" -> 1,  "Sampling Time" -> 7.111111*^-8|>|>
2.7513771783E-5
2.6469596195E-5
2.4551572276E-5
2.3029919248E-5
2.7823587879E-5
2.6449409778E-5
3.0121451709E-5
2.7341803069E-5
2.3291376419E-5
2.7164618950E-5
2.0867679268E-5
2.6172713842E-5
2.2737984545E-5
2.3049255833E-5
2.8652092441E-5
2.1031661890E-5
2.4083454626E-5
1.2293842156E-5
1.8219056073E-5
1.8171942793E-5
3.2469967845E-5
2.7363828848E-5
1.8287776038E-5
2.4472421500E-5
2.0451005548E-5
2.1851179190E-5
3.2415671739E-5
2.2262067068E-5
1.5948642977E-5
1.7412554007E-5
2.3224786855E-5
2.2848299704E-5
2.4414062500E-5
2.4781492538E-5
3.3182953484E-5
3.0457926913E-5
2.1568406373E-5
1.9780581351E-5
2.3924582637E-5
2.2655643988E-5
2.3456814233E-5
1.7993757501E-5
2.7919991407E-5
2.5537924375E-5
2.5561894290E-5
3.4657807554E-5
2.1578569430E-5
3.0693016014E-5
1.8547673244E-5
2.8261914848E-5
2.1979922894E-5
2.9970891773E-5
1.3082497753E-5
2.2903224453E-5
2.2391148377E-5
3.3441651612E-5
2.9789155814E-5
2.7334934566E-5
3.0354969203E-5
3.2817793544E-5
1.5227170661E-5
2.1217099856E-5
2.8522440697E-5
2.5159528013E-5
2.1511584054E-5
3.4160295035E-5
1.4097895473E-5
2.7492071967E-5
3.2435508910E-5
2.6457768399E-5
2.6960868854E-5
2.7122162282E-5
7.0440582931E-6
2.2867659572E-5
1.2477126438E-5
3.3580476883E-5
3.0656286980E-5
3.2235088292E-5
3.3913739025E-5
2.4590769316E-5
2.7608301024E-5
2.4236307944E-5
1.3137096539E-5
2.0590273197E-5
2.4705147370E-5
3.1309307087E-5
3.0224421061E-5
2.9826629906E-5
3.6816485225E-5
2.2277596872E-5
2.1354563068E-5
2.2567086852E-5
2.6197673287E-5
1.5465577599E-5
2.2761279251E-5
2.9497139621E-5
2.7275097090E-5
3.2668164931E-5
3.2415275927E-5
4.0679355152E-5
2.9894267208E-5
1.3374129776E-5
3.3837661612E-5
1.9481719937E-5
1.3562128879E-5
1.6826076899E-5
2.8422800823E-5
2.4414062500E-5
2.8086628298E-5
3.1409587245E-5
2.7041358407E-5
2.6651832740E-5
1.7920113168E-5
1.3350229710E-5
1.5730550513E-5
9.0716872366E-6
1.4341447968E-5
2.3886165581E-5
2.4768628645E-5
4.2382499668E-5
3.5760737955E-5
4.3568748515E-5
1.3187853619E-5
1.6327609774E-5
6.9111469202E-6
7.5573334471E-7
2.1954043768E-5
3.2741168979E-5
4.8381404485E-5
5.9501291253E-5
4.8204627819E-5
2.4188298266E-5
-5.3393887356E-7
-5.6354328990E-6
4.7387438827E-6
3.0611164401E-5
3.2848375849E-5
3.0186458024E-5
3.1320878770E-5
3.5914452746E-5
5.0651759375E-5
4.5167165808E-5
4.5768718701E-5
1.9714643713E-5
-1.0138191283E-5
-6.0104532168E-5
-2.1971052046E-5
7.4628798759E-5
1.1289507384E-4
1.1862950632E-4
1.4019839000E-5
-4.2678765021E-5
-3.5302841570E-5
-1.4196662232E-5
9.3723065221E-6
4.2858091182E-5
4.6044867486E-5
4.2852119077E-5
4.1331816465E-5
2.7822854462E-5
2.1468300838E-5
1.5463388991E-5
1.1691509280E-5
4.4678570703E-6
2.4044723249E-5
2.6559445541E-5
3.2694207038E-5
4.3461727910E-5
3.2414705492E-5
3.2971648033E-5
1.9091297872E-5
1.7259281594E-5
1.2923346367E-5
1.1178501882E-5
2.5027431547E-5
2.3182947188E-5
2.6355800218E-5
3.7766876630E-5
3.4438655711E-5
3.6723027005E-5
3.5652029328E-5
3.0849815811E-5
2.2884935606E-5
1.5413179062E-5
1.5650060959E-5
2.3240235167E-5
3.3957080449E-5
2.6602321304E-5
3.7081469781E-5
2.8575409668E-5
2.7890980708E-5
2.3965851869E-5
2.0008697174E-5
1.9632803742E-5
1.1846260168E-5
2.3390864953E-5
2.5546259712E-5
2.4647871032E-5
2.4112814571E-5
2.5495712179E-5
2.6462017558E-5
3.4011132083E-5
2.1972774993E-5
2.4579546879E-5
1.6670988407E-5
1.0546809062E-5
3.0208949464E-5
2.5459134484E-5
2.8370902873E-5
2.3810018319E-5
3.3586146309E-5
2.9271387028E-5
2.2738683037E-5
2.7423421851E-5
2.2310856729E-5
2.3784895893E-5
2.1826650481E-5
2.5458645541E-5
2.1034688689E-5
2.3642450105E-5
3.8919295184E-5
2.5320856366E-5
2.5202066171E-5
2.0978890825E-5
1.8732622265E-5
1.8183572683E-5
1.6332429368E-5
1.7751380801E-5
3.2200478017E-5
2.6894384063E-5
2.6844826061E-5
2.9419583733E-5
2.6026321575E-5
2.1798582747E-5
2.8118444606E-5
2.4544971529E-5
2.1296157501E-5
3.0689255799E-5
2.5256106163E-5
3.4203229005E-5
3.2693066168E-5
3.2685243058E-5
2.6859901844E-5
3.8683670572E-5
2.4772062897E-5
1.7338932957E-5
2.7143326587E-5
2.2525072563E-5
2.5164720136E-5
2.8730055782E-5
2.0540272817E-5
3.1515897716E-5
3.1353509984E-5
3.0486285685E-5
2.1401874255E-5
2.9378023463E-5
2.6823754887E-5
2.2789486683E-5
2.3342994972E-5
2.2638775407E-5
2.1880352869E-5
3.0514237004E-5
3.1057291197E-5
3.0783424153E-5
2.2533815354E-5
2.9133900533E-5
2.1502701565E-5
1.8965057097E-5
2.9447651467E-5
2.5907973758E-5
2.5023589841E-5
2.0271667745E-5
3.3156492281E-5
3.0989351216E-5
3.9877369999E-5
2.5293976068E-5
3.0917511321E-5
2.5199574883E-5
2.1094386465E-5
2.8094463050E-5
2.4234107695E-5
3.0116271227E-5
2.7963961474E-5
2.3535173386E-5
3.3301871735E-5
2.5541556533E-5
3.0795263591E-5
2.6291119866E-5
2.1169066894E-5
2.2820453159E-5
2.1851016208E-5
2.1477113477E-5
2.1304073743E-5
2.4489220231E-5
2.6429537683E-5
2.0265462808E-5
3.8372434210E-5
2.6006659027E-5
3.4663302358E-5
2.2003264166E-5
2.7368171140E-5
3.1597272027E-5
2.9330165124E-5
2.7853215578E-5
2.3117172531E-5
2.6099791284E-5
2.4907698388E-5
2.4426751770E-5
3.0987057834E-5
2.9522634576E-5
2.6916689239E-5
2.3290945682E-5
1.5216018073E-5
3.6238273605E-5
3.8268556818E-5
2.5912956334E-5
2.5359378196E-5
2.4569977540E-5
1.6056199092E-5
2.2127036936E-5
2.3907539434E-5
2.3470201995E-5
1.7994106747E-5
3.5393715370E-5
2.9858574271E-5
3.1880382447E-5
2.6571366470E-5
3.0871632043E-5
2.2032076958E-5
2.5497260503E-5
2.5096919853E-5
1.9581266679E-5
2.0033132750E-5
2.8750335331E-5
2.3880263324E-5
3.1935190781E-5
2.9901391826E-5
2.3158977274E-5
3.2250385265E-5
2.7617381419E-5
2.6706047356E-5
2.3106811568E-5
2.8757005929E-5
1.8658256158E-5
3.1710066832E-5
2.6624766178E-5
2.7959735598E-5
3.0513352248E-5
2.5590776931E-5
2.9951718169E-5
2.6707770302E-5
3.6085920873E-5
2.2015511058E-5
9.3145878055E-6
2.6439642533E-5
3.1618808861E-5
3.0225899535E-5
2.9996305238E-5
2.3834616876E-5
1.9081693608E-5
2.7305691037E-5
1.9608996808E-5
2.8646353166E-5
2.6111560873E-5
2.1050556097E-5
2.8458621818E-5
2.6061409152E-5
3.2222969457E-5
2.3083563428E-5
3.3123709726E-5
3.4199212677E-5
2.1768372971E-5
1.6000913456E-5
1.2838991824E-5
2.7942773885E-5
2.8578727505E-5
2.9707932844E-5
2.5246571749E-5
2.6225321926E-5
3.0602898914E-5
2.1966930944E-5
2.6047276332E-5
2.4795159697E-5
1.7776060849E-5
3.0725542455E-5
1.9847007934E-5
2.0317127928E-5
3.1100609338E-5
2.1835986990E-5
2.4414062500E-5
3.3234234433E-5
3.3620267640E-5
1.8915720284E-5
3.0738883651E-5
2.2228667512E-5
1.9507796969E-5
2.6173784863E-5
3.4045451320E-5
3.5283504985E-5
4.2123696766E-5
3.4576409961E-5
3.3586961217E-5
2.5573093444E-5
2.4175690486E-5
1.6888044774E-5
2.0354695152E-5
1.8091709353E-5
1.9861955661E-5
2.4414062500E-5
2.4629151448E-5
3.4068105742E-5
2.8659065719E-5
2.9221700969E-5
2.9680144507E-5
1.5825522132E-5
2.0868750289E-5
1.3680430129E-5
2.4780549574E-5
3.2832240685E-5
3.1129398848E-5
3.8525543641E-5
4.2649870738E-5
3.1835050321E-5
1.6420474276E-5
1.6017351299E-5
-1.9433093257E-6
5.0715054385E-6
1.7364462837E-5
3.5421235952E-5
4.2409100569E-5
5.1618053112E-5
3.5573262720E-5
3.1294359359E-5
4.8591988161E-6
9.7464188003E-6
1.0055373423E-6
2.6794488075E-5
3.1773536465E-5
3.4527305978E-5
2.8703629504E-5
2.6691949460E-5
3.9592420217E-5
3.9258634205E-5
3.4821883309E-5
2.3343181237E-5
2.7772039175E-6
-6.0529448092E-6
-2.4063105229E-5
3.3547403291E-6
6.8910990378E-5
1.1615916155E-4
9.7377528439E-5
2.9800983611E-5
-6.5273547080E-5
-4.7571596224E-5
9.4759278000E-6
4.8044486903E-5
5.5978714954E-5
6.7958084401E-5
4.6331936028E-5
3.0098087154E-5
1.9107502885E-5
1.1368002743E-5
2.1154293790E-6
4.5811641030E-6
2.0281446632E-5
2.8731557539E-5
2.8209039010E-5
4.0489539969E-5
4.5912980567E-5
3.7996051832E-5
3.1607050913E-5
1.4792813454E-5
1.7128640320E-5
1.0623049457E-5
1.7451820895E-5
2.8590951114E-5
2.7327891438E-5
2.7472956571E-5
3.0957546550E-5
3.4680194221E-5
3.3864716533E-5
2.0824198145E-5
2.3400911595E-5
1.2267101556E-5
2.4706067051E-5
2.4380173999E-5
1.9199913367E-5
3.0868558678E-5
2.4896545801E-5
3.3468101173E-5
3.6185747012E-5
2.3584091104E-5
1.9833212718E-5
1.5109847300E-5
2.3723568301E-5
1.6642501578E-5
2.0156987011E-5
2.4390150792E-5
2.8200552332E-5
3.7180923390E-5
3.0920852440E-5
3.3060985151E-5
2.2526539396E-5
2.4128449149E-5
1.4034425840E-5
2.7716741896E-5
2.6088836602E-5
1.3235595543E-5
3.4329260233E-5
2.3083260748E-5
3.0445843003E-5
2.7521478477E-5
2.8577400371E-5
2.2447644732E-5
2.6918551884E-5
2.3496593348E-5
2.4023314472E-5
2.2199726663E-5
2.6059139054E-5
2.1393818315E-5
3.5537988878E-5
2.7697090990E-5
3.0129950027E-5
2.0722625777E-5
2.1528603974E-5
2.0156754180E-5
1.8789630849E-5
3.2060244119E-5
2.2493349388E-5
3.0011206398E-5
3.0582270118E-5
2.0944525022E-5
3.0049425549E-5
2.9711390379E-5
2.3565068840E-5
3.3282150979E-5
2.9113760683E-5
2.3314484860E-5
3.1322834547E-5
1.6345153563E-5
3.0003325082E-5
2.6473589241E-5
2.4948257486E-5
2.5393324903E-5
2.4485343600E-5
2.2904004435E-5
2.2273778449E-5
1.4301680494E-5
1.9369763322E-5
2.3361109196E-5
2.2009538952E-5
3.2314157578E-5
2.9235193505E-5
3.0290952417E-5
2.9415171592E-5
1.8853787332E-5
2.8376060072E-5
1.7670937814E-5
1.7615314573E-5
1.8336565699E-5
2.1381012629E-5
2.4047051556E-5
2.6595953385E-5
2.8089853003E-5
1.6434397548E-5
2.8095056768E-5
2.0830717403E-5
2.9466161503E-5
2.4428835604E-5
2.8913537971E-5
2.1213805302E-5
2.6222562882E-5
3.1687144654E-5
2.3170432541E-5
2.8352369554E-5
2.4008681066E-5
2.2623583209E-5
2.3298931773E-5
2.3322552442E-5
3.0908442567E-5
2.7766730635E-5
1.8199346959E-5
2.5332020595E-5
1.8811982590E-5
2.4002767167E-5
2.5985389947E-5
1.9031960983E-5
2.2456783335E-5
2.2451195400E-5
2.2979977075E-5
2.9039778746E-5
2.0745908841E-5
2.6877108029E-5
2.7422956190E-5
2.5617692154E-5
3.6740663926E-5
2.8987729455E-5
2.2154499311E-5
2.1359801758E-5
2.3097614757E-5
1.6327295452E-5
3.5104446578E-5
3.1410530209E-5
2.8219993691E-5
1.7862604000E-5
3.2924942205E-5
1.9787438214E-5
3.1928962562E-5
3.5235425456E-5
2.4343526456E-5
2.0587886683E-5
2.5858439039E-5
2.9051490127E-5
3.0080392025E-5
2.3651192896E-5
2.7279183268E-5
3.3050728961E-5
2.7877860702E-5
2.6263890321E-5
2.6074168271E-5
2.3422250524E-5
2.7098064310E-5
2.4036387912E-5
2.6814045849E-5
2.7952343225E-5
2.9379373881E-5
2.9143737628E-5
2.5260413531E-5
1.8625054508E-5
2.5591137819E-5
2.6220781728E-5
3.2085285055E-5
2.3702054750E-5
2.8205558191E-5
3.6236515734E-5
3.2143620774E-5
3.0931632499E-5
3.1048571690E-5
2.7665507513E-5
2.3277616128E-5
2.2710696794E-5
1.4147779439E-5
2.5635189376E-5
3.8229930214E-5
2.9585056472E-5
2.1945906337E-5
3.7670473102E-5
3.3053639343E-5
2.1016865503E-5
2.2350170183E-5
2.7111254166E-5
2.4266913533E-5
3.0334014445E-5
3.0286982654E-5
2.6220583822E-5
2.7232768479E-5
3.4487096126E-5
2.7396855875E-5
2.3499713279E-5
2.3585150483E-5
1.8004013691E-5
2.9629038180E-5
1.6360718291E-5
2.4889048654E-5
3.1532265711E-5
3.0062859877E-5
3.0320149380E-5
3.1021260656E-5
3.3937045372E-5
2.4239171762E-5
2.8049130923E-5
2.2077769972E-5
2.4006876628E-5
3.3603736664E-5
3.0059809796E-5
2.0985782611E-5
3.1646806746E-5
2.6072480250E-5
3.0822691041E-5
2.3559469264E-5
2.8888508677E-5
2.4565123021E-5
2.1108007058E-5
2.9256497509E-5
2.0907784346E-5
2.4943356402E-5
2.1509907674E-5
1.4223356266E-5
2.7752341702E-5
2.4925614707E-5
2.8644397389E-5
2.4655868764E-5
2.2119889036E-5
2.3867178242E-5
1.4918856323E-5
2.7872831560E-5
2.1446589380E-5
2.4942238815E-5
3.2037356868E-5
2.9730412643E-5
3.3822190016E-5
2.3882533423E-5
2.5258364621E-5
1.2658978812E-5
2.6186776812E-5
2.6501493994E-5
1.2927560601E-5
3.3732224255E-5
2.5888870004E-5
3.8332818076E-5
4.0874769911E-5
3.6267808172E-5
2.3467105347E-5
1.8219288904E-5
2.6886851992E-5
1.3029691763E-5
1.4108140022E-5
1.7262389883E-5
2.3165950551E-5
3.3210450783E-5
4.4757849537E-5
3.7357979454E-5
2.6301771867E-5
2.9393052681E-5
1.5507452190E-5
1.0478484910E-5
4.7401292250E-6
1.8395739607E-5
3.8322689942E-5
4.6892487444E-5
4.2222731281E-5
4.2691652197E-5
2.9143376741E-5
1.1106382590E-5
-2.7039786803E-7
9.0919085778E-6
2.7018575928E-5
2.4414062500E-5
4.0415488183E-5
2.7191697153E-5
3.0744506511E-5
2.1993543487E-5
3.3771991729E-5
2.4239043705E-5
2.1854508668E-5
2.2998999338E-5
8.1450212748E-6
1.1345942039E-5
2.7627102099E-6
1.7520203255E-5
4.5617343858E-5
8.2793575714E-5
9.1706647074E-5
2.0272308029E-5
-4.6373764053E-5
-6.2490801794E-5
-7.5972056948E-6
7.3625775988E-5
8.4009033165E-5
6.0542905704E-5
4.4981902465E-5
2.5774876121E-5
1.2130814139E-5
-5.7751196437E-6
7.2964699940E-6
2.1742202807E-5
2.4562585167E-5
3.0383514239E-5
3.7466967478E-5
3.9673643186E-5
2.5785330217E-5
3.6466761957E-5
2.1684204694E-5
1.5132583212E-5
8.5171661340E-6
1.7049279995E-5
2.9991194605E-5
3.4629891160E-5
2.2864865604E-5
3.1925272196E-5
3.3563585020E-5
3.0410883482E-5
2.7165224309E-5
2.4552317336E-5
2.4473760276E-5
1.4394044411E-5
2.2301974240E-5
2.3354659788E-5
3.1445350031E-5
3.4119212068E-5
2.9924639965E-5
2.9620958957E-5
2.8839625883E-5
2.7146446518E-5
3.0143675394E-5
1.6861374024E-5
2.4239928461E-5
2.1164817735E-5
2.9433821327E-5
2.8843316249E-5
2.6109872851E-5
2.3137999232E-5
3.0947756021E-5
2.0159687847E-5
2.4920864962E-5
2.8639601077E-5
1.4029303566E-5
2.6960740797E-5
2.3210211657E-5
3.4609949215E-5
3.5216426476E-5
3.6297948099E-5
3.2845069653E-5
3.1688017770E-5
2.2520823404E-5
2.3045379202E-5
2.2741197608E-5
1.6856414732E-5
2.2329227067E-5
2.2056396119E-5
3.1178991775E-5
3.4195929765E-5
2.6597653049E-5
3.3770338631E-5
2.2921164054E-5
2.0282506011E-5
1.7941219266E-5
2.6321876794E-5
1.8064910546E-5
1.9645167049E-5
3.0053255613E-5
3.6830513272E-5
3.8940971717E-5
2.8805527835E-5
3.2368383835E-5
2.4899048730E-5
1.9562686793E-5
2.5025242939E-5
2.7621991466E-5
2.3347337264E-5
2.5654898490E-5
2.4260836653E-5
3.0939164570E-5
3.3874565269E-5
2.8321426361E-5
2.6783265638E-5
2.1904613822E-5
2.9695651028E-5
2.4064199533E-5
2.9217184055E-5
2.9702193568E-5
2.8858217410E-5
2.6329816318E-5
2.7540198061E-5
2.3163622244E-5
2.7561106253E-5
2.2040575277E-5
2.4642352945E-5
1.6147259157E-5
2.7478160335E-5
2.6507128495E-5
2.2909021936E-5
2.3601984139E-5
2.8421683236E-5
3.0768488067E-5
2.9212876688E-5
2.3959227837E-5
2.0991475321E-5
2.0199676509E-5
3.1344941816E-5
2.6231922674E-5
2.4966150522E-5
1.9681011326E-5
2.3783184587E-5
3.0780083033E-5
2.8946029487E-5
2.6728678494E-5
3.2882089726E-5
3.0100473667E-5
2.5991490110E-5
1.6112148296E-5
2.5292881764E-5
2.2565305698E-5
3.1538179609E-5
2.5993550661E-5
2.9981916304E-5
2.6133842765E-5
3.1544163356E-5
3.0360277741E-5
2.5091366842E-5
2.4460733402E-5
2.5690323672E-5
2.5908602401E-5
2.8532103169E-5
2.9372004791E-5
3.1258736271E-5
2.4155690334E-5
2.6898470241E-5
2.6606710161E-5
2.0720972679E-5
1.9472860731E-5
2.5555386673E-5
2.1467020269E-5
2.9502366669E-5
4.8550334759E-5
4.9805687740E-5
-1.1574453674E-5
1.4784513041E-5
1.7374812160E-5
2.7512689120E-5
3.2121955882E-5
2.3768842220E-5
2.5255291256E-5
2.9173819348E-5
2.1363247651E-5
1.6003986821E-5
3.0059611890E-5
2.6355101726E-5
2.9492401517E-5
2.2557156626E-5
2.4951086379E-5
3.0020740814E-5
2.6653159875E-5
2.7882307767E-5
2.9464636463E-5
3.0224013607E-5
2.7028168551E-5
2.4355796631E-5
2.2066733799E-5
2.0841299556E-5
2.4853693321E-5
2.3812078870E-5
2.5784771423E-5
1.8931401428E-5
2.7954624965E-5
2.4843949359E-5
2.2611115127E-5
2.5482208002E-5
2.3126439191E-5
2.3903301917E-5
3.1198677606E-5
1.8160440959E-5
1.4828739222E-5
1.7963908613E-5
2.8374814427E-5
2.4631537962E-5
3.2052106689E-5
2.8723292052E-5
3.6809744778E-5
3.2442272640E-5
3.3701257780E-5
2.8732162899E-5
2.7266819960E-5
2.0327279344E-5
2.3231981322E-5
3.0539266299E-5
3.2362714409E-5
3.2835116143E-5
2.4027936160E-5
1.7340423074E-5
2.4426879826E-5
2.3485580459E-5
2.7722551021E-5
2.1546240896E-5
1.9401754252E-5
1.6374920960E-5
2.9016041662E-5
2.3480830714E-5
2.7216656598E-5
2.7661502826E-5
3.0761864036E-5
3.0773703474E-5
2.4402665439E-5
3.1150481663E-5
1.7367000691E-5
2.5358877610E-5
3.7237699143E-5
2.8370809741E-5
1.9730278290E-5
2.9529130551E-5
2.6072794571E-5
2.6076228823E-5
2.4115561973E-5
1.9401777535E-5
2.3168674670E-5
1.7363252118E-5
3.0461756977E-5
2.8836261480E-5
3.0986417550E-5
2.9152107890E-5
3.2270373776E-5
3.1685049179E-5
2.6800076011E-5
2.1703704260E-5
3.0066352337E-5
2.1225062664E-5
1.4172343072E-5
2.7861853595E-5
3.0059192795E-5
2.1384668071E-5
3.3209321554E-5
3.3120380248E-5
2.7375691569E-5
3.3765065017E-5
2.2899766918E-5
1.5364063438E-5
2.0107149612E-5
2.0833860617E-5
3.1451892573E-5
3.9865158032E-5
3.6926427855E-5
2.7719326317E-5
2.8947100508E-5
2.7396855875E-5
3.0771188903E-5
1.7806969117E-5
9.9238706753E-6
2.0036567002E-5
2.5506829843E-5
2.1534599363E-5
3.5221176221E-5
3.5942462272E-5
4.2689673137E-5
3.6709511186E-5
1.2731959578E-5
-3.3931690268E-6
-1.1966493912E-5
2.0015635527E-6
2.3886060807E-5
5.3754472173E-5
5.2902160678E-5
4.3960032053E-5
3.6865682340E-5
2.9067555441E-5
1.2398522813E-5
-5.4575502873E-6
3.6649522371E-6
2.5748554617E-5
3.5536731593E-5
3.6671385169E-5
2.7656264137E-5
3.9480044506E-5
3.5324902273E-5
2.9849330894E-5
2.2939452901E-5
3.0993460677E-5
2.3947504814E-5
2.0262517500E-5
1.3567507267E-5
1.3968208805E-5
2.0442681852E-5
3.0312559101E-5
5.5394577794E-5
5.7100341656E-5
4.9872149248E-5
2.9843323863E-5
-1.6923015937E-5
-5.1879789681E-5
-6.1563798226E-6
6.5049075057E-5
9.4933528456E-5
9.1453699863E-5
2.0915747154E-5
-3.3246702515E-6
-2.4061417207E-6
-1.5145749785E-6
1.4676246792E-5
2.6720878667E-5
4.3778494000E-5
5.0284177996E-5
4.0228199214E-5
4.0985178202E-5
3.6299449857E-5
1.5585264191E-5
1.9272719509E-5
2.3767945822E-5
7.2299968453E-6
2.3802113719E-5
2.3816444445E-5
3.2672216184E-5
3.9629242382E-5
3.5158602986E-5
2.6970193721E-5
3.2610143534E-5
2.2265559528E-5
3.0716101172E-5
1.3694760855E-5
2.0772486459E-5
2.8087839018E-5
3.6688754335E-5
2.6723369955E-5
2.7958443388E-5
3.5831541754E-5
1.8849084154E-5
2.4169287643E-5
1.4730135445E-5
1.1124950834E-5
2.0564906299E-5
2.0768819376E-5
2.6770692783E-5
3.5735627170E-5
2.8876936994E-5
3.3029110636E-5
3.3225934020E-5
3.2391503918E-5
1.9935879390E-5
1.9068538677E-5
1.5977816656E-5
1.7803336959E-5
2.6064098346E-5
3.2324460334E-5
3.7841289304E-5
3.0878093093E-5
3.9149611256E-5
2.0761275664E-5
2.8045661747E-5
1.9802968017E-5
2.0884757395E-5
2.1458545234E-5
2.1215877495E-5
2.3738807067E-5
3.7068955134E-5
3.7776748649E-5
2.7247099205E-5
2.5597657076E-5
2.6425789110E-5
2.2527691908E-5
2.1202734205E-5
1.5923078172E-5
1.6444316134E-5
2.0232389215E-5
2.3013679310E-5
3.6340800579E-5
3.3427716698E-5
3.4870184026E-5
3.1039514578E-5
1.8296949565E-5
2.7224782388E-5
2.3347511887E-5
2.0287826191E-5
2.2161554079E-5
2.2832176182E-5
3.4836982376E-5
2.5348807684E-5
3.3055769745E-5
3.4311262424E-5
2.8874748385E-5
2.6131526101E-5
2.1530280355E-5
1.9248353783E-5
2.8791523072E-5
2.4760584346E-5
2.9310979880E-5
2.8608448337E-5
2.9817549511E-5
3.0606635845E-5
2.4414062500E-5
2.9558257664E-5
2.7485506142E-5
2.4860841221E-5
2.0045076962E-5
2.1959200967E-5
2.7982913888E-5
3.1389668583E-5
2.8134160674E-5
3.0143884941E-5
3.5083340480E-5
2.9730924870E-5
2.5868602096E-5
2.2309971973E-5
2.3373705334E-5
2.2070424165E-5
2.6592961512E-5
2.4255423340E-5
2.4530221708E-5
3.4979812335E-5
2.5447446387E-5
2.6245205663E-5
2.2420461755E-5
3.4195533953E-5
2.7834984939E-5
2.2920593619E-5
1.9723176956E-5
2.7903611771E-5
2.8597121126E-5
3.6599719896E-5
3.0825706198E-5
2.6114145293E-5
2.4748803116E-5
2.8207362629E-5
2.9040931257E-5
2.5637401267E-5
2.2245221770E-5
2.1656125318E-5
2.1203234791E-5
2.5775330140E-5
2.5093241129E-5
2.8558948542E-5
3.0308729036E-5
2.9483751859E-5
2.6401155628E-5
2.7029577176E-5
2.7483433950E-5
3.4077989402E-5
3.0048610642E-5
3.3289776183E-5
3.5465543623E-5
2.4506205226E-5
3.4290854818E-5
3.1071621924E-5
1.7216557171E-5
2.2042926866E-5
1.9821804016E-5
2.7186097577E-5
1.4931452461E-5
3.0734192113E-5
3.3116550184E-5
4.1544507257E-5
2.9908760916E-5
1.9823724870E-5
-3.1026313082E-6
-9.0562738479E-6
5.7190482039E-5
4.0351762436E-5
3.2839307095E-5
2.9911764431E-5
2.3385905660E-5
1.9302475266E-5
1.7586955800E-5
1.2790737674E-5
2.8401380404E-5
3.2821553758E-5
2.7684716041E-5
3.0767649877E-5
2.6267836801E-5
3.2136088702E-5
2.7670548297E-5
1.6350916121E-5
3.4932931884E-5
3.0184059869E-5
3.1220435630E-5
2.7186877559E-5
3.2352702691E-5
1.8483249005E-5
3.4069863613E-5
3.1452439725E-5
2.8729392215E-5
2.1437730174E-5
3.2999145332E-5
2.2251356858E-5
2.3324030917E-5
2.8196524362E-5
3.0456215608E-5
2.1340488456E-5
2.4480826686E-5
2.6200246065E-5
2.6235124095E-5
2.6701367460E-5
2.4837348610E-5
2.0647456403E-5
2.8708262834E-5
2.0839844364E-5
3.2891402952E-5
2.2215337958E-5
1.4970672783E-5
2.5863759219E-5
1.8062081653E-5
2.6246451306E-5
1.8030928913E-5
3.1692371703E-5
2.4713343009E-5
2.8998684137E-5
2.6563648134E-5
2.0296638831E-5
2.6148185133E-5
2.5321682915E-5
3.1593197490E-5
3.3133989199E-5
2.9929750598E-5
3.6582909524E-5
2.8695364016E-5
2.9072910547E-5
2.3154355585E-5
2.7677044272E-5
3.0324619728E-5
2.1356146317E-5
2.0129117183E-5
2.3554195650E-5
2.8361228759E-5
1.7276126891E-5
2.5707448366E-5
3.2287335488E-5
3.3371755853E-5
2.0346173551E-5
3.0763878021E-5
2.2397539578E-5
2.5374360848E-5
2.1897419355E-5
2.0394776947E-5
2.6858190540E-5
3.4259096719E-5
3.5385845694E-5
3.5509455483E-5
3.7824537139E-5
2.6988296303E-5
1.3019889593E-5
2.3234786931E-5
2.3330294061E-5
2.1257984917E-5
2.6791915297E-5
2.8770894277E-5
2.6385358068E-5
4.0647026617E-5
3.7447363138E-5
3.2731192186E-5
2.2968382108E-5
2.0932441111E-5
1.8757686484E-5
1.8029299099E-5
2.7603388298E-5
2.1538767032E-5
2.5715469382E-5
4.3592602014E-5
3.6419578827E-5
3.4275953657E-5
2.3341085761E-5
1.2821611017E-5
1.1093402281E-5
1.9625481218E-5
2.4442782159E-5
3.0913110822E-5
3.2385473605E-5
4.2132136877E-5
4.6367396135E-5
1.9434257410E-5
1.4138733968E-5
4.0368176997E-7
7.0196227171E-6
1.9209110178E-5
3.7421705201E-5
4.7068821732E-5
4.8110389617E-5
2.4063291493E-5
1.1003226973E-5
2.1074851975E-5
1.5587417875E-5
8.2285609098E-6
2.7913670055E-5
2.1284597460E-5
2.1072756498E-5
2.6491866446E-5
2.6993977371E-5
3.8730865344E-5
4.4903508387E-5
3.8620096165E-5
4.1991483886E-5
3.1982408836E-5
1.6585562844E-5
-5.0150556490E-6
-1.0520638898E-5
-4.9242866225E-6
2.7784390840E-5
8.2998734436E-5
1.0102804518E-4
5.0720828585E-5
3.1534000300E-6
-6.3956785017E-5
-8.8695553132E-6
2.0702462643E-5
3.5661412402E-5
5.3187750746E-5
5.0513911992E-5
4.4233130756E-5
3.9272976573E-5
2.0565395243E-5
1.2405216694E-5
9.7041483969E-6
9.2107686214E-6
1.9846728537E-5
3.0968652572E-5
3.3116107805E-5
4.2248889803E-5
3.2058067153E-5
2.6829994749E-5
1.9013346173E-5
2.5412300601E-5
1.5118764714E-5
2.2101448848E-5
1.3578881044E-5
2.4888920597E-5
3.1919369939E-5
3.9743795059E-5
1.7957284581E-5
3.9389100856E-5
3.3488322514E-5
2.5673315394E-5
2.9492448083E-5
2.8506375383E-5
2.7031369972E-5
2.8428528457E-5
2.4670443963E-5
3.1151156871E-5
3.2339699100E-5
3.4296466037E-5
2.6751554105E-5
3.1364522873E-5
3.0745263210E-5
2.7799583039E-5
2.1617230959E-5
2.6850984431E-5
3.1542556825E-5
3.4218537620E-5
3.0755146872E-5
3.8093037437E-5
3.3367937430E-5
2.2837717551E-5
2.9248965437E-5
2.6861589867E-5
2.7966825291E-5
1.4597212430E-5
2.9766932129E-5
2.6325869839E-5
2.6081560644E-5
2.6922998949E-5
2.8591742738E-5
3.1962676439E-5
4.1539210360E-5
2.5928544345E-5
2.6406184769E-5
1.8828490283E-5
1.8387299496E-5
2.4094968102E-5
2.8299202676E-5
1.6510242130E-5
3.5733799449E-5
2.5718170217E-5
3.1170353758E-5
2.3995735682E-5
3.1105114612E-5
2.5859230663E-5
1.8947210628E-5
2.1429010666E-5
2.3819203488E-5
3.1692802439E-5
3.1640962697E-5
2.5732361245E-5
2.8749182819E-5
2.0131852943E-5
2.1196901798E-5
2.3430993314E-5
2.6413251180E-5
2.3419165517E-5
2.4995917919E-5
2.8081540949E-5
2.6189233176E-5
3.1915877479E-5
3.3243792131E-5
1.8758559599E-5
2.5937240570E-5
2.4905393365E-5
2.7590477838E-5
2.4481525178E-5
2.6938505470E-5
2.3358385078E-5
2.7467962354E-5
3.8238766137E-5
3.6526145413E-5
2.3096683435E-5
1.9066932145E-5
2.6796222664E-5
2.3741438053E-5
2.8163660317E-5
2.3560132831E-5
3.2048742286E-5
2.5979848578E-5
2.5796552654E-5
2.8508948161E-5
2.7998327277E-5
2.7481850702E-5
2.8898881282E-5
3.0784599948E-5
2.0365638193E-5
2.9753160196E-5
1.5772343613E-5
2.9703625477E-5
2.1206366363E-5
3.3506145700E-5
2.6563345454E-5
2.6218558195E-5
2.7894100639E-5
2.8143718372E-5
2.1061894949E-5
1.9801524468E-5
2.6610132772E-5
2.2106128744E-5
3.0609557870E-5
3.0374445486E-5
1.1933338828E-5
3.0375958885E-5
2.8858042787E-5
2.4315796326E-5
2.1477800328E-5
2.8667703736E-5
1.6430940013E-5
2.5462522171E-5
2.7172605041E-5
2.9398640617E-5
2.6983919087E-5
2.5226350407E-5
3.1749298795E-5
1.9993330352E-5
1.6783608589E-5
1.3205083087E-5
2.2812269162E-5
1.7735455185E-5
2.2991746664E-5
2.8569414280E-5
3.2801355700E-5
2.9907561838E-5
2.1327612921E-5
2.7137051801E-5
3.0475284438E-5
2.4509488139E-5
2.5803456082E-5
2.3640773724E-5
1.9803014584E-5
3.2428780104E-5
3.4607655834E-5
4.0264986455E-5
3.7435826380E-5
4.2909197509E-5
1.4109234326E-5
1.7135322559E-5
-5.9518148191E-6
1.1504744180E-6
7.7913759744E-5
5.0905393436E-5
1.8160091713E-5
1.0643003043E-5
1.0008062236E-5
1.0492454749E-5
2.5462510529E-5
3.0657905153E-5
3.0898919794E-5
2.4946813937E-5
2.8989440760E-5
2.7108180802E-5
1.7793895677E-5
3.3100799191E-5
2.6775861624E-5
2.7987128123E-5
2.4472398217E-5
3.0570162925E-5
3.3655029255E-5
3.0696368775E-5
3.5210291389E-5
2.7640047482E-5
4.4275750406E-5
2.6701146270E-5
2.2444128990E-5
2.8440507593E-5
2.4309963919E-5
2.0058080554E-5
3.1477597076E-5
2.3981323465E-5
3.2546918373E-5
2.2416771389E-5
2.8878741431E-5
1.9176804926E-5
3.2473658211E-5
2.9575475491E-5
2.8622173703E-5
2.7329206932E-5
2.2888311650E-5
2.7243455405E-5
2.1358090452E-5
2.5659601669E-5
3.3044931478E-5
2.9524532146E-5
3.4473056439E-5
3.3336342312E-5
3.2021186780E-5
2.9797793831E-5
2.3567094467E-5
1.7973501235E-5
2.1746091079E-5
2.7041241991E-5
1.3925821986E-5
2.2675399668E-5
2.7112034149E-5
2.3585313465E-5
2.6874465401E-5
2.8802477754E-5
2.8481369372E-5
2.6535277720E-5
2.0237301942E-5
2.3838493507E-5
1.4343229123E-5
2.4199811741E-5
3.1981663778E-5
2.1041498985E-5
3.1158572528E-5
2.3004855029E-5
3.1024671624E-5
2.8338260017E-5
2.8486910741E-5
2.7345959097E-5
1.8000020645E-5
2.3712601978E-5
1.5874882229E-5
2.4324317928E-5
2.4699734058E-5
3.0861003324E-5
3.1145603861E-5
2.5369366630E-5
1.7403322272E-5
2.5219761300E-5
2.5274313520E-5
3.1677738297E-5
1.4506792650E-5
3.3476285170E-5
3.1847401987E-5
2.9125250875E-5
3.9379624650E-5
4.4609745964E-5
3.1482463236E-5
2.1695415489E-5
1.2923916802E-5
1.6933819279E-5
1.7168559134E-5
2.5505083613E-5
3.3868546597E-5
3.4905876964E-5
3.7840672302E-5
4.4961809180E-5
2.5214708875E-5
1.3623689301E-5
7.9188146630E-6
1.6546540428E-5
2.2975343745E-5
3.9647927042E-5
3.5491504240E-5
3.3457484095E-5
3.3036188688E-5
3.4163577947E-5
2.1520198788E-5
2.7907441835E-5
2.0374695305E-5
1.9762024749E-5
2.1358265076E-5
3.8876908365E-5
3.0415249056E-5
3.1097466125E-5
2.6688119396E-5
3.2991403713E-5
2.0453741308E-5
2.2476504091E-5
2.8529867995E-5
2.2211065515E-5
1.6977277119E-5
1.4012155589E-5
3.4265685827E-6
1.3085722458E-5
4.3057382572E-5
5.0389289389E-5
4.4923136011E-5
5.1234336570E-5
3.0246318783E-5
-1.0100088548E-5
-4.9658445642E-5
-1.0688661132E-5
3.7731288466E-5
1.0536609916E-4
6.6064926797E-5
3.5909749566E-5
1.7259945162E-5
-1.8028425984E-6
2.1916464902E-6
3.2495590859E-6
2.6087206788E-5
3.0625658109E-5
3.9845856372E-5
3.8641516585E-5
3.5551853943E-5
3.5462819505E-5
1.8825789448E-5
2.0968983881E-5
1.4699401800E-5
2.2703513968E-5
2.4098739959E-5
2.6351399719E-5
2.4315959308E-5
3.9074849337E-5
2.3158185649E-5
3.5236938855E-5
2.5451369583E-5
2.6777177117E-5
2.5054253637E-5
2.0911847241E-5
2.1684390958E-5
2.5504047516E-5
2.3195438552E-5
3.3373944461E-5
3.3676088787E-5
2.5457423180E-5
2.3144984152E-5
3.0795892234E-5
2.3719680029E-5
1.8927128985E-5
2.2823561448E-5
2.0690867677E-5
2.4050846695E-5
2.8628064319E-5
3.8324366323E-5
2.1628488320E-5
2.3613497614E-5
2.6829750276E-5
2.7022580615E-5
3.0219496693E-5
1.8215493765E-5
1.8801027909E-5
3.1162076629E-5
2.9844010713E-5
3.1891535035E-5
3.8838468026E-5
2.8555095195E-5
3.7207815330E-5
2.3907329887E-5
2.2430869284E-5
2.6030477601E-5
2.1661096252E-5
2.3711717221E-5
2.5199155788E-5
2.3430923465E-5
3.3918989356E-5
3.0954973771E-5
3.2531213946E-5
3.5909062717E-5
2.0776421297E-5
2.6584684383E-5
2.6351201813E-5
2.2765982430E-5
1.9191543106E-5
2.3397733457E-5
3.4320214763E-5
3.1256268266E-5
2.8324732556E-5
2.5078817270E-5
2.6467232964E-5
2.7929991483E-5
2.2800778969E-5
2.5174813344E-5
1.9361369777E-5
2.3891183082E-5
2.9952824115E-5
3.6075722891E-5
2.8213986660E-5
2.4808757006E-5
3.1220179516E-5
3.3844064455E-5
2.8411461971E-5
2.5497458409E-5
2.3040594533E-5
1.7775106243E-5
2.7380895335E-5
3.0955625697E-5
2.9984395950E-5
3.4176418557E-5
3.6440044641E-5
3.3000728580E-5
2.7552351820E-5
2.6344880461E-5
1.8879340496E-5
2.9192666988E-5
2.4509942158E-5
3.2291212118E-5
2.7771503664E-5
2.5006872601E-5
3.6973250098E-5
3.2793101853E-5
1.6060948838E-5
2.2873131092E-5
2.3689481895E-5
3.0974938999E-5
2.8876331634E-5
3.2094831112E-5
2.3697409778E-5
3.1839858274E-5
2.4884403682E-5
3.1327584292E-5
1.2484262697E-5
2.8153555467E-5
2.5257666129E-5
2.1228194236E-5
3.1886529177E-5
1.9024091307E-5
2.2489693947E-5
2.5086244567E-5
2.0029454026E-5
2.2266991436E-5
2.7689873240E-5
3.1408295034E-5
2.2182939573E-5
3.0183675698E-5
2.5298458058E-5
1.4886341523E-5
3.0253897420E-5
1.9151181914E-5
3.0558032448E-5
2.4814286734E-5
3.0157354193E-5
2.6922929100E-5
2.9470270964E-5
1.6201683320E-5
2.3645733017E-5
2.4039531126E-5
2.8542871586E-5
3.7514697760E-5
2.6818749028E-5
3.9613561239E-5
3.6634632852E-5
2.9394053853E-5
1.8341769464E-5
1.6994797624E-5
2.3797689937E-5
1.9907136447E-5
2.6415719185E-5
3.2425695098E-5
2.2735318634E-5
3.7123088259E-5
2.3811741266E-5
3.6288960836E-5
3.4330668858E-5
1.2194574811E-5
1.5847315080E-5
2.3873103782E-5
2.1966500207E-5
2.0010990556E-5
4.1209813207E-5
3.9813795592E-5
3.1276140361E-5
2.9434240422E-5
1.7267558723E-5
2.7576333377E-5
1.3526051771E-5
1.8711632583E-5
1.4280294999E-5
4.2552244849E-5
9.9526916166E-5
5.6095188484E-6
5.2514718846E-6
8.9185545222E-6
1.6627484001E-5
3.5772973205E-5
3.4559681080E-5
2.9172119683E-5
3.6093918606E-5
2.8138444758E-5
2.9589666519E-5
1.6686099116E-5
2.8515781741E-5
1.8405786250E-5
2.2031448315E-5
2.5461066979E-5
3.6781548988E-5
2.5828822981E-5
2.4901004508E-5
3.3609278034E-5
3.1500600743E-5
3.0185491777E-5
2.0716746803E-5
1.6026175581E-5
2.2435653954E-5
2.7226831297E-5
2.3344915825E-5
2.3942848201E-5
2.8768426272E-5
2.8725003357E-5
1.2967071962E-5
2.9698607977E-5
2.1935696713E-5
1.6207760200E-5
2.6358105242E-5
2.4024921003E-5
2.2509344853E-5
2.2678950335E-5
3.2774521969E-5
2.3784837685E-5
2.5834271218E-5
2.3523182607E-5
2.3467140272E-5
2.3674371186E-5
3.1922548077E-5
3.3589662052E-5
2.7288892306E-5
3.3453421201E-5
1.7319165636E-5
2.7681095525E-5
2.6700808666E-5
2.0238582510E-5
2.7342652901E-5
2.4087110068E-5
2.9932544566E-5
3.5265053156E-5
1.9705190789E-5
2.5085499510E-5
3.0483037698E-5
2.9334472492E-5
2.4290382862E-5
2.2761663421E-5
2.6915129273E-5
2.0955270156E-5
3.5139359533E-5
2.6124413125E-5
2.8216186910E-5
2.5691767223E-5
2.0333903376E-5
2.2179749794E-5
2.6743160560E-5
1.8374645151E-5
1.7682067118E-5
2.4441850837E-5
2.2452988196E-5
4.2823713738E-5
3.6991073284E-5
3.2348837703E-5
2.4208787362E-5
2.2951234132E-5
1.1517631356E-5
1.1319492478E-5
2.4414062500E-5
2.1033838856E-5
3.0334037728E-5
3.3399637322E-5
3.7713500205E-5
3.7998764310E-5
3.8869294803E-5
2.1802959963E-5
1.1643930338E-5
1.2105633505E-5
1.4731183183E-5
2.4330976884E-5
4.1211850475E-5
3.5426288377E-5
3.0011753551E-5
1.7242052127E-5
2.9199582058E-5
2.5513395666E-5
2.7794472407E-5
1.0722712614E-5
2.5215337518E-5
2.4349603336E-5
1.7518480308E-5
2.3919367231E-5
2.1824880968E-5
3.1420844606E-5
3.6117085255E-5
3.1276093795E-5
2.6945827994E-5
1.8889736384E-5
1.8590537366E-5
2.0383344963E-5
1.9224267453E-5
2.3947097361E-5
3.2817188184E-5
3.3292325679E-5
3.7093786522E-5
3.3743027597E-5
2.2382556926E-5
7.6767173597E-6
1.2942426838E-5
1.1506816372E-5
9.6663017758E-6
2.0885269623E-5
4.8204639461E-5
8.4721785972E-5
6.9421541413E-5
3.3356004860E-5
-4.3619249482E-5
-1.5504495241E-5
-6.8484805526E-7
3.2310257665E-5
4.6247337014E-5
6.0306687375E-5
5.1442789845E-5
2.8988113626E-5
2.5735201779E-5
2.3097544908E-5
1.3805949129E-5
1.5841342974E-5
1.9468565006E-5
1.8706650007E-5
4.2811071034E-5
2.4414062500E-5
3.0929513740E-5
3.8589024916E-5
2.9766943770E-5
2.2659706883E-5
2.3847760166E-5
2.5382812600E-5
1.4743988868E-5
2.0088558085E-5
3.0575075651E-5
3.1419249716E-5
3.6574969999E-5
3.3221335615E-5
3.3618207089E-5
2.5628111324E-5
2.1284166723E-5
2.3106858134E-5
2.0016031339E-5
1.4984142035E-5
2.4423887952E-5
2.6436778716E-5
2.7508544735E-5
4.1632680222E-5
3.7532777059E-5
1.9522581715E-5
2.2087432444E-5
1.8972717225E-5
2.2279215045E-5
2.6811007410E-5
2.5053054559E-5
3.1095405574E-5
2.3974559735E-5
2.6386219541E-5
2.5979639030E-5
2.6719353627E-5
2.4656997993E-5
2.3396825417E-5
2.7450243941E-5
2.4790293536E-5
2.4000939447E-5
2.0167289767E-5
2.8977904002E-5
2.1812075283E-5
2.3823557421E-5
3.3221265766E-5
2.2739486302E-5
1.6956997569E-5
2.2291159257E-5
2.3283704649E-5
1.5864998568E-5
2.7002859860E-5
1.9549217541E-5
3.5780877806E-5
3.2310979440E-5
3.2613810616E-5
3.3985252957E-5
3.7494499701E-5
2.6012712623E-5
2.5595747865E-5
2.7353584300E-5
1.5757326037E-5
2.7403852436E-5
2.6048789731E-5
3.3463281578E-5
2.9372866264E-5
2.3109710309E-5
2.7552212122E-5
1.8447067123E-5
2.1399953402E-5
1.7221388407E-5
3.1167268752E-5
2.3990368936E-5
2.3066229187E-5
2.4859118274E-5
3.1357223633E-5
2.9393262229E-5
3.5115610807E-5
3.0149694065E-5
2.6450259610E-5
2.0486384164E-5
2.5755481328E-5
2.8421578462E-5
2.3782392963E-5
2.1032162476E-5
2.7385714929E-5
2.4384201969E-5
2.1275132894E-5
2.7951528317E-5
2.2524094674E-5
2.8314697556E-5
2.1192373242E-5
2.2712966892E-5
2.6316603179E-5
2.4682283401E-5
2.6181491557E-5
3.2300443853E-5
3.0121684539E-5
2.1862750872E-5
2.7379789389E-5
2.6804977096E-5
1.6546226106E-5
2.4497928097E-5
2.8119201305E-5
2.4414062500E-5
2.6810355483E-5
1.3668462634E-5
3.3419800456E-5
2.5762501172E-5
2.0278955343E-5
1.9684841390E-5
2.4414062500E-5
2.6225938926E-5
2.9123760759E-5
2.7353363111E-5
3.1611754092E-5
2.2249587345E-5
3.6632758565E-5
2.6453612371E-5
3.0032172798E-5
3.7678517401E-5
2.2018735762E-5
2.0963419228E-5
1.5770888422E-5
2.4282955564E-5
3.1216477509E-5
2.5153963361E-5
2.4424633010E-5
3.2292224932E-5
2.2715621162E-5
2.1038483828E-5
1.5473656822E-5
2.0629249047E-5
1.8806976732E-5
1.7560448032E-5
2.2717937827E-5
2.1599023602E-5
2.7887744362E-5
2.6073690969E-5
3.0851108021E-5
2.9285019263E-5
3.1267176381E-5
3.2165274023E-5
2.7552084065E-5
1.5406415332E-5
2.4618976749E-5
2.5785469915E-5
3.8043165113E-5
2.6197615079E-5
3.5844242665E-5
2.8661941177E-5
2.5068898685E-5
3.5198417026E-5
2.1282199304E-5
1.7907714937E-5
2.0602368749E-5
2.1280592773E-5
2.3418723139E-5
3.5277917049E-5
3.2661831936E-5
3.3178518060E-5
2.9744696803E-5
1.7200270667E-5
7.9520163127E-6
-2.4189241231E-6
1.0133953766E-7
1.4537048992E-5
9.6272851808E-5
4.5417470392E-5
-6.4327381551E-6
2.9533053748E-6
2.2015708964E-5
1.5388615429E-5
3.1908974050E-5
3.4337211400E-5
3.4341507125E-5
2.4506717454E-5
3.9863411802E-5
2.6607303880E-5
2.2775982506E-5
1.7594709061E-5
1.8061581067E-5
2.1754286717E-5
2.8772687073E-5
2.6414007879E-5
1.9816670101E-5
2.5885936338E-5
2.9889203141E-5
1.6473396681E-5
2.0456104539E-5
1.8651003483E-5
2.4810782633E-5
2.3696536663E-5
2.7096725534E-5
2.6285834609E-5
3.0974426771E-5
3.0660838819E-5
2.1635589655E-5
1.7077731900E-5
2.7891527861E-5
1.7402146477E-5
2.7075724210E-5
2.5637634098E-5
3.2595638185E-5
3.4741323906E-5
3.4235627390E-5
2.1674693562E-5
1.8892541993E-5
1.3794878032E-5
2.7221231721E-5
2.7959991712E-5
3.3249077387E-5
3.0282791703E-5
2.4107086938E-5
3.3756799530E-5
2.3248267825E-5
2.3192493245E-5
2.0225148182E-5
2.4821714032E-5
1.7292716075E-5
2.3177964612E-5
3.0423060524E-5
2.3386103566E-5
2.2942735813E-5
2.0464113913E-5
3.6181183531E-5
2.8192705940E-5
1.2037588749E-5
2.0567851606E-5
2.0969670731E-5
1.8406915478E-5
3.1144137028E-5
2.6430166326E-5
4.0262413677E-5
2.5676563382E-5
3.2649224158E-5
1.6621733084E-5
1.3050111011E-5
1.3761548325E-5
2.6735360734E-5
3.3495249226E-5
2.3650762159E-5
3.1667074653E-5
3.7075928412E-5
3.4125405363E-5
3.2913987524E-5
2.3388094268E-5
1.3875775039E-5
9.4657065348E-6
2.1603109780E-5
2.3824896197E-5
4.3236813508E-5
4.1220430284E-5
3.4233008045E-5
1.9332638476E-5
2.0820181817E-5
1.6432453412E-5
2.5996600743E-5
2.8432498220E-5
2.2095767781E-5
2.3638550192E-5
2.6600889395E-5
2.9782461933E-5
2.9784080106E-5
2.9094680212E-5
2.0247197244E-5
2.6056438218E-5
2.4046387988E-5
2.8953747823E-5
2.2330891806E-5
1.1971348431E-5
2.2569065913E-5
1.6738590784E-5
3.1077803578E-5
3.6457588430E-5
3.8804137148E-5
3.6064186133E-5
3.1145650427E-5
1.6460637562E-5
9.0817571618E-6
1.5713693574E-5
1.6268098261E-5
2.5202974211E-5
3.4248328301E-5
3.2327673397E-5
3.0698417685E-5
3.3868255559E-5
2.2332440130E-5
2.0492833573E-5
-2.7669128030E-6
-3.1899195165E-6
1.6380648594E-5
4.9738516100E-5
6.8684841975E-5
4.8864190467E-5
2.7382152620E-5
1.5476287808E-5
3.3638789318E-6
3.8114143536E-6
7.5652729720E-6
2.4838349781E-5
2.5859940796E-5
3.7764641456E-5
4.0902884210E-5
3.6407948937E-5
2.8822408057E-5
1.1722568888E-5
1.6472872812E-5
8.9949113317E-6
1.2338184752E-5
1.7876783386E-5
1.9075546879E-5
3.4878146834E-5
3.3198436721E-5
4.6125706285E-5
3.6869372706E-5
2.5222206022E-5
2.1951587405E-5
1.0190426838E-5
1.5984242782E-5
1.7755723093E-5
2.4625367950E-5
2.6212667580E-5
3.1740136909E-5
3.8289325311E-5
3.1232379841E-5
2.0593707449E-5
2.1564855705E-5
1.7018150538E-5
2.3836572654E-5
1.8334574997E-5
2.4725846014E-5
2.7503224554E-5
3.2224762253E-5
3.9156305137E-5
2.3451249580E-5
2.7504819444E-5
2.9546092264E-5
1.6361591406E-5
2.7184560894E-5
2.0735501311E-5
2.0792044233E-5
2.5436282157E-5
2.5112263392E-5
2.1447369363E-5
3.4855946432E-5
3.1700707040E-5
3.5428174305E-5
1.7786980607E-5
1.9044394139E-5
2.6392424478E-5
2.2506259847E-5
2.3508910089E-5
2.2368924692E-5
2.7011614292E-5
3.2891449518E-5
2.2994633763E-5
3.0443130526E-5
2.7424469589E-5
2.3500679526E-5
1.6492314171E-5
2.0397582557E-5
2.5096314493E-5
2.9311107936E-5
2.2002297919E-5
2.4531385861E-5
2.7079938444E-5
2.5029480457E-5
2.3737130686E-5
2.6604335289E-5
2.6750750839E-5
1.8137216102E-5
2.3848330601E-5
2.5442359037E-5
2.3714522831E-5
2.0832160953E-5
3.1316780950E-5
2.9645406174E-5
2.7841515838E-5
2.8321589342E-5
2.7088541537E-5
2.7842167764E-5
2.7400022372E-5
2.2451579570E-5
2.7343898545E-5
3.0390347819E-5
3.0170648823E-5
1.8608639948E-5
2.5946449022E-5
2.6767607778E-5
3.1835504341E-5
2.5235849898E-5
1.4775514137E-5
3.0954403336E-5
2.9213773086E-5
2.5042123161E-5
3.1412404495E-5
2.6551808695E-5
3.1205895356E-5
2.5996903422E-5
3.3632584381E-5
2.5440612807E-5
2.3691577371E-5
2.1797930822E-5
2.8641265816E-5
2.7101510204E-5
1.9905646331E-5
2.3720657918E-5
2.5321939028E-5
2.9083085246E-5
3.2740691676E-5
2.8305791783E-5
1.0874867439E-5
1.8757430371E-5
2.0043679978E-5
3.0315748881E-5
2.6486604474E-5
2.8979009948E-5
3.0659756157E-5
3.0669930856E-5
2.5829952209E-5
2.0426022820E-5
1.1017813813E-5
2.5095813907E-5
2.5516794994E-5
2.4149136151E-5
2.1605228539E-5
2.6920635718E-5
3.1517399474E-5
2.3925956338E-5
3.4707610029E-5
2.9993627685E-5
3.3023930154E-5
2.4360779207E-5
2.7231709099E-5
1.6960641369E-5
2.8256408404E-5
3.1558820046E-5
3.5844545345E-5
3.4155871253E-5
2.6350736152E-5
2.8286350425E-5
2.5702768470E-5
2.2777414415E-5
2.1357415244E-5
1.7053075135E-5
1.9139435608E-5
3.0136120039E-5
3.0075735412E-5
3.1814351677E-5
2.6628049090E-5
3.1394383404E-5
2.6058440562E-5
1.8816569354E-5
2.6932044420E-5
2.4705671239E-5
1.8831226043E-5
1.2030755170E-5
3.1851278617E-5
4.0895503480E-5
2.7917849365E-5
2.4445878807E-5
3.2927736173E-5
1.5648454428E-5
8.2031707281E-6
1.0965298861E-5
8.2059530542E-6
2.2186152637E-5
2.8306851163E-5
2.6043481193E-5
4.1997386143E-5
4.5570696238E-5
4.6969612595E-5
3.4541217610E-5
1.6238074750E-5
-1.3043836225E-5
-3.0424736905E-5
5.7091284544E-5
1.0789751541E-4
2.8715748339E-5
9.2170899735E-6
1.1485978030E-5
1.8059404101E-5
2.0601006690E-5
2.0690518431E-5
2.5068502873E-5
3.7011725362E-5
3.4027523360E-5
2.6163982692E-5
3.1995400786E-5
2.5791302323E-5
1.5754718334E-5
2.1849211771E-5
2.7103454340E-5
2.4011207278E-5
2.1882541477E-5
3.0641665216E-5
3.8891111034E-5
2.8872245456E-5
2.5646644644E-5
2.8609228320E-5
1.8830364570E-5
2.2355606779E-5
1.9376084674E-5
2.3992441128E-5
2.4939689319E-5
3.1866726931E-5
2.4009344633E-5
2.1410337649E-5
3.0169484670E-5
2.7779163792E-5
2.3289560340E-5
2.7374585624E-5
2.6112922933E-5
1.7231679521E-5
3.0087446793E-5
1.9765819888E-5
3.6370696034E-5
3.0768557917E-5
2.8113753069E-5
2.2514944430E-5
2.8045172803E-5
1.5819934197E-5
1.2727919966E-5
1.7692393157E-5
1.8352468032E-5
2.3248430807E-5
2.1975242998E-5
1.9733852241E-5
1.4907075092E-5
2.4089205544E-5
2.5336351245E-5
2.7401302940E-5
2.8807367197E-5
4.0476862341E-5
2.4762435350E-5
1.9413873087E-5
1.2227124535E-5
2.1473271772E-5
2.6396196335E-5
2.3056461941E-5
4.1871180292E-5
2.2348889615E-5
3.1010736710E-5
2.9126927256E-5
2.3399770725E-5
2.0997156389E-5
2.5403767358E-5
1.6111240257E-5
1.1827272829E-5
2.0773848519E-5
2.8470368124E-5
3.9159343577E-5
4.3083773926E-5
4.2845460120E-5
3.0183407943E-5
9.4602350146E-6
1.6813620459E-5
2.4414062500E-5
2.6046799029E-5
2.4024024605E-5
3.2655138056E-5
3.0452932696E-5
2.1956290583E-5
2.2931722924E-5
3.4029386005E-5
2.5708205066E-5
3.0974962282E-5
2.1014641970E-5
1.9456411246E-5
1.8099311273E-5
2.1457893308E-5
2.6676396373E-5
1.8595298752E-5
2.5108421687E-5
3.1140143982E-5
3.2867817208E-5
2.7965637854E-5
2.5415630079E-5
2.6391132268E-5
2.1537952125E-5
1.9940559286E-5
1.3845192734E-5
2.5713467038E-5
3.9449089672E-5
4.0044833440E-5
3.1249190214E-5
1.3875612058E-5
1.6082776710E-5
2.1288602147E-5
2.8450868557E-5
2.2305233869E-5
2.7375237550E-5
2.2850336972E-5
2.5093730073E-5
3.0047260224E-5
4.8012239858E-5
3.1614897306E-5
2.0277674775E-5
5.6041986682E-6
-3.0764495022E-6
1.6376108397E-5
3.8079253863E-5
4.8934377264E-5
4.1353644337E-5
4.2088527698E-5
3.4043635241E-5
2.1689268760E-5
1.7717387527E-5
1.4667771757E-5
6.0484628194E-6
2.5964737869E-5
3.1248701270E-5
3.7199421785E-5
3.7438760045E-5
3.6938313860E-5
2.5427993386E-5
3.0024570878E-5
2.4269451387E-5
2.3133412469E-5
1.7261400353E-5
2.2885866928E-5
2.7814123313E-5
2.8177129569E-5
3.1920289620E-5
2.4978956207E-5
2.6527140289E-5
2.6675639673E-5
2.2880383767E-5
1.7205928452E-5
2.6855478063E-5
1.9617297221E-5
2.1333305630E-5
2.4352769832E-5
2.2709381300E-5
2.9306928626E-5
2.5255919899E-5
2.7540430891E-5
2.4514971301E-5
1.7466966528E-5
1.8430640921E-5
1.6897823662E-5
2.4387007579E-5
2.9282213653E-5
3.2980134710E-5
3.1313730868E-5
2.4739839136E-5
3.7569785490E-5
3.3905555028E-5
3.1342927831E-5
2.2972037549E-5
2.4127471260E-5
1.8635892775E-5
2.0649784710E-5
1.6151252203E-5
1.9650906324E-5
3.0264654196E-5
3.2814464065E-5
3.2322620972E-5
2.3144320584E-5
2.6937958318E-5
2.2080959752E-5
1.4301249757E-5
2.5028665549E-5
2.3053621407E-5
2.6461109518E-5
3.1701999250E-5
3.3389485906E-5
3.5348033997E-5
2.3428222629E-5
2.2891897242E-5
2.5840522721E-5
2.1155539434E-5
1.7133320216E-5
2.2091425489E-5
2.4353503249E-5
2.8129247948E-5
2.4523038882E-5
2.5038362946E-5
2.4478114209E-5
2.7124653569E-5
2.1478219423E-5
1.2214342132E-5
2.4080893490E-5
2.3476581554E-5
1.8470489885E-5
2.6114995125E-5
2.5770056526E-5
2.2232998162E-5
2.9819307382E-5
2.1834985818E-5
1.9708287436E-5
2.3285509086E-5
2.4230254348E-5
2.0652788225E-5
1.7916818615E-5
2.6594707742E-5
3.3719989005E-5
3.0985265038E-5
3.0276656615E-5
2.4324387777E-5
3.1179550568E-5
3.1125661916E-5
2.9953243210E-5
1.9437808078E-5
2.0554580260E-5
2.0556640811E-5
1.6937183682E-5
2.7233909349E-5
2.5630963500E-5
2.8676178771E-5
2.5474128778E-5
3.6313140298E-5
2.2262299899E-5
3.3903890288E-5
2.0868855063E-5
2.9316451400E-5
3.9947626646E-5
2.8426817152E-5
3.4987914841E-5
3.2457883935E-5
2.2433081176E-5
1.4555489179E-5
1.7103704158E-5
2.0616326946E-5
1.8596765585E-5
2.3653462994E-5
3.5052734892E-5
3.2020627986E-5
2.4975847918E-5
2.6461493689E-5
3.2903137616E-5
2.2901094053E-5
2.2067734971E-5
2.8926541561E-5
1.6555550974E-5
1.4682603069E-5
1.9981595687E-5
2.2446410730E-5
2.7913041412E-5
2.7683784719E-5
2.1169742103E-5
2.5320029817E-5
1.6470276750E-5
2.3463461548E-5
1.9418366719E-5
2.3065588902E-5
2.0247511565E-5
2.4177588056E-5
1.9395537674E-5
3.1424826010E-5
2.0099233370E-5
2.0346220117E-5
3.2781704794E-5
2.8884341008E-5
1.6920885537E-5
2.0692776888E-5
2.7682317886E-5
1.5068007633E-5
2.9442389495E-5
3.0324794351E-5
3.5292049869E-5
3.0146364587E-5
2.8450007084E-5
2.5998696219E-5
1.8600129988E-5
1.6491499264E-5
2.1576543804E-5
2.4871446657E-5
1.3421860058E-5
3.3863692078E-5
2.1613866556E-5
3.5989750176E-5
3.4714245702E-5
3.3770955632E-5
2.1425320301E-5
1.0263954755E-5
8.4941159003E-6
2.3861916270E-5
2.2985145915E-5
3.5233469679E-5
4.9901928287E-5
4.6641519293E-5
6.1645556707E-5
3.5854708403E-5
-4.1199347470E-5
-2.3667549248E-5
5.8959727176E-5
7.3619547767E-5
5.7669880335E-5
3.9453245699E-5
2.5822105817E-5
1.4574488159E-5
2.2659974638E-5
2.5190017186E-5
2.1168019157E-5
2.6824581436E-5
2.4955591652E-5
2.7337309438E-5
2.3501424584E-5
2.8910592663E-5
2.4116167333E-5
1.5084934421E-5
2.4740409571E-5
1.6887998209E-5
2.6631739455E-5
2.0609295461E-5
3.8259709253E-5
2.2248749155E-5
2.0117056556E-5
2.7692504227E-5
2.9856723267E-5
2.9550655744E-5
1.8538476433E-5
1.9924831576E-5
1.3737007976E-5
2.4767499417E-5
2.1476112306E-5
2.8124323579E-5
2.6729493401E-5
1.9891967531E-5
2.8815574478E-5
2.7977151330E-5
2.7770071755E-5
2.7534028049E-5
3.2124773133E-5
3.2191944773E-5
2.9777141753E-5
2.2957928013E-5
2.3390201386E-5
1.5712832101E-5
2.2642244585E-5
2.2530579008E-5
2.8348248451E-5
3.6476145033E-5
2.2692268248E-5
2.3666163906E-5
1.8071150407E-5
1.7422845121E-5
3.0755484476E-5
2.6994163635E-5
1.5695195179E-5
3.4548842813E-5
2.9872287995E-5
2.3616326507E-5
2.5771430228E-5
2.8263905551E-5
2.3061363026E-5
2.0363694057E-5
2.4564471095E-5
2.4988106452E-5
1.6845541540E-5
2.8642499818E-5
3.0476099345E-5
3.9610953536E-5
3.8209010381E-5
4.5128108468E-5
2.5315955281E-5
9.9523691461E-6
1.2783415150E-5
1.5654473100E-5
2.5931512936E-5
2.4342478718E-5
3.1506619415E-5
2.9562041163E-5
2.9159605037E-5
2.6521843392E-5
1.7802824732E-5
2.2778031416E-5
2.7545739430E-5
2.1710188594E-5
2.7246563695E-5
1.9118643831E-5
3.1877297441E-5
2.8194254264E-5
2.3813603911E-5
2.6274996343E-5
3.1296990345E-5
2.6253401301E-5
2.6849762070E-5
2.8041808399E-5
1.6371661331E-5
1.4537759125E-5
2.6436254847E-5
1.5287660062E-5
2.4760793894E-5
3.2424298114E-5
4.0544709190E-5
2.7444399893E-5
2.5371450465E-5
1.0293035302E-5
1.5846418683E-5
2.2552395239E-5
2.4871225468E-5
3.4374033566E-5
3.0220695770E-5
2.3677165154E-5
3.1062471679E-5
3.3636018633E-5
3.0680128838E-5
1.7990707420E-5
1.9411568064E-5
1.8737802747E-5
2.4736288469E-5
1.5640130732E-5
3.2006355467E-5
3.0314491595E-5
4.2597868014E-5
4.8371136654E-5
7.1462010965E-6
-4.8193847761E-6
-5.0883041695E-6
5.8971811086E-6
3.1798065173E-5
4.0509656537E-5
3.7740136030E-5
3.9351242594E-5
3.1155534088E-5
3.6714796442E-5
1.5992787667E-5
1.1664885096E-5
1.5167344827E-5
1.8363737035E-5
2.4159450549E-5
3.2801693304E-5
3.2617605756E-5
3.1938857864E-5
3.2873766030E-5
2.8385082259E-5
2.0773906726E-5
2.0312867127E-5
1.4723360073E-5
2.3709575179E-5
2.7221534401E-5
1.3461743947E-5
2.5581300724E-5
3.2851437572E-5
3.6794156767E-5
3.0058389529E-5
1.7090747133E-5
2.8258934616E-5
2.0742125343E-5
2.3640377912E-5
2.0048592705E-5
2.2742489818E-5
3.1973503063E-5
3.4431554376E-5
2.5863444897E-5
2.6212667580E-5
2.5418645236E-5
3.5865791141E-5
2.2348738275E-5
1.8432911020E-5
1.9749533385E-5
2.2492476273E-5
2.5576073675E-5
3.0233059077E-5
3.0741700902E-5
2.4860072880E-5
2.3233727551E-5
1.9522698130E-5
2.1311489399E-5
1.6331346706E-5
2.3863487877E-5
2.0065985154E-5
3.2634811941E-5
2.8971151913E-5
3.1015183775E-5
3.1681987456E-5
2.7722702361E-5
3.4310540649E-5
1.9827135838E-5
1.8262013327E-5
2.4636916350E-5
2.1668407134E-5
2.1768396254E-5
2.7603376656E-5
2.7153163682E-5
3.6816112696E-5
2.5851430837E-5
3.6832364275E-5
3.1098211183E-5
2.7289078570E-5
2.4802563711E-5
2.1612842101E-5
1.9540858921E-5
1.9760616123E-5
2.2801361046E-5
2.5198434013E-5
2.4070136714E-5
2.9332947451E-5
3.0214246362E-5
3.0377565416E-5
2.3169640917E-5
2.3347698152E-5
2.7880072593E-5
1.8730177544E-5
2.5935121811E-5
2.8794095851E-5
2.8667761943E-5
2.5574315804E-5
2.5114603340E-5
1.5463877935E-5
2.7681142091E-5
2.8566143009E-5
2.1929945796E-5
1.7895945348E-5
1.5496509150E-5
2.1119182929E-5
2.3805047385E-5
1.9262265414E-5
3.4168257843E-5
2.8493616263E-5
2.3127510211E-5
2.0399864297E-5
2.0584673620E-5
2.1344947162E-5
2.2488087415E-5
2.8088712133E-5
3.0407891608E-5
2.5265850126E-5
3.4907518419E-5
3.0606437939E-5
2.2151484154E-5
2.6735325809E-5
1.7384986859E-5
2.0326045341E-5
2.1019158884E-5
2.4826149456E-5
3.5052688326E-5
2.8061994816E-5
2.9295124113E-5
3.1132926232E-5
2.3210805375E-5
2.8028502129E-5
9.3711307273E-6
1.2706441339E-5
1.9007711671E-5
2.1185155492E-5
2.5581859517E-5
2.2562919184E-5
3.0300661455E-5
3.2971927430E-5
2.9165798332E-5
2.9318546876E-5
2.3422506637E-5
1.8386554438E-5
1.9316445104E-5
2.7529557701E-5
1.7195183318E-5
2.7108739595E-5
2.6762345805E-5
3.4437479916E-5
3.4961116034E-5
1.8871913198E-5
1.6777182463E-5
8.2971411758E-6
2.4306040722E-5
3.5021267831E-5
2.6128045283E-5
2.8503162320E-5
1.9816716667E-5
2.5813782121E-5
3.1554384622E-5
2.4125853087E-5
2.6504811830E-5
2.4526554625E-5
2.5608541909E-5
2.8091948479E-5
1.8800690304E-5
2.7297809719E-5
3.2352190464E-5
3.1742872669E-5
3.6641734186E-5
3.3489055931E-5
3.3786136190E-5
2.5951501447E-5
1.9672291819E-5
1.4688319061E-5
1.9789696671E-5
2.1398696117E-5
3.0260148923E-5
3.4075544681E-5
3.8624263834E-5
3.5990972537E-5
2.4947791826E-5
2.7943332679E-5
6.5345433541E-6
-8.3833932877E-6
6.9569796323E-7
1.4065054711E-5
3.8075947668E-5
1.0365420021E-4
2.4414062500E-5
-1.4166440815E-5
-2.9610597993E-5
2.8000446037E-6
3.6485143937E-5
3.7291494663E-5
3.3142208121E-5
3.7685944698E-5
3.1892303377E-5
2.5835225824E-5
2.5196396745E-5
2.0120781846E-5
2.6014482136E-5
2.5093089789E-5
2.6546348817E-5
2.5432056281E-5
3.0429847538E-5
3.2667920458E-5
3.2868108246E-5
3.1582359224E-5
1.2070126832E-5
2.4499918799E-5
1.8370884936E-5
2.2189016453E-5
2.7680560015E-5
2.8836785349E-5
2.6195833924E-5
2.3988541215E-5
2.5598739739E-5
2.5302974973E-5
2.2786424960E-5
2.6093609630E-5
3.3688219264E-5
2.4768360890E-5
3.2024527899E-5
2.1296134218E-5
1.9066780805E-5
2.3005495313E-5
2.8841709717E-5
2.6998482644E-5
3.1998602207E-5
3.0479405540E-5
2.4320022203E-5
3.4159584902E-5
1.8041417934E-5
1.3315153774E-5
3.0982738826E-5
2.7430057525E-5
2.6983045972E-5
3.8485776167E-5
3.2879575155E-5
2.9680959414E-5
1.9146304112E-5
2.1887954790E-5
2.9541272669E-5
3.4630217123E-5
2.7901981957E-5
3.3452757634E-5
2.5034218560E-5
1.6618834343E-5
2.8787215705E-5
2.7069146744E-5
2.7798814698E-5
3.3953262026E-5
1.8837896641E-5
4.1447940748E-5
1.3049878180E-5
1.4131399803E-5
1.1151772924E-5
1.2646801770E-5
1.5394133516E-5
3.8031279109E-5
3.2467348500E-5
2.9605580493E-5
2.4543621111E-5
2.1870178170E-5
2.3363030049E-5
1.8429104238E-5
2.3733335547E-5
2.9576162341E-5
2.6879284996E-5
2.6918377261E-5
2.4646543897E-5
2.1721608936E-5
2.3585767485E-5
2.7518381829E-5
2.3853534367E-5
2.4702458176E-5
2.4654110893E-5
1.1864048429E-5
2.4331186432E-5
2.2703851573E-5
2.9989634639E-5
2.7764367405E-5
2.6115542277E-5
2.9945047571E-5
3.2423110678E-5
3.2435811590E-5
1.7006916460E-5
1.1499668472E-5
1.4140887652E-5
2.1259859204E-5
3.2542878761E-5
2.8725271112E-5
2.5723886210E-5
2.1356681827E-5
2.3657188285E-5
1.7691531684E-5
2.7301511727E-5
1.8429360352E-5
2.3159536067E-5
1.9001623150E-5
1.9873864949E-5
2.7908489573E-5
2.1746871061E-5
1.6682560090E-5
3.5734777338E-5
3.1383265740E-5
3.8471468724E-5
1.5603820793E-5
2.6014447211E-5
1.6173464246E-5
8.3366408945E-6
8.9654349723E-6
3.7693558260E-5
7.1233359633E-5
7.2435033510E-5
1.9494758453E-5
-4.5533408411E-6
-1.2266449630E-6
5.4222880863E-6
1.9822129979E-5
2.0212121308E-5
3.9664318319E-5
3.9141054730E-5
3.0351744498E-5
2.8190645389E-5
1.9420566968E-5
1.3379263692E-5
1.2668489944E-5
1.2791517656E-5
1.9988289568E-5
2.4871376808E-5
3.0686776153E-5
3.6355457268E-5
4.0207430720E-5
3.2309198285E-5
2.4194829166E-5
2.2004090715E-5
1.8818664830E-5
1.5539745800E-5
2.8427946381E-5
2.2783607710E-5
2.1777802612E-5
2.6477326173E-5
3.2924488186E-5
3.0893122311E-5
2.6199035346E-5
2.1532864775E-5
1.4584104065E-5
2.8494163415E-5
1.9820663146E-5
1.5560863540E-5
2.7551816310E-5
2.5634095072E-5
2.9225007164E-5
3.2034970353E-5
2.9118324164E-5
2.8230866882E-5
2.0420178771E-5
2.4964369367E-5
1.7758936155E-5
2.0612031221E-5
2.1454214584E-5
2.0679947920E-5
3.1152949667E-5
2.6138464454E-5
3.6017887759E-5
1.9590533338E-5
2.8895260765E-5
2.4490267969E-5
1.9776972476E-5
1.7945072614E-5
2.8570916037E-5
2.7059414423E-5
3.2730074598E-5
2.6042456738E-5
2.8353615198E-5
2.0916794892E-5
2.2682698909E-5
3.0301907099E-5
9.1250287370E-6
2.3013621102E-5
1.8323981203E-5
2.3425661492E-5
1.7023168038E-5
2.6423716917E-5
3.2438011839E-5
2.6197952683E-5
2.1680956706E-5
2.5861489120E-5
2.2445141803E-5
2.6052445172E-5
1.7988448963E-5
3.2874138559E-5
3.3258553593E-5
2.6411109138E-5
3.3521652221E-5
2.3129850160E-5
2.7428532484E-5
3.1780847348E-5
2.0074460189E-5
2.1042709704E-5
2.6781123596E-5
2.5933282449E-5
2.3505860008E-5
1.8656102474E-5
2.5641475803E-5
3.0893529764E-5
3.1793361994E-5
3.5464111715E-5
1.7944991123E-5
2.7132965624E-5
3.6406365688E-5
3.3284618984E-5
2.5472219567E-5
2.5418098084E-5
1.6188179143E-5
2.7246889658E-5
2.4960201698E-5
2.1116388961E-5
3.1366897746E-5
2.4811062030E-5
2.5470519903E-5
2.7733389287E-5
2.5318423286E-5
1.9945716485E-5
3.5355705767E-5
3.2345089129E-5
3.0184781643E-5
1.5433516819E-5
2.2723432630E-5
2.1603051572E-5
2.4588080123E-5
2.0535686053E-5
2.6622426230E-5
2.2286816965E-5
2.9729807283E-5
3.1626003328E-5
3.1376408878E-5
2.3642648011E-5
2.6958645321E-5
1.9751628860E-5
2.8566620311E-5
3.1784444581E-5
2.4243246298E-5
2.9231002554E-5
2.3279688321E-5
2.6999763212E-5
3.1158747151E-5
4.2117771226E-5
2.6322260964E-5
1.5517463908E-5
2.1551037207E-5
2.3173424415E-5
2.1225074306E-5
1.7737038433E-5
1.4873885084E-5
2.6025681290E-5
2.6363367214E-5
2.4506694171E-5
3.7016882560E-5
3.1258375383E-5
3.0117493588E-5
2.3202551529E-5
8.2975602709E-6
7.9120276497E-6
3.0664494260E-5
3.6066269967E-5
2.7674622833E-5
3.3726356923E-5
2.2941012867E-5
3.5517790820E-5
2.3826421238E-5
1.4829589054E-5
1.2872542720E-5
2.0704173948E-5
1.8452899530E-5
1.2807548046E-5
2.4480512365E-5
3.2003549858E-5
3.2560620456E-5
3.3133721444E-5
2.8691138140E-5
2.1957780700E-5
7.4719195255E-6
1.5343585983E-5
1.5024910681E-5
9.1442838311E-6
2.3874372709E-5
3.4014519769E-5
4.3471390381E-5
5.6831107941E-5
4.8527738545E-5
2.8549763373E-5
-2.6505603455E-5
-3.1523755751E-5
3.4231145400E-5
8.8910642082E-5
6.3671555837E-5
3.0414958018E-5
1.8126284704E-5
5.0850212568E-8
1.5586742666E-5
1.0369450320E-5
2.5099236518E-5
3.2712344545E-5
2.6889715809E-5
3.2781006302E-5
2.3021677043E-5
3.7212856113E-5
2.7954310644E-5
2.1285470575E-5
2.4137366563E-5
1.8140859902E-5
1.3827008661E-5
1.6642617993E-5
3.2786186784E-5
1.8207449466E-5
3.0556425917E-5
2.8439087327E-5
2.1266599651E-5
3.2314332201E-5
2.3623672314E-5
2.2742990404E-5
3.5666627809E-5
2.6401341892E-5
2.8499006293E-5
2.1123525221E-5
2.8095103333E-5
2.2933364380E-5
2.5365082546E-5
2.6929471641E-5
2.3993616923E-5
2.9003096278E-5
1.3341568410E-5
1.4333520085E-5
2.6194192469E-5
2.2232893388E-5
2.3616012185E-5
2.9849959537E-5
3.3340218942E-5
2.9206648468E-5
2.2061588242E-5
1.9496318418E-5
2.0687130745E-5
2.3608480114E-5
2.7929630596E-5
2.1469709463E-5
3.6724109668E-5
2.6409176643E-5
2.0557665266E-5
2.5246851146E-5
2.9190722852E-5
2.2070715204E-5
3.4283252898E-5
2.2623408585E-5
2.3347057867E-5
4.1575357318E-5
1.2226763647E-5
1.2429372873E-5
2.8104020747E-5
2.5243312120E-5
3.2355147413E-5
2.8655061032E-5
2.6241061277E-5
3.6357855423E-5
2.0948715973E-5
9.5147057438E-6
9.7731128336E-6
2.0606699399E-5
3.1751929782E-5
2.6126520242E-5
2.6212504599E-5
2.6667618658E-5
3.0690315178E-5
1.7817388288E-5
2.4905812460E-5
2.9193225781E-5
2.6752543635E-5
1.8734834156E-5
2.0561320707E-5
3.1313032377E-5
2.9094121418E-5
3.1840067822E-5
2.9052421450E-5
2.3555173538E-5
2.7338718064E-5
2.2860476747E-5
3.5713938995E-5
1.7386383843E-5
1.5400559641E-5
1.8095679115E-5
3.5484367981E-5
3.2548198941E-5
4.4315052218E-5
2.6152376085E-5
3.1980744096E-5
2.6286742649E-5
1.2474041432E-5
2.1118158474E-5
1.5782949049E-5
2.1747197024E-5
3.3155549317E-5
3.4376489929E-5
2.4401210248E-5
7.3859235273E-6
3.0489265918E-5
2.1009845659E-5
1.9651907496E-5
2.1806883160E-5
2.0943884737E-5
2.2579298820E-5
1.7836852930E-5
2.4460442363E-5
3.1519902404E-5
2.7252163272E-5
2.7202465571E-5
2.0756258163E-5
1.8565391656E-5
2.8208759613E-5
3.2230734358E-5
2.5574082974E-5
6.1474624090E-6
-1.1486595031E-5
7.6990807430E-6
7.6352292675E-5
7.8691041565E-5
2.1368602756E-5
4.6979635954E-6
1.0841211770E-5
5.7081226260E-6
1.7615139950E-5
3.1969661358E-5
3.7250050809E-5
4.4498511124E-5
3.8285180926E-5
3.0930433421E-5
2.4087144993E-5
1.6213487834E-5
1.3661989942E-5
2.1154037676E-5
1.4162040316E-5
2.1881540305E-5
2.9856932814E-5
3.1973945442E-5
3.0323723330E-5
3.1268352176E-5
3.3057120162E-5
2.8865505009E-5
2.2509950212E-5
1.8456554971E-5
1.6136839986E-5
1.8177158199E-5
2.4124013725E-5
2.8358586132E-5
2.6929634623E-5
3.0400161630E-5
3.2609188928E-5
2.9130966867E-5
2.6825419626E-5
2.8084102086E-5
2.0682462491E-5
2.6590772903E-5
2.2465607616E-5
1.8046435434E-5
2.6632938533E-5
2.8268049936E-5
2.7299067005E-5
2.5294919032E-5
2.8041971381E-5
2.4107925128E-5
2.2221123799E-5
2.3016880732E-5
2.1439581178E-5
2.2194348275E-5
1.9905983936E-5
2.8131657745E-5
2.9898656066E-5
2.7470279019E-5
2.6757235172E-5
3.1402532476E-5
1.8086598720E-5
3.4622882958E-5
1.8580781761E-5
1.6794947442E-5
2.6349071413E-5
3.0801363754E-5
2.9418629128E-5
2.5672838091E-5
2.6066321879E-5
2.5501637719E-5
3.0111882369E-5
2.9275880660E-5
3.1072297132E-5
2.1303643006E-5
1.2712681200E-5
3.5046751145E-5
2.1338707301E-5
3.1742418649E-5
2.8843805193E-5
1.7913838383E-5
1.9798020366E-5
2.3656128905E-5
2.4414062500E-5
1.9539822824E-5
1.8512946553E-5
2.7206772938E-5
2.3772986605E-5
3.3147446810E-5
3.0513852833E-5
1.9992107991E-5
2.3717677686E-5
1.9092694856E-5
2.3605080787E-5
2.9189931228E-5
2.8737389948E-5
2.7075468096E-5
2.3239047732E-5
2.4769420269E-5
3.2147567253E-5
3.6453176289E-5
2.2565887775E-5
2.2810546215E-5
2.7176225557E-5
1.9382371101E-5
2.3990182671E-5
2.2140855435E-5
2.9096554498E-5
2.0947889424E-5
2.2622512187E-5
3.6587659269E-5
2.7548754587E-5
2.1290499716E-5
1.9667891320E-5
1.7892871983E-5
1.4369096607E-5
3.1429156660E-5
2.9782508499E-5
2.1662912331E-5
2.4677044711E-5
2.0785315428E-5
2.1091883536E-5
2.3177417460E-5
2.2461719345E-5
2.7457647956E-5
1.6407610383E-5
2.5217281654E-5
2.3893709294E-5
3.2949668820E-5
3.0182651243E-5
2.5188527069E-5
2.0272121764E-5
2.4852238129E-5
2.2233580239E-5
2.5767332408E-5
2.0472507458E-5
1.7433753237E-5
2.5358214043E-5
2.6350084226E-5
2.2691383492E-5
3.2170186750E-5
2.9347871895E-5
3.1528237741E-5
2.8846005443E-5
1.9410415552E-5
1.9631779287E-5
2.3178686387E-5
2.6229838840E-5
2.9182073194E-5
2.6949914172E-5
3.2985105644E-5
2.5482825003E-5
3.3853051718E-5
2.2942223586E-5
3.1469389795E-5
1.7054099589E-5
2.0086159929E-5
2.4192244745E-5
2.7776148635E-5
3.9903656579E-5
3.5324005875E-5
3.5148242022E-5
2.6861915830E-5
2.9593647922E-5
1.9421183970E-5
2.0867132116E-5
1.8063629977E-5
1.9154290203E-5
1.3595528435E-5
2.7437612879E-5
2.8770870994E-5
3.6641734186E-5
4.5861257240E-5
3.9440172258E-5
2.7552491519E-5
2.1468743216E-5
-1.5589792747E-5
2.7879141270E-7
-7.0129754022E-6
4.0435034316E-5
1.0938340565E-4
7.4027280791E-5
1.1386605911E-5
-2.9727723449E-5
1.7624814063E-6
2.1775567438E-5
4.0715211071E-5
3.6854634526E-5
4.8816681374E-5
4.9656047486E-5
2.7703784871E-5
2.2485607769E-5
2.9719399753E-5
1.9491673447E-5
1.7191201914E-5
1.7163320444E-5
1.8618104514E-5
2.8702092822E-5
3.6460172850E-5
3.3639383036E-5
2.9117253142E-5
3.0741142108E-5
2.7216796297E-5
2.6585219893E-5
2.4622248020E-5
2.8981547802E-5
3.2857467885E-5
2.7662026695E-5
3.0504225287E-5
2.8041203040E-5
3.5777280572E-5
3.3712736330E-5
3.2130826730E-5
1.7465767450E-5
2.7336389757E-5
2.0260596648E-5
2.3484416306E-5
1.9823887851E-5
2.4367077276E-5
3.4044974017E-5
2.3269746452E-5
2.8343708254E-5
2.0173389930E-5
2.7006131131E-5
2.4676858447E-5
1.5680072829E-5
2.3664440959E-5
2.7736625633E-5
2.3178523406E-5
2.8814992401E-5
3.5490607842E-5
3.4856691490E-5
3.1907309312E-5
2.2807042114E-5
2.0053435582E-5
2.9798445757E-5
3.1402183230E-5
2.3068988230E-5
1.3011298142E-5
2.2717693355E-5
2.6549329049E-5
2.1412293426E-5
2.6682985480E-5
4.0957774035E-5
3.5283761098E-5
2.4709757417E-5
2.7963751926E-5
2.2673385683E-5
2.2746017202E-5
2.1989655215E-5
2.1144631318E-5
2.7998688164E-5
2.6518711820E-5
1.6154197510E-5
3.6858161911E-5
3.0909513588E-5
2.9153574723E-5
2.4151988327E-5
2.0170514472E-5
2.0786619279E-5
2.1577090956E-5
2.8692069462E-5
2.5094440206E-5
3.3329054713E-5
3.4063751809E-5
3.1357805709E-5
2.4797848891E-5
2.2154860198E-5
1.6808789223E-5
2.9903824906E-5
1.9841291941E-5
2.4918350390E-5
1.3340590522E-5
1.5034049284E-5
2.8141424991E-5
3.2661389559E-5
3.9891386404E-5
4.1344424244E-5
2.6610505301E-5
1.3983843383E-5
1.2012140360E-5
1.6451021656E-5
2.0742637570E-5
2.7178577146E-5
3.4482905175E-5
3.2208452466E-5
2.1707848645E-5
2.8258736710E-5
2.5713571812E-5
2.0095647778E-5
2.4380278773E-5
2.1560676395E-5
2.6915676425E-5
3.1990616116E-5
2.8599274810E-5
3.0404771677E-5
2.3889029398E-5
2.1818780805E-5
2.1521735470E-5
2.1192012354E-5
2.5809812358E-5
2.3737002629E-5
2.1541980095E-5
2.7590373064E-5
2.8375536203E-5
3.1618017237E-5
2.0908412989E-5
2.6321515906E-5
2.7366704307E-5
2.8894853312E-5
3.4916086587E-5
4.4412352145E-5
2.7488113846E-5
1.6962236259E-5
-1.7253053374E-5
-9.5381168649E-6
7.6826557053E-5
7.3239824271E-5
3.0869990586E-5
2.4296669289E-5
1.2000114657E-5
1.8609070685E-5
1.4047836885E-5
2.7370441238E-5
2.4753960315E-5
3.1346536706E-5
2.9948772861E-5
3.5707501228E-5
2.6871857698E-5
2.3168511688E-5
2.2250378970E-5
1.6408530064E-5
1.9726855680E-5
2.0922452677E-5
2.6285124476E-5
3.3210928085E-5
2.9745895880E-5
2.9694510157E-5
3.6362733226E-5
2.7742993551E-5
2.4813017807E-5
3.1044869683E-5
2.0275427960E-5
2.4021544959E-5
1.9359961152E-5
3.1525234225E-5
2.2321753203E-5
2.9393681324E-5
2.5526585522E-5
2.3922231048E-5
3.2227067276E-5
2.5481916963E-5
1.1668947991E-5
1.9781570881E-5
2.2037338931E-5
3.4622848033E-5
2.9476301278E-5
3.3176701981E-5
3.2665918115E-5
2.5686668232E-5
2.6169361080E-5
2.6272854301E-5
2.0486663561E-5
2.1174876019E-5
2.7665111701E-5
2.4487951304E-5
3.6728219129E-5
3.0631222761E-5
3.6160019226E-5
2.1150498651E-5
2.4027726612E-5
2.5821384042E-5
2.3678655270E-5
2.2081960924E-5
1.9987486302E-5
2.5434535927E-5
1.8092792015E-5
2.8552138245E-5
3.4020608290E-5
3.1072413548E-5
3.8529490120E-5
1.8473214004E-5
2.2210902534E-5
2.6250386144E-5
1.9560276996E-5
2.2093765437E-5
1.9463838543E-5
2.4553318507E-5
2.0055577624E-5
2.7679558843E-5
2.8909568208E-5
2.3681507446E-5
3.0612724367E-5
2.5720428675E-5
2.6777363381E-5
2.1114933770E-5
2.9401725623E-5
2.4896475952E-5
2.6692554820E-5
3.0017714015E-5
2.9598688706E-5
3.0216714366E-5
2.4773075711E-5
2.3507862351E-5
1.1031364556E-5
2.0156137179E-5
2.2899266332E-5
2.3464392870E-5
2.2071052808E-5
3.2227311748E-5
2.9395951423E-5
2.3167335893E-5
2.6347499806E-5
2.6600970886E-5
3.0633632558E-5
1.9968184642E-5
2.6416091713E-5
3.1160749494E-5
2.5847833603E-5
2.6019907090E-5
3.6252860445E-5
2.9517489019E-5
2.9480375814E-5
2.4263339582E-5
2.4896278046E-5
1.9886228256E-5
1.7635978292E-5
2.4335354100E-5
3.4262973349E-5
2.8400134760E-5
2.9471924062E-5
3.4786423202E-5
1.7003389076E-5
2.4844950530E-5
1.3833353296E-5
2.6222271844E-5
1.8485216424E-5
1.6648543533E-5
1.9679008983E-5
2.8839753940E-5
2.8660113457E-5
2.8120540081E-5
3.6013859789E-5
2.7738953940E-5
3.3723143860E-5
2.5646085850E-5
2.1646288223E-5
1.8548895605E-5
2.4505262262E-5
3.2125471625E-5
2.9315485153E-5
3.5347463563E-5
3.2441527582E-5
2.4171837139E-5
1.7263833433E-5
2.6956095825E-5
2.2663653361E-5
1.3653037604E-5
2.2767239716E-5
2.3635243997E-5
3.2074714544E-5
2.7493177913E-5
3.7625525146E-5
3.7867610808E-5
2.6922184042E-5
2.8290029149E-5
1.0716263205E-5
7.1348040365E-6
1.2403505389E-5
2.9283110052E-5
3.4885935019E-5
3.7689704913E-5
3.2531435135E-5
3.3791258465E-5
3.9383128751E-5
2.7298484928E-5
1.9674643408E-5
1.3632164337E-5
8.5104489700E-6
6.8176188507E-6
1.3387785293E-5
4.1258113924E-5
5.2177743055E-5
8.5418927485E-5
5.8215518948E-5
-2.8768123592E-5
-4.6239281074E-5
1.0410789400E-6
6.8837893197E-5
6.0486281291E-5
5.0473387819E-5
3.7184788379E-5
1.1633930262E-5
1.4501658734E-5
2.1038425620E-5
8.8381348179E-6
2.3179408162E-5
2.0923709962E-5
3.4861394669E-5
3.7385732866E-5
3.1046778894E-5
2.8298422694E-5
2.5138549972E-5
2.5327783077E-5
3.0098634306E-5
1.1583289597E-5
1.8646230455E-5
2.1781434770E-5
2.3670843802E-5
1.7767178360E-5
3.5830435809E-5
2.8776377439E-5
3.2602809369E-5
3.1324371229E-5
2.8731522615E-5
1.8988060765E-5
2.4456169922E-5
1.5379325487E-5
2.7293979656E-5
2.3906142450E-5
2.3897923529E-5
3.1083438079E-5
2.7918699197E-5
2.1007342730E-5
2.4023163131E-5
2.8117082547E-5
1.8690398428E-5
2.5179854128E-5
2.3417430929E-5
2.8631754684E-5
3.0696112662E-5
3.5190640482E-5
3.8428930566E-5
2.5577365886E-5
2.5202333927E-5
2.1758500951E-5
1.7843779642E-5
2.0531390327E-5
2.9431656002E-5
3.0479161068E-5
2.8996530454E-5
3.0477566178E-5
2.4936860427E-5
2.7639418840E-5
2.7091207448E-5
2.4267751723E-5
3.7029339000E-5
2.0140677224E-5
2.3568619508E-5
1.5921541490E-5
1.9418052397E-5
4.1777628939E-5
3.1235476489E-5
3.1488866079E-5
3.3934426028E-5
2.6713148690E-5
3.7311774212E-5
3.0053674708E-5
2.9586779419E-5
3.0701735522E-5
2.7983577456E-5
2.2880081087E-5
2.3157510440E-5
2.7280219364E-5
2.6093213819E-5
2.3852870799E-5
3.5650492645E-5
3.2988609745E-5
1.9571976736E-5
1.4080037363E-5
2.3305986542E-5
2.0695442799E-5
2.2128410637E-5
2.5005103088E-5
3.0889711342E-5
2.8375070541E-5
2.9043690301E-5
2.7798651717E-5
2.9799924231E-5
3.2468163407E-5
3.5943544935E-5
1.8299743533E-5
1.9995169714E-5
2.0829169079E-5
3.2753776758E-5
3.3865589648E-5
3.3855682704E-5
2.9207312035E-5
2.6315671857E-5
2.0962313283E-5
1.7368549015E-5
2.1740165539E-5
2.4527276400E-5
2.5983736849E-5
3.0305434483E-5
3.1866680364E-5
2.3672520182E-5
2.6387209072E-5
2.4405354633E-5
2.4906266480E-5
1.9296677783E-5
2.3877888452E-5
2.0847527776E-5
2.3955455980E-5
2.3884337860E-5
2.8262939303E-5
3.5341898910E-5
3.5337149165E-5
2.9083702247E-5
2.5703536811E-5
2.8936448506E-5
2.4838943500E-5
3.5950285382E-5
1.9778776914E-5
2.4506461340E-5
1.9169726874E-5
1.6490370035E-5
2.1559023298E-5
1.9654480274E-5
2.6347092352E-5
2.8596969786E-5
3.0029751359E-5
4.7805730719E-5
2.9697874560E-5
1.7122563440E-5
-2.7910829521E-5
4.9303285778E-6
6.2109250575E-5
6.1006227043E-5
3.6901875864E-5
1.7154926900E-5
1.3791874517E-5
1.5273131430E-5
1.4784547966E-5
2.5373382959E-5
2.5154650211E-5
3.1990092247E-5
2.7656776364E-5
3.1179399228E-5
3.5631295758E-5
2.8774898964E-5
2.4559092707E-5
1.8191977870E-5
2.4414062500E-5
2.3107754532E-5
2.6668526697E-5
2.5726854800E-5
2.1118286531E-5
3.4086569211E-5
2.9118766541E-5
3.3413583877E-5
3.3106585032E-5
2.5561742949E-5
1.6956718173E-5
1.7674965784E-5
2.1703192033E-5
1.9606656860E-5
2.7429312467E-5
2.4361151736E-5
2.8420612215E-5
2.8977566398E-5
3.1763419974E-5
2.4129822850E-5
2.2771989460E-5
2.6341003831E-5
2.4949759244E-5
2.3604382294E-5
2.1787197329E-5
3.0281941871E-5
2.3504125419E-5
3.4491985570E-5
2.7535634580E-5
3.0851294286E-5
2.1960958838E-5
2.3822521325E-5
1.7904280685E-5
2.4077109992E-5
3.3331394661E-5
3.0152499675E-5
2.1637568716E-5
2.5163625832E-5
2.3275439161E-5
2.5333790108E-5
2.3376790340E-5
2.0968739408E-5
2.4513003881E-5
2.3168686311E-5
1.6881269403E-5
2.8715236112E-5
2.2798019926E-5
2.5352393276E-5
3.8064981344E-5
2.1281326189E-5
2.3027206771E-5
3.2230443320E-5
3.3341255038E-5
1.5091162641E-5
2.6361329946E-5
3.6065967287E-5
3.0040007550E-5
2.7568521909E-5
2.2424082271E-5
2.4676334578E-5
3.0123174655E-5
2.0587688777E-5
2.3438234347E-5
1.3007363305E-5
3.2076728529E-5
3.0423921998E-5
3.2064225524E-5
2.9332865960E-5
2.7963600586E-5
2.6960473041E-5
2.3324182257E-5
3.0409405007E-5
1.4791614376E-5
3.1877832952E-5
2.8992106671E-5
2.2589170839E-5
2.6315206195E-5
3.9028783794E-5
3.6006653681E-5
2.5202205870E-5
3.2666756305E-5
2.9408466070E-5
2.2733327932E-5
2.2348051425E-5
1.7896993086E-5
2.5169749278E-5
2.9433146118E-5
3.7999590858E-5
3.6801991518E-5
3.2715406268E-5
2.6941881514E-5
2.0629633218E-5
3.1633523758E-5
2.9604870360E-5
9.2987203971E-6
2.4811923503E-5
2.7007656171E-5
3.4241401590E-5
3.6824191920E-5
2.9795395675E-5
3.2203947193E-5
3.1427270732E-5
2.3664976470E-5
2.6145693845E-5
3.3712049480E-5
1.9427156075E-5
1.3807602227E-5
2.4667812977E-5
3.1847110949E-5
3.0866148881E-5
3.3521046861E-5
3.3806625287E-5
2.1224655211E-5
3.8919015787E-5
1.3706332538E-5
2.3228302598E-5
2.7558824512E-5
2.3774919100E-5
2.7509185019E-5
3.3732946030E-5
3.7523650098E-5
4.3216347694E-5
2.3030897136E-5
2.0517583471E-5
2.2965844254E-5
3.0688883270E-5
1.1057686061E-5
1.7195835244E-5
2.8842885512E-5
3.3033383078E-5
3.5193352960E-5
4.7235284001E-5
2.9888516291E-5
2.1691713482E-5
1.4330039267E-5
1.6997882631E-5
1.0215456132E-5
1.6145699192E-5
2.2202683612E-5
4.2715191375E-5
4.1016086470E-5
5.6671013590E-5
4.5749952551E-5
4.5678333845E-5
3.9192964323E-6
-4.4077076018E-5
-2.7719384524E-5
4.1592447087E-5
1.0690481868E-4
5.6510325521E-5
3.1707354355E-5
1.2215715833E-5
-2.3226137273E-6
1.8522841856E-6
1.4082062989E-5
3.2848841510E-5
3.1852826941E-5
4.3262960389E-5
4.5100110583E-5
4.4650817290E-5
2.4163315538E-5
2.9263971373E-5
2.5916530284E-5
2.1914183162E-5
1.3884843793E-5
3.0074827372E-5
2.5764724705E-5
3.2411259599E-5
3.2072258181E-5
4.1022745426E-5
2.9007461853E-5
2.6705069467E-5
3.7307746242E-5
2.3993651848E-5
2.5531905703E-5
1.4059583191E-5
2.4647673126E-5
2.4936196859E-5
3.1724316067E-5
3.2788596581E-5
3.0644761864E-5
2.2413034457E-5
2.8620217926E-5
2.1492911037E-5
2.4458055850E-5
2.3656652774E-5
2.3952533956E-5
2.6434450410E-5
3.1721254344E-5
3.4958636387E-5
3.2302807084E-5
2.1649547852E-5
2.8297235257E-5
3.3181521575E-5
3.3992552198E-5
2.8041284531E-5
1.7597735859E-5
2.1294108592E-5
2.3869413416E-5
3.0828698072E-5
4.0036963764E-5
1.8604972865E-5
2.3097672965E-5
1.9645784050E-5
2.0598340779E-5
3.1246431171E-5
2.8658739756E-5
1.9082229118E-5
1.1641602032E-5
1.3133871835E-5
3.1247606966E-5
3.4728983882E-5
3.3716042525E-5
2.5770172942E-5
2.0663393661E-5
2.3651041556E-5
2.6560178957E-5
1.3958069030E-5
2.3218558635E-5
2.5875307619E-5
2.0279746968E-5
2.6961043476E-5
3.0374340712E-5
1.9947346300E-5
2.1795730572E-5
2.3116706870E-5
3.1023030168E-5
3.5563181154E-5
3.2986432779E-5
1.5607371461E-5
2.1808245219E-5
2.5364290922E-5
2.4703715462E-5
4.1894591413E-5
2.7681200299E-5
2.8531788847E-5
2.8135406318E-5
2.9179733246E-5
2.7999840676E-5
1.6962201334E-5
1.5539454762E-5
2.2047967650E-5
2.4469185154E-5
3.0638673342E-5
4.0743616409E-5
3.5206193569E-5
3.6709127016E-5
1.3853446580E-5
1.6229681205E-5
1.0243314318E-5
2.1486729383E-5
2.0407570991E-5
2.2060226183E-5
2.8741732239E-5
2.8216931968E-5
3.1683803535E-5
3.4545490052E-5
2.2077956236E-5
2.4607079103E-5
1.3743003365E-5
2.1999794989E-5
1.7866317648E-5
2.5605224072E-5
3.1288678291E-5
2.7544610202E-5
2.8337014372E-5
2.8197304345E-5
1.9823806360E-5
2.0683906041E-5
2.6154215447E-5
1.6594934277E-5
3.4934177528E-5
2.4145748466E-5
2.7852971106E-5
2.3912393953E-5
2.3518886883E-5
3.2789749093E-5
3.3602141774E-5
1.4418084174E-5
3.4093006979E-5
2.9690982773E-5
2.5919044855E-5
3.2816536258E-5
2.2324430756E-5
2.2202660329E-5
2.5140703655E-5
2.6058300863E-5
2.7363572735E-5
2.5776319671E-5
3.6016653757E-5
3.7009839434E-5
3.0350172891E-5
3.2873160670E-5
-1.9071332644E-5
-4.4193933718E-6
4.7196180094E-5
4.9954990391E-5
3.7469365634E-5
3.6669988185E-5
2.5546015240E-5
1.9685702864E-5
2.0403356757E-5
1.9795331172E-5
1.7598702106E-5
2.7068122289E-5
3.1221273820E-5
3.1005905474E-5
3.4749950282E-5
2.6832532603E-5
2.9987969900E-5
2.8557167388E-5
1.2799492106E-5
2.3353169672E-5
1.8616754096E-5
2.9972405172E-5
3.2510468735E-5
2.7734611648E-5
3.3144617918E-5
2.3969705216E-5
3.1988031696E-5
2.4737697094E-5
2.3134471848E-5
3.1848764046E-5
2.6648608035E-5
2.9179430565E-5
2.7145131025E-5
3.0149216763E-5
3.0800374224E-5
2.5846343487E-5
2.3656326811E-5
3.4647434949E-5
2.3425486869E-5
2.5569496210E-5
1.6788288485E-5
1.8208310939E-5
2.3876421618E-5
2.0786526147E-5
2.8199166990E-5
2.6176951359E-5
2.4786440189E-5
2.9977108351E-5
2.0054716151E-5
3.0938908457E-5
2.4240964557E-5
1.8213514704E-5
3.3518252893E-5
2.2808136418E-5
2.6388838887E-5
3.3503212034E-5
3.3045012968E-5
2.8981175273E-5
1.6375153791E-5
2.4959293659E-5
2.6780762709E-5
2.1814752835E-5
3.2730924430E-5
3.2192748039E-5
2.3939390666E-5
2.8501520864E-5
2.9805593657E-5
2.2799998987E-5
2.6398035697E-5
1.9315490499E-5
1.5618372709E-5
2.1604890935E-5
2.8423499315E-5
3.1496782320E-5
2.9672717209E-5
3.7888158112E-5
2.7012487407E-5
1.5560875181E-5
3.2751215621E-5
2.8340145945E-5
2.5337073020E-5
2.2862514015E-5
2.2995879408E-5
2.7123501058E-5
2.0628620404E-5
2.8649088926E-5
2.2021471523E-5
2.7854333165E-5
2.5535596068E-5
1.7840368673E-5
2.1032989025E-5
2.0303751807E-5
1.6010261606E-5
2.2928544785E-5
2.5024602655E-5
2.5401695165E-5
3.2345589715E-5
3.1001446768E-5
2.8744258451E-5
2.0132365171E-5
1.6136420891E-5
1.7067883164E-5
1.2828339823E-5
2.3655069526E-5
3.1075580045E-5
3.4157419577E-5
2.1988898515E-5
2.0861288067E-5
2.1332257892E-5
2.7205678634E-5
2.1043722518E-5
2.1685892716E-5
2.0128919277E-5
2.4761829990E-5
2.4038355332E-5
2.9895768965E-5
2.1420093253E-5
2.8686143923E-5
3.3103185705E-5
2.5620777159E-5
2.2844516206E-5
2.4905940517E-5
1.5827431343E-5
2.1285528782E-5
2.2153707686E-5
2.3487186990E-5
2.3136509116E-5
2.6284577324E-5
3.3303338568E-5
3.7628167774E-5
3.0074047390E-5
2.8160947840E-5
1.7987750471E-5
1.2764532585E-5
1.9220891408E-5
1.6936636530E-5
2.4112057871E-5
2.7390453033E-5
4.0560390334E-5
3.6865286528E-5
3.5306997597E-5
3.1868973746E-5
1.7708656378E-5
1.6970827710E-5
9.6530420704E-7
8.5739186034E-6
1.4022295363E-5
3.2687466591E-5
4.7825882211E-5
3.3814739435E-5
3.1276431399E-5
2.6777538005E-5
2.2676528897E-5
8.7353051641E-6
-2.2802536841E-5
-2.1088088397E-5
5.5934127886E-5
1.0686690221E-4
1.0093833553E-4
5.4214615374E-7
-2.1067459602E-5
-4.6093715355E-6
-7.6182186605E-7
2.1813868079E-5
3.4241983666E-5
5.0086178817E-5
4.7459092457E-5
4.0547165554E-5
2.9641285072E-5
2.8503010980E-5
2.3384054657E-5
2.7424003928E-5
2.2238143719E-5
2.3549504112E-5
2.6820902712E-5
2.5012705009E-5
3.5556952934E-5
3.6632060073E-5
2.5892106350E-5
2.8204731642E-5
3.0324235558E-5
1.4318479225E-5
1.4454382472E-5
1.6142660752E-5
3.1151541042E-5
2.8506247326E-5
2.4518580175E-5
3.5955675411E-5
3.3535680267E-5
3.5705801564E-5
3.2655440736E-5
3.1140190548E-5
2.1618464961E-5
1.9852316472E-5
2.5144813116E-5
1.8890469800E-5
2.1022290457E-5
3.2717268913E-5
2.8156710322E-5
3.2243679743E-5
2.8412451501E-5
2.9720447491E-5
3.7304509896E-5
2.2829335648E-5
2.2913620341E-5
2.0513404160E-5
2.4065398611E-5
2.3971404880E-5
2.7328578289E-5
2.1312432363E-5
2.4458835832E-5
2.7977395802E-5
1.9989302382E-5
3.4008256625E-5
2.3919052910E-5
2.1690095309E-5
1.5930435620E-5
1.4746852685E-5
2.3515336215E-5
2.8978392947E-5
3.4834060352E-5
3.5785697400E-5
2.7486425824E-5
2.8743653092E-5
1.6485725064E-5
2.6169850025E-5
2.4601665791E-5
2.7566670905E-5
2.5183765683E-5
2.6949669699E-5
2.6112666818E-5
2.6300130411E-5
2.5672698393E-5
1.9863934721E-5
2.6842427905E-5
2.0650343503E-5
3.1358690466E-5
2.9916607308E-5
3.0747277195E-5
2.8907880186E-5
2.1333573385E-5
3.2752926926E-5
3.8968329317E-5
3.1361274886E-5
2.7520547154E-5
2.9579107649E-5
2.9537617228E-5
2.7887139003E-5
1.7541623674E-5
2.9054284095E-5
2.5347515474E-5
3.2183702569E-5
2.8926774393E-5
1.7388036940E-5
3.7833570968E-5
4.2254629079E-5
3.1440984457E-5
1.4784827363E-5
7.5097545051E-6
1.8067786004E-5
3.1451857648E-5
2.5644723791E-5
3.5697279963E-5
3.3271824940E-5
2.4760840460E-5
2.8351112268E-5
2.3298594169E-5
2.0851194858E-5
2.0514812786E-5
2.4734996258E-5
2.5530392303E-5
3.2654614187E-5
3.5780377220E-5
2.8605840634E-5
2.8043484780E-5
2.1592597477E-5
2.2140308283E-5
2.1053350065E-5
3.0517391860E-5
1.7314322758E-5
3.1712208874E-5
3.8788176607E-5
3.1500670593E-5
2.9541342518E-5
2.8570846188E-5
3.3507868646E-5
2.0494451746E-5
2.1345214918E-5
3.2835640013E-5
2.3382564540E-5
2.5918812025E-5
2.0750483963E-5
2.2953865118E-5
2.7681351639E-5
3.0639278701E-5
2.0210968796E-5
1.8423574511E-5
2.8334592934E-5
2.4068192578E-5
2.8773641678E-5
2.8826307970E-5
2.2041774354E-5
1.5634123702E-5
2.1279382053E-5
2.2950465790E-5
2.4861411656E-5
2.7463468722E-5
2.8413149993E-5
3.0580500605E-5
3.4499180037E-5
4.7874054872E-5
-2.1538417786E-5
9.3921436930E-6
4.4336076826E-5
3.3684680237E-5
4.0267524309E-5
2.6264099869E-5
2.9649096540E-5
1.6707344912E-5
1.8070801161E-5
1.9888742826E-5
1.6289891210E-5
3.1611789017E-5
2.9517232905E-5
3.6111613735E-5
2.6845850515E-5
2.9646873008E-5
2.9440969228E-5
2.4143315385E-5
2.1098961588E-5
1.9896065350E-5
1.5926361084E-5
2.1151953842E-5
2.8082053176E-5
3.3664808142E-5
3.0308647546E-5
3.3522432204E-5
3.1983479856E-5
3.0534772667E-5
2.6955583598E-5
1.8096982967E-5
1.4096952509E-5
1.1523335707E-5
2.1188391838E-5
3.2636208925E-5
2.8506387024E-5
3.1111191491E-5
3.4208456054E-5
3.7117174360E-5
2.8724793810E-5
3.1187909189E-5
2.4694611783E-5
2.6177673134E-5
2.9066228307E-5
3.0954775865E-5
2.1279999054E-5
2.5429460219E-5
2.9809435363E-5
2.4414062500E-5
2.9752054251E-5
2.6209652423E-5
1.9543187227E-5
2.3966329172E-5
2.7049006893E-5
2.6497559156E-5
2.5816832203E-5
3.3100461586E-5
3.0223745852E-5
1.8661969807E-5
2.6966829318E-5
2.0455871708E-5
2.6616128161E-5
2.8776261023E-5
2.1306681446E-5
2.6018149219E-5
2.1744321566E-5
3.2012222800E-5
2.7113745454E-5
2.6660179719E-5
2.7641444466E-5
2.7063256129E-5
2.3676699493E-5
2.0632252562E-5
2.0350096747E-5
2.3156625684E-5
2.9929087031E-5
3.1133787706E-5
3.2971648033E-5
3.5082979593E-5
2.8247246518E-5
2.5532592553E-5
2.6354647707E-5
2.2094650194E-5
2.7893483638E-5
2.3795990272E-5
2.2814725525E-5
3.2934686168E-5
2.6158348191E-5
2.8020387980E-5
2.2678263485E-5
2.9609911143E-5
3.2346416264E-5
2.4631677661E-5
1.8244492821E-5
1.6817694995E-5
2.1230918355E-5
2.9365264344E-5
3.5960180684E-5
3.9326061960E-5
2.3600808344E-5
2.4709443095E-5
2.8740626293E-5
2.1520350128E-5
2.5217444636E-5
2.1105341147E-5
2.2553873714E-5
2.6912405155E-5
2.6633054949E-5
3.2591249327E-5
3.4648703876E-5
3.0558300204E-5
2.9935012571E-5
3.2733846455E-5
2.8267328161E-5
1.9508425612E-5
2.4527881760E-5
2.9607524629E-5
2.1275551989E-5
3.6381185054E-5
3.5740830935E-5
3.4645176492E-5
3.3351732417E-5
3.7679553497E-5
1.5274004545E-5
2.7672969735E-5
2.3102865088E-5
1.7934897914E-5
3.0715728643E-5
2.4804181884E-5
3.3304782118E-5
3.5210745408E-5
3.6327447742E-5
3.5332283005E-5
3.2598758115E-5
2.4291267618E-5
9.2826783658E-6
5.1549985073E-6
2.5467236991E-5
2.9279780573E-5
4.5674177818E-5
4.7421222553E-5
5.0199846737E-5
3.1663465779E-5
1.8188788090E-5
5.3008552641E-6
-1.2353109196E-5
5.4334639572E-6
8.0126221292E-6
6.2267878093E-5
1.1607984779E-4
8.1339501777E-5
2.3140432313E-5
-6.1413983349E-5
-1.4921452384E-5
2.3167021572E-5
3.4167966805E-5
4.8625108320E-5
4.3908169027E-5
3.5962194669E-5
3.2835360616E-5
2.5075615849E-5
1.7315160949E-5
2.1795742213E-5
1.0281847790E-5
2.5473069399E-5
3.8923090324E-5
3.2597465906E-5
3.2513006590E-5
2.2633525077E-5
3.8735615089E-5
1.6302021686E-5
2.1145143546E-5
1.9359786529E-5
2.3789855185E-5
1.6755051911E-5
2.7172756381E-5
2.4402281269E-5
2.6205333415E-5
3.7899636663E-5
2.4537846911E-5
2.7589243836E-5
1.6542722005E-5
2.1362630650E-5
2.4813238996E-5
1.4701799955E-5
2.8057605959E-5
2.2309587802E-5
4.0632090531E-5
2.2759311832E-5
3.5863544326E-5
2.8503022622E-5
3.2629829365E-5
2.4471071083E-5
2.1068693604E-5
1.7133296933E-5
1.9068026449E-5
2.9091862961E-5
2.3028324358E-5
3.2698735594E-5
3.2313738483E-5
2.0185927860E-5
2.4821679107E-5
2.6003399397E-5
2.3017358034E-5
2.4120672605E-5
3.2684358302E-5
1.5533890109E-5
3.1718611716E-5
2.8594129252E-5
4.0624744724E-5
2.5424570776E-5
3.1124346423E-5
2.8539251070E-5
2.4019205011E-5
2.3859529755E-5
2.7977966237E-5
2.1852995268E-5
2.1045992616E-5
2.3563113063E-5
2.6819342747E-5
2.9721227474E-5
3.0198250896E-5
2.2227643057E-5
2.4810340255E-5
2.7888582553E-5
1.4598411508E-5
2.9545067809E-5
2.1174503490E-5
2.0700681489E-5
2.6305497158E-5
1.6938685439E-5
2.6218139100E-5
2.0070956088E-5
2.1054397802E-5
2.3882067762E-5
3.2269209623E-5
3.0860665719E-5
2.3879599757E-5
2.1113094408E-5
2.1138158626E-5
2.8059922624E-5
2.1547847427E-5
3.3439509570E-5
1.8306472338E-5
2.8222182299E-5
2.8347212355E-5
2.0078127272E-5
2.3868365679E-5
3.5178789402E-5
2.3709004744E-5
1.8196913879E-5
2.6320002507E-5
2.4660571943E-5
3.1623314134E-5
3.9970467332E-5
2.8214219491E-5
2.2727437317E-5
1.3572443277E-5
2.0734011195E-5
2.1868804469E-5
2.3048045113E-5
3.0257320031E-5
2.8021831530E-5
4.0598516352E-5
2.6821810751E-5
2.7364585548E-5
3.0341453383E-5
3.1957507598E-5
1.7432007007E-5
2.4414062500E-5
2.4876382667E-5
2.5088968686E-5
3.1895039136E-5
3.8805406074E-5
3.2638513948E-5
3.2249279319E-5
2.5614269543E-5
2.5604141410E-5
2.2995308972E-5
1.3613572810E-5
2.2641976829E-5
1.9481440540E-5
3.1031446996E-5
2.3445405531E-5
2.9699748846E-5
2.5992130394E-5
3.1177804339E-5
3.3489963970E-5
2.4659745395E-5
1.9849534146E-5
2.4751352611E-5
2.6637746486E-5
3.1390821095E-5
2.1912646479E-5
3.5882508382E-5
2.7555972337E-5
2.5564245879E-5
2.9789668041E-5
2.3773440625E-5
2.1190941333E-5
3.1501881312E-5
2.8239830862E-5
1.9497214816E-5
1.7114414368E-5
3.0497717670E-5
2.3772637359E-5
2.8970395214E-5
2.4706509429E-5
2.6215717661E-5
3.2683718017E-5
3.8607046008E-5
2.5200995150E-5
-2.1146668586E-5
2.3616047110E-5
3.2911577727E-5
4.6629540157E-5
3.4006638452E-5
3.1300098634E-5
3.1989812850E-5
2.8341740835E-5
2.3339758626E-5
2.3465522099E-5
2.5658810045E-5
2.7707836124E-5
3.0883436556E-5
2.7704157400E-5
2.4322234094E-5
3.7609925492E-5
2.6325404178E-5
2.8882478363E-5
2.1352060139E-5
2.9984721913E-5
2.2580614313E-5
2.0920427050E-5
1.8568686209E-5
3.0002067796E-5
2.8278492390E-5
3.1111075076E-5
2.4268461856E-5
4.0420179720E-5
3.1194684560E-5
2.1095201373E-5
2.1145376376E-5
2.2068771068E-5
2.4748803116E-5
2.1676591131E-5
2.9054342302E-5
3.8384157232E-5
3.4767785109E-5
3.5101990215E-5
2.9375927987E-5
2.5494955479E-5
2.3750320542E-5
1.8506241031E-5
