<| "Configuration" -> <| "Acquisition device" -> "UHFLI",  "Start time" -> "10/27/2021 10:54:45",  "Finish time" -> "10/27/2021 12:30:12", "Comments" -> "" |>, "Dimensions" -> {<| "Name" -> "Frequency 1", "Start" -> 6.200000*^+9, "Stop" -> 6.800000*^+9, "Step size" -> 2.000000*^+6 |>, <| "Name" -> "DC Voltage 1", "Start" -> -6.600000*^+0, "Stop" -> -7.400000*^+0, "Step size" -> -5.000000*^-2 |>}, "DataInfo" -> <| "Measured Spots" -> 5.117000*^+3,  "Samples" -> 1,  "Segments" -> 1,  "dFactor" -> 1,  "Sampling Time" -> 7.111111*^-8|>|>
4.3348316103E-5
4.6942417975E-5
3.1435163691E-5
2.1950539667E-5
3.5436823964E-6
-1.4269701205E-5
-3.0522351154E-6
1.2556789443E-6
1.8531281966E-5
2.6519852690E-5
4.0127639658E-5
5.0872971770E-5
4.9213960301E-5
2.9901624656E-5
1.2999807950E-5
-1.8650898710E-6
-5.5307522416E-6
-7.8770681284E-6
4.1318126023E-6
2.0533066708E-5
4.0572904981E-5
6.0598168057E-5
4.8434501514E-5
4.4645275920E-5
2.6775815058E-5
5.2596325986E-6
-2.7168076485E-6
-1.0911258869E-5
-6.1709783040E-6
2.5165465194E-5
4.5439554378E-5
5.9319974389E-5
6.8374839612E-5
6.3952594065E-5
4.6507408843E-5
1.6885343939E-5
-3.5114702769E-6
-9.6699106507E-6
-2.0240549928E-6
5.9042940848E-6
2.1688186097E-5
5.0888548140E-5
6.3780380879E-5
6.9765059745E-5
5.5776035879E-5
3.9708521216E-5
8.2597020083E-6
-1.2181245256E-5
-1.3288215268E-5
-1.5919504221E-5
9.8109478132E-6
3.7045078352E-5
6.3102587593E-5
6.9546385207E-5
7.0406089073E-5
5.0772912801E-5
2.2493069991E-5
-3.8879807107E-6
-2.1557626314E-5
-2.3205822799E-5
-1.2307404540E-5
2.5200657546E-5
5.2084878553E-5
8.1972952469E-5
8.6087686943E-5
7.3547696231E-5
4.6584568917E-5
1.5188683756E-5
-2.1325692068E-5
-3.1154835596E-5
-2.4678243789E-5
-3.2277428545E-6
3.9744761306E-5
7.9542910683E-5
9.8886515480E-5
9.9880818744E-5
6.1732204632E-5
2.2009504027E-5
1.1643744074E-6
-3.4894887358E-5
-4.1884416714E-5
-2.6682391762E-5
1.5892903321E-6
5.3235632368E-5
8.4704381881E-5
9.0690841901E-5
8.2865532023E-5
5.9053977021E-5
9.9238357507E-6
-2.4335936177E-5
-5.8072095272E-5
-5.9316051194E-5
-2.2012309637E-5
2.4982902687E-5
6.3690729440E-5
1.0228696046E-4
1.1493706843E-4
9.5749774483E-5
4.9800332636E-5
-1.3896299060E-5
-6.3539494296E-5
-8.1447733103E-5
-8.1783905628E-5
-2.6836455799E-5
5.0880713388E-5
1.0889254045E-4
1.4400858199E-4
1.4588895720E-4
1.0612295009E-4
3.1463033519E-5
-5.3392641713E-5
-1.2094911654E-4
-1.3853241690E-4
-9.1916054956E-5
-4.8701767809E-6
1.0632545455E-4
1.9676816883E-4
2.4745169794E-4
2.0081670955E-4
8.5382279943E-5
-3.9948406629E-5
-1.8008609768E-4
-2.5687072193E-4
-2.2502314532E-4
-8.2034838853E-5
1.5148828970E-4
3.5956403008E-4
4.1111321190E-4
3.2072755274E-4
1.0581099195E-4
-1.8831229536E-4
-4.2306195248E-4
-4.4494296892E-4
-1.3186007272E-4
1.5476866392E-4
3.1793215311E-4
3.2903002574E-4
9.1238587630E-5
1.1354280869E-4
1.2827154715E-4
5.1731162239E-5
-2.1184840007E-4
-3.4713521599E-4
2.6042729150E-4
1.1823027977E-3
1.5908256406E-3
1.0684152134E-3
-1.9615434576E-5
-8.6998147889E-4
-1.1308608344E-3
-8.6170069407E-4
-3.6704384256E-4
1.2380736880E-4
4.2657851010E-4
5.1788355922E-4
4.3258569205E-4
2.3585108574E-4
1.5656417236E-5
-1.7261970788E-4
-2.5243094424E-4
-2.2909980035E-4
-1.4107095776E-4
-1.1280877516E-5
1.3063169317E-4
2.0876600174E-4
2.2041249322E-4
1.7115444643E-4
7.2941894179E-5
-1.2930308003E-5
-9.7300531345E-5
-1.3145082630E-4
-9.7149587238E-5
-4.8378505744E-5
3.9951107465E-5
1.1003207183E-4
1.4924486168E-4
1.4595907414E-4
9.8430085929E-5
3.5005575045E-5
-3.2365869264E-5
-7.5387617109E-5
-8.2218856553E-5
-6.7651376596E-5
-1.0408682283E-5
5.3602317348E-5
1.0314933025E-4
1.2588263489E-4
1.0625282303E-4
5.9044116643E-5
9.9454540761E-6
-3.6448170430E-5
-6.1007891782E-5
-5.2097078879E-5
-1.0526773985E-5
2.5811535306E-5
2.0593695808E-5
1.0169141460E-4
1.2356953230E-4
9.3453272714E-5
4.6689319424E-5
-2.7563073672E-6
-4.4810585678E-5
-5.4109294434E-5
-5.2235682961E-5
-1.0789709631E-5
3.2148021273E-5
7.9224677760E-5
9.1742328370E-5
8.6040108002E-5
6.6144799349E-5
2.2870837710E-5
-1.5013257508E-5
-4.0112400893E-5
-4.5158993453E-5
-2.4647032841E-5
8.5928244518E-6
5.2478758153E-5
7.9186691440E-5
8.7682448794E-5
6.7538057921E-5
3.8790702819E-5
1.3366003987E-5
-2.9545137658E-5
-4.0808669291E-5
-2.9302737675E-5
1.8731574528E-6
2.8787634800E-5
6.0431077146E-5
7.4318831324E-5
7.7978265475E-5
5.6453282014E-5
2.4838687386E-5
-4.4175540097E-6
-2.8813409152E-5
-2.7157866861E-5
-7.6651340351E-6
1.4811940491E-5
4.8439577222E-5
7.0563075134E-5
7.2981172709E-5
5.9113895987E-5
4.0853780228E-5
1.3463338837E-5
-3.3566611819E-6
-1.9473000429E-5
-7.9133431428E-6
1.3725110330E-5
3.4665723796E-5
5.3756742273E-5
6.0688517989E-5
5.3029146511E-5
4.3128384277E-5
2.0297884475E-5
6.6981418060E-6
-3.7308200263E-6
2.4646869860E-6
4.0874350816E-6
1.6517587937E-5
3.9465178269E-5
5.2108138334E-5
5.8107776568E-5
4.7866650857E-5
3.5804952494E-5
1.6042613424E-5
4.4676475227E-6
2.8524082154E-6
1.0761118028E-5
2.7211511041E-5
3.5499874501E-5
3.8163701537E-5
4.4408289250E-5
4.2222370393E-5
3.1375081743E-5
2.7529685757E-5
1.4481192920E-5
1.9552418962E-6
3.2829470001E-6
1.2306915596E-5
1.2272631284E-5
2.7603877242E-5
3.8722960743E-5
4.6623195521E-5
4.3876713607E-5
2.9250362421E-5
2.5301252025E-5
9.4066606835E-6
9.6466741525E-6
1.2084061746E-5
1.3814563863E-5
2.8735329396E-5
4.0547864045E-5
4.8422056716E-5
4.8448832240E-5
3.7015462294E-5
2.4602131452E-5
2.2198259830E-5
1.3253232464E-5
4.1560968384E-6
5.4069911130E-6
2.0012748427E-5
3.1054764985E-5
3.7832360248E-5
3.7811580114E-5
3.2325380015E-5
1.6046955716E-5
9.9765602501E-6
5.1413662732E-6
-2.2652093322E-7
6.7306682467E-7
1.1617364362E-5
2.6563194114E-5
2.9413960873E-5
4.2317016050E-5
4.1080603841E-5
3.2871810253E-5
1.7942336853E-5
2.4588429369E-6
-1.1218711734E-5
-9.1041321866E-6
-1.2475531548E-6
2.3030722513E-5
3.6417867522E-5
3.9929070044E-5
5.4364348762E-5
3.4435780252E-5
2.3557734675E-5
1.4487502631E-5
-9.0673682280E-6
-4.4964253902E-6
-9.5877679996E-6
1.5870563220E-5
3.9638299495E-5
4.9726071302E-5
7.0900609718E-5
6.2949827408E-5
4.4708850327E-5
1.4966365416E-5
7.3174014688E-6
-1.2600852642E-5
-1.0646332521E-5
3.8483995013E-6
2.0156905520E-5
5.4184230976E-5
6.8945728709E-5
6.4990855754E-5
5.7433592156E-5
2.9919145162E-5
1.8371036276E-6
-1.2057647109E-5
-8.4571540356E-6
-8.1032863819E-6
1.1275929865E-5
3.4385570324E-5
5.8998784517E-5
6.5808987711E-5
7.1920559278E-5
4.7282897867E-5
3.2125716097E-5
6.7373504863E-6
-1.8291093874E-5
-2.6491319294E-5
-9.0043176897E-6
1.5137635637E-5
4.3091399129E-5
6.7399640103E-5
7.1806239433E-5
6.3455384225E-5
4.2152754031E-5
9.4899791294E-6
-1.2215878814E-5
-2.8293416835E-5
-1.4010863378E-5
1.4479737729E-6
4.3554650620E-5
5.8477965649E-5
7.6872669161E-5
9.2981057244E-5
6.3106534071E-5
3.1992781441E-5
3.6290264688E-6
-2.1710863802E-5
-3.5753555130E-5
-3.2960006501E-5
1.6375444829E-6
4.6248722356E-5
7.6468498450E-5
9.4891036862E-5
8.4474345208E-5
6.6583871377E-5
1.9571033772E-5
-3.3495540265E-5
-5.0637486857E-5
-6.9182331210E-5
-3.1165953260E-5
1.2317625806E-5
7.3841935957E-5
1.0963659734E-4
1.1259117164E-4
1.0625466239E-4
5.7058408857E-5
-7.0935231634E-6
-5.8790354525E-5
-7.7119376514E-5
-7.2016043124E-5
-2.1961308084E-5
3.9517285768E-5
9.9984684496E-5
1.5639017802E-4
1.4693000121E-4
9.6102838872E-5
2.4855777155E-5
-4.7676626127E-5
-1.1135401437E-4
-1.3555060141E-4
-9.8296941725E-5
1.1172844097E-6
1.0594566120E-4
1.7925600987E-4
2.1644282387E-4
1.7827937845E-4
9.1467669700E-5
-4.6005542391E-5
-1.8557808362E-4
-2.5679552927E-4
-2.3442193633E-4
-7.0802611301E-5
1.5854040394E-4
3.4934974974E-4
3.7972170395E-4
2.7343409601E-4
1.0152405594E-4
-1.5878053382E-4
-3.6042305874E-4
-4.6499145684E-4
-2.2433637641E-4
1.3005688088E-4
3.2337080919E-4
3.9107614431E-4
7.0038728883E-5
5.6283210870E-5
7.4265059085E-5
2.9851356521E-5
-5.9350370430E-5
-1.8543645274E-4
-1.6228632303E-4
3.3239541807E-4
9.3089372384E-4
9.3641598941E-4
2.0736854058E-4
-7.8356156592E-4
-1.3646935345E-3
-1.2283278746E-3
-6.2683868455E-4
7.5724814089E-5
5.6196830700E-4
7.3580578901E-4
6.1124925269E-4
3.1901143956E-4
1.4898483641E-5
-2.1501304582E-4
-3.1423498875E-4
-2.9234427492E-4
-1.7578788102E-4
7.0918933489E-6
1.3675336959E-4
2.3321167100E-4
2.1698967321E-4
1.9273834769E-4
8.9945108631E-5
-2.6020081713E-5
-1.0719933780E-4
-1.3752230443E-4
-1.1860736413E-4
-5.4066709709E-5
4.1789922397E-5
1.1550622294E-4
1.5956978313E-4
1.5295761405E-4
1.0373056866E-4
4.4098845683E-5
-2.4832563940E-5
-8.6109631232E-5
-9.4942457511E-5
-6.6249631347E-5
-1.3652257621E-5
6.3110585325E-5
1.0880656773E-4
1.2342993868E-4
1.0459596524E-4
6.3678144944E-5
6.8919849582E-6
-3.9809115696E-5
-6.3341076021E-5
-5.7506014128E-5
-2.6215193792E-5
2.7024198789E-5
6.1165669468E-5
1.0179800447E-4
1.0282311123E-4
8.7450887079E-5
4.1124969720E-5
-6.0508260504E-6
-5.0033500884E-5
-4.9228058197E-5
-3.2176915555E-5
-2.9896153137E-6
3.9815437048E-5
7.6962006281E-5
8.6924107748E-5
7.8376254534E-5
5.6768883952E-5
7.1455375292E-6
-1.1314067524E-5
-2.1050800569E-5
6.7741610110E-6
-6.4549630044E-5
-4.3598236517E-6
5.0213595387E-5
8.4920250814E-5
9.8985689694E-5
7.4647925796E-5
4.4013920706E-5
6.0209771619E-6
-3.1978206242E-5
-4.6273914632E-5
-3.3360219094E-5
-6.3889776357E-6
3.0846334993E-5
6.0994888191E-5
8.1636547114E-5
7.5026939160E-5
5.2483624313E-5
2.1733809262E-5
-1.3797928113E-5
-2.2870686370E-5
-2.3058033548E-5
-1.5675439499E-6
1.7653568648E-5
4.7209463082E-5
5.8905314654E-5
7.2072527839E-5
6.4038357233E-5
2.9301375615E-5
2.8342590667E-6
-1.9963958766E-5
-1.9174558110E-5
-7.1658520029E-6
7.2955037468E-6
2.7787860016E-5
5.5143702776E-5
6.5757718404E-5
5.7540915441E-5
5.8678921778E-5
1.8136110157E-5
-3.0014198275E-7
-1.4171202201E-5
-8.9338631369E-6
1.1533615179E-6
2.9993685893E-5
4.3549714610E-5
5.3870317061E-5
5.3063326050E-5
5.2565371152E-5
3.3252546563E-5
2.1301605738E-5
9.7133452074E-6
5.0653005019E-6
-3.1515490264E-6
2.2070109844E-5
3.0214386060E-5
4.3344195001E-5
5.1057548262E-5
5.0495250616E-5
3.8067775312E-5
3.6586902569E-5
1.7472705804E-5
4.3774023652E-6
3.1070085246E-7
4.1630119087E-7
1.7889088485E-5
3.2245204783E-5
4.4414226431E-5
4.9618876074E-5
4.5742036309E-5
4.0360260754E-5
1.9198737573E-5
1.2538977899E-5
1.3753480744E-5
1.7217942513E-6
1.1966982856E-5
2.6661332230E-5
3.3225736114E-5
5.3192791529E-5
4.2241322808E-5
3.7158420309E-5
2.9808876569E-5
2.0207697525E-5
1.0737217963E-5
1.1109514162E-5
2.2077001632E-6
2.4106306955E-5
3.0146609059E-5
2.5611289310E-5
1.5551596880E-5
1.3564969413E-5
1.1606130283E-5
1.5794299543E-5
1.7126812599E-5
5.2871881053E-6
9.5189316199E-6
4.3873558752E-6
2.7804216369E-5
3.8361537736E-5
3.9502012077E-5
2.7347414288E-5
3.8358487654E-5
1.5080312733E-5
9.6079311334E-6
-7.0933252573E-6
6.8633700722E-6
4.5810593284E-7
2.6423204690E-5
3.1664688139E-5
4.3748097960E-5
5.2083970513E-5
2.6456918567E-5
3.2594159710E-5
1.1728960089E-5
-2.5438144803E-6
-4.1578314268E-6
6.3329935075E-6
1.7476908397E-5
3.3866416195E-5
5.4074730724E-5
6.3870963641E-5
5.9048645198E-5
4.4903752860E-5
1.1041527614E-5
1.1968670879E-5
2.4414062500E-5
-3.4070690161E-6
9.3505601400E-6
2.8145464602E-5
5.4112228100E-5
6.3680950553E-5
6.7519431470E-5
4.8158643766E-5
3.7081597838E-5
1.2879318092E-5
-4.3084495701E-6
-1.7719285097E-5
1.3975659385E-6
1.3358134311E-5
3.5845965612E-5
5.5601412896E-5
6.8611733150E-5
6.9941172843E-5
5.4984213784E-5
2.8638483490E-5
4.4169137254E-7
-1.8208683468E-5
-9.5066148786E-6
-4.0847691708E-6
1.8144387286E-5
4.9737852532E-5
7.3420396076E-5
7.9697603363E-5
6.1586603989E-5
2.9970880131E-5
1.0556960478E-5
-9.6554169432E-6
-3.2136577647E-5
-1.2688816059E-5
2.6642926968E-6
3.7092668935E-5
6.5550114960E-5
7.5775675943E-5
8.0006546344E-5
5.7509413455E-5
3.1771324574E-5
-8.0747529865E-6
-9.4173010439E-6
-2.9818830080E-5
-2.5670416652E-5
1.2977386359E-5
3.4643895923E-5
7.6754600744E-5
8.9583348019E-5
8.1814930312E-5
5.5552704726E-5
6.6534732469E-6
-1.2701365631E-5
-5.5224273820E-5
-4.9388688058E-5
-2.2094638552E-5
1.8482550513E-5
6.5419962631E-5
9.3094259502E-5
1.1118617840E-4
8.6205627307E-5
4.8113311641E-5
-1.2935022823E-6
-4.9966364168E-5
-7.7475002038E-5
-7.0310651792E-5
-2.0562496502E-5
4.3470493983E-5
1.1422091629E-4
1.5348916640E-4
1.6544907121E-4
1.1653181864E-4
2.8440123423E-5
-6.6418421921E-5
-1.2797492091E-4
-1.3901771745E-4
-9.9308486099E-5
-1.2219604105E-5
1.0341462912E-4
1.7709142994E-4
2.2615415510E-4
2.0017514471E-4
9.2510518155E-5
-6.5403035843E-5
-2.0753631834E-4
-2.6268498041E-4
-2.0598260453E-4
-5.5038521533E-5
1.5217681648E-4
3.2975788926E-4
3.3709122799E-4
2.5119703496E-4
9.8739366514E-5
-1.1389466235E-4
-2.9302233597E-4
-4.2345080293E-4
-2.7558384463E-4
8.8486471215E-5
3.2220402498E-4
3.3614779822E-4
1.1371525470E-4
1.7694337293E-5
3.5871507134E-5
1.2218370102E-5
-5.6060228963E-5
-1.0760143632E-4
-1.4015282504E-4
-8.5007993041E-5
1.5323322732E-4
3.5274414112E-4
2.8537915786E-4
-3.2879984937E-4
-1.0303941439E-3
-1.2750261347E-3
-8.8429134340E-4
-7.4808695356E-5
6.5229220782E-4
9.8334974609E-4
8.8672323617E-4
5.0817818846E-4
5.9050263372E-5
-2.8588073327E-4
-4.3184275275E-4
-3.8931500167E-4
-2.3470028537E-4
-2.3555720690E-5
1.6401879257E-4
2.7385355206E-4
2.8430352685E-4
2.2588524734E-4
1.0305632604E-4
-2.8350471984E-5
-1.3089778367E-4
-1.5884467866E-4
-1.4031737810E-4
-5.1855784841E-5
3.3214560243E-5
1.2954481644E-4
1.6778709832E-4
1.6872104025E-4
1.2077355059E-4
4.4656440150E-5
-2.9951054602E-5
-8.7301526221E-5
-1.0393281700E-4
-6.7008973568E-5
-1.2392050121E-5
6.7377276721E-5
1.1079842225E-4
1.3034400763E-4
1.1929107132E-4
6.7858118566E-5
1.3922480866E-5
-3.6958418786E-5
-8.7787432133E-5
-6.8643130365E-5
-3.2488140277E-5
1.2453354430E-5
6.9051608445E-5
9.9020940254E-5
1.0530744912E-4
7.8698189466E-5
3.5487732383E-5
-1.1571054347E-5
-4.7304958571E-5
-6.0606724583E-5
-4.2784225661E-5
-8.3584804088E-6
3.4368725027E-5
8.6965935774E-5
9.2728727034E-5
8.9790392668E-5
6.3863105608E-5
2.6914663612E-5
-2.6601436547E-5
-3.9834075141E-5
-3.3931492361E-5
-1.6311055515E-5
1.5254516620E-5
5.3694099188E-5
7.8235287222E-5
8.2516612022E-5
6.9824524691E-5
2.4260871578E-5
7.1852700785E-7
-2.6989413890E-5
-3.1243194825E-5
-1.1697795708E-5
8.1943115220E-6
3.9619347080E-5
6.4761878458E-5
6.0956145172E-5
2.9884162358E-5
3.3676123711E-5
6.7979958844E-5
5.9629790486E-6
-3.4070317633E-5
-4.6784151346E-5
-2.5924318470E-5
9.1947149485E-7
4.6277372167E-5
7.0934765975E-5
7.3095236442E-5
6.4917677084E-5
3.6130507942E-5
7.5377058239E-6
-4.5746564865E-6
-1.3928546105E-5
-2.2482650820E-5
3.8433936425E-6
2.9658642596E-5
5.3056690377E-5
6.4861576540E-5
7.1383314209E-5
4.9376150128E-5
2.8865097556E-5
7.5311283581E-6
-1.7668516375E-5
-1.0011298582E-5
2.7321511879E-6
3.0057760886E-5
3.8504169788E-5
5.2367907483E-5
6.2480871566E-5
4.8874749336E-5
3.4556351601E-5
2.3975467774E-5
2.3755826987E-6
2.8793350793E-6
-2.2668857128E-6
8.7725464256E-6
3.6830268800E-5
4.1772495024E-5
5.2837806288E-5
4.6644534450E-5
3.9140076841E-5
3.0175689607E-5
1.1803617235E-5
2.0879087970E-6
9.1466587037E-6
9.0042944067E-6
1.6516924370E-5
4.1378906462E-5
4.0103727951E-5
4.6949507668E-5
4.6416569966E-5
3.4681160468E-5
3.0480639542E-5
1.2966559734E-5
5.3194002249E-6
8.0092344434E-6
1.7166114412E-5
2.3761158808E-5
3.3675157464E-5
4.6724569984E-5
5.2558141761E-5
4.3324672151E-5
3.0767545103E-5
2.7341663371E-5
1.4409655705E-5
1.3020378538E-5
1.1594104581E-5
1.2020661961E-5
2.0836596377E-5
-3.5846955143E-5
1.2525784550E-4
6.1183434446E-5
-2.3468048312E-6
8.7352469565E-6
7.3561642787E-5
8.9485698848E-5
6.3641881571E-5
2.9466685372E-5
6.8301567809E-6
-1.5006819740E-5
-9.4441813417E-6
3.6412151531E-6
1.2264307588E-5
2.7211918495E-5
2.7054559904E-5
3.0172977130E-5
2.3973756469E-5
1.9225396681E-5
1.8435250967E-5
3.2397056929E-5
3.9300427306E-5
3.3646414521E-5
2.9340933542E-5
2.4414062500E-5
2.7057377156E-5
1.5690841246E-5
1.4601182193E-5
1.5240511857E-5
2.1247821860E-5
2.9133504722E-5
5.2567292005E-5
6.1476754491E-5
4.6545523219E-5
3.8341362960E-5
1.9802094903E-5
1.2666638941E-5
1.0687112808E-5
3.9401347749E-6
1.1815421749E-5
2.9625999741E-5
4.6187802218E-5
4.4291920494E-5
5.1656481810E-5
4.9512507394E-5
3.5253621171E-5
1.7272005789E-5
6.1789760367E-6
-2.6691704988E-6
-1.4803605154E-6
2.3906305432E-5
4.0038127917E-5
5.3596205544E-5
7.2405626999E-5
6.0855667107E-5
4.8220425378E-5
3.0148646328E-5
4.6896166168E-6
-7.4975891039E-6
-3.8043363019E-6
4.2213709094E-6
2.6564940344E-5
4.3790542986E-5
6.8410998212E-5
7.4233335909E-5
6.5272115172E-5
3.3984088804E-5
1.7881032545E-5
1.3851677068E-6
-1.3148272410E-5
-1.0225572623E-5
3.2553798519E-6
3.4873874392E-5
6.1305321288E-5
7.2862382513E-5
7.4781232981E-5
6.3077756205E-5
3.1418073922E-5
6.1459024437E-6
-2.0832405425E-5
-2.3233809042E-5
-1.9107910339E-5
4.4347369113E-6
4.7896918840E-5
6.6061574035E-5
7.3166121730E-5
7.7762117146E-5
5.8822531719E-5
2.0879670046E-5
-1.3107690029E-5
-3.3034337684E-5
-3.1529064289E-5
-2.5074696168E-5
2.9417232144E-5
6.2454026193E-5
8.9739926627E-5
1.0152555770E-4
7.9517043199E-5
4.7083990648E-5
-2.4980050512E-6
-4.9209513236E-5
-6.8172812463E-5
-5.9397728183E-5
-1.5011173673E-5
4.3650914449E-5
8.1434589814E-5
1.2907590717E-4
1.2976150028E-4
9.4312150033E-5
2.4784053675E-5
-3.7498958408E-5
-8.4852799776E-5
-1.1127415346E-4
-7.0664810485E-5
-8.3002028987E-6
9.6947164278E-5
1.7891996540E-4
2.2169090807E-4
1.8693068996E-4
8.7164912841E-5
-7.1898975877E-5
-2.5868951343E-4
-3.9332740708E-4
-3.3602045150E-4
-3.9211020339E-5
3.5261154407E-4
6.0012891190E-4
5.2705078850E-4
2.5561313377E-4
-2.8304883744E-5
-2.1479417337E-4
-3.3426097361E-4
-4.0913231206E-4
-2.7237177128E-4
5.2914780099E-5
2.7477700495E-4
3.3044172450E-4
2.5990911527E-4
-2.4607323575E-5
-8.8899629191E-6
-1.2385030277E-5
-2.3652974050E-5
-6.7613273860E-5
-8.3205080593E-5
-6.0491682962E-5
6.7809689791E-5
1.8267103005E-4
2.1523768082E-4
9.5373706428E-5
-2.9005623655E-4
-6.4809132600E-4
-6.9233446847E-4
-2.1761239041E-4
4.9765721195E-4
1.0320501402E-3
1.0860162205E-3
7.4361015578E-4
1.5175475273E-4
-3.5858233459E-4
-6.2640028772E-4
-6.1681201915E-4
-3.6416680086E-4
-7.4277131355E-5
1.9626878202E-4
3.5377573221E-4
3.7075793371E-4
2.8509516269E-4
1.2344090501E-4
-3.5052734893E-5
-1.5313136391E-4
-2.0093988860E-4
-1.6820476158E-4
2.4414062500E-5
-7.3486927433E-5
1.4406868722E-4
1.8603259232E-4
1.8663619412E-4
1.4101646375E-4
5.1023426932E-5
-3.7238816730E-5
-1.0032424471E-4
-1.1986199534E-4
-7.1800849402E-5
-1.5510455705E-5
6.3652405517E-5
1.3184269191E-4
1.4092542697E-4
1.2345858850E-4
7.7734561638E-5
1.1312519200E-5
-4.4277752750E-5
-7.8742299232E-5
-6.7925313490E-5
-3.1710800248E-5
1.7284380738E-5
7.3284609245E-5
1.0288207559E-4
1.1328330729E-4
8.4983394484E-5
4.2442814446E-5
-4.2657949962E-6
-3.7920789327E-5
-5.8377184906E-5
-4.1487195994E-5
-4.7414097935E-6
4.6176894102E-5
8.4512436299E-5
9.0221303985E-5
9.5068535304E-5
6.0755689629E-5
2.4801539256E-5
-1.1081877165E-5
-2.9471004382E-5
-4.2874575593E-5
-1.7760996706E-5
1.0924623348E-5
6.1571842525E-5
8.0871151297E-5
8.3386746703E-5
6.2947405969E-5
3.8035714532E-5
6.9321249612E-6
-2.4779245722E-5
-3.3756962511E-5
-2.9964267741E-5
-1.8967664801E-6
3.5865406971E-5
6.9166067989E-5
8.0138491470E-5
7.9849001488E-5
5.0598103553E-5
2.2331776563E-5
-9.7268144601E-6
-2.5301834102E-5
-2.4274352472E-5
-1.5813740902E-6
2.8671149629E-5
5.6692259387E-5
6.0207862407E-5
6.8382488100E-5
4.3447851203E-5
2.2343313321E-5
-1.2111500837E-6
-1.2221082579E-5
2.3677374701E-5
5.0945498516E-5
-4.1147903539E-5
2.5981571525E-6
3.8156867958E-5
5.5075145793E-5
5.9288879857E-5
6.3407351264E-5
4.0744349826E-5
1.9335455727E-5
-5.4226722569E-6
-6.4099440351E-6
-3.9802980609E-6
1.7486407887E-5
4.0675175841E-5
4.9938424491E-5
6.0249655509E-5
6.2106258703E-5
3.4845469053E-5
1.9862363115E-5
1.1017476209E-5
-6.6431239248E-6
5.9818848968E-6
6.5037398600E-6
2.7697184122E-5
5.2018999122E-5
5.1722419448E-5
5.1663874183E-5
3.8668303750E-5
3.4113775472E-5
1.0808848310E-5
-6.3832849265E-7
-4.8639019951E-6
1.5439966228E-5
2.2781512234E-5
3.2101955730E-5
4.5633001719E-5
5.2046705969E-5
2.4414062500E-5
4.4547265861E-5
2.6709865778E-5
1.3201637194E-5
5.2618095652E-6
3.8018217310E-6
1.0075629689E-5
2.0477396901E-5
3.9408728480E-5
4.9017509446E-5
4.0727364830E-5
4.7491455916E-5
4.1565671563E-5
3.0691013670E-5
7.4462150225E-6
1.4562997967E-5
4.6938075684E-6
1.4915922657E-5
2.8514151926E-5
7.7960535420E-5
6.1379012187E-5
5.6329835207E-5
1.6996031627E-5
-1.0555167682E-5
-4.9779727124E-5
-5.0495087635E-5
-3.3792981412E-5
2.5490066036E-6
5.2705162671E-5
9.9396565931E-5
1.2713046744E-4
1.0551798623E-4
4.9564754589E-5
-2.1740864031E-5
-9.9626951852E-5
-1.2634352315E-4
-5.7944259607E-5
3.8793485146E-5
4.4791947585E-5
-1.6682199202E-5
-6.0238363222E-5
-6.0076650699E-5
-1.6895774752E-5
7.9165562057E-6
4.0716654621E-5
4.8468506430E-5
5.6238216348E-5
4.7322048340E-5
3.3847824669E-5
1.3058923651E-5
1.3623433188E-5
2.7185038197E-5
1.5316694044E-5
3.1928077805E-5
1.9997148774E-5
3.0673493165E-5
2.6220676954E-5
1.9952957518E-5
2.4203001521E-5
3.0655635054E-5
2.6924198027E-5
3.6556262057E-5
5.0412118435E-5
4.5132089872E-5
3.7233706098E-5
1.3127003331E-5
1.7067056615E-5
-2.7702539228E-6
6.1993952841E-6
1.3395631686E-5
3.0036293901E-5
4.3559703044E-5
5.1403429825E-5
6.4076681157E-5
4.7639873810E-5
2.1379336249E-5
1.1915527284E-5
-1.6389298253E-5
5.8999983595E-6
7.5816526078E-6
2.3389409761E-5
4.0209735743E-5
5.7498889510E-5
5.7706062217E-5
5.2231806331E-5
3.2151839695E-5
1.0297331028E-5
-3.9616134017E-8
-3.4355325624E-6
-5.4794480094E-6
8.2319718786E-6
3.2998993992E-5
4.9356382806E-5
5.6310230866E-5
6.2989746221E-5
5.5958563462E-5
2.6233273092E-5
-2.8529786505E-6
-9.9700060673E-6
-1.6309041530E-5
3.9709033444E-6
1.4906097204E-5
3.6434421781E-5
5.9322419112E-5
6.2993133907E-5
6.9023552352E-5
4.4609594624E-5
5.5414624512E-6
-1.3218331151E-5
-1.9189948216E-5
-4.4008379336E-5
-2.0128325559E-6
2.5981548242E-5
5.2259850782E-5
8.1886793489E-5
8.8165397759E-5
8.3649985028E-5
4.6580343041E-5
-7.8760902398E-6
-4.7039310448E-5
-5.1997078117E-5
-4.4774857816E-5
-7.2889146395E-6
3.3344526309E-5
9.3259615825E-5
1.1693431297E-4
1.2035859982E-4
1.0066021932E-4
2.8072239365E-5
-3.1527620740E-5
-8.5215456786E-5
-9.3871064022E-5
-8.1200187562E-5
8.2900631242E-6
8.7675254328E-5
1.6503145452E-4
1.8456347752E-4
1.5828903997E-4
7.6049275232E-5
-5.4660928436E-5
-1.7195115797E-4
-2.3731495021E-4
-1.6883107601E-4
-1.4594325330E-5
1.7055126373E-4
2.6328808162E-4
2.6644322788E-4
1.7642454477E-4
5.9328973294E-5
-7.8343471980E-5
-2.2202781402E-4
-3.9533025121E-4
-4.2632867118E-4
1.2483441969E-4
6.8985124817E-4
7.7872069088E-4
4.0870694211E-4
-3.3324349205E-4
-3.9606119973E-4
-1.8554787384E-4
-3.1401589512E-5
5.5489002260E-5
6.5349275247E-5
4.0855188854E-5
4.6690308954E-5
7.8655115797E-5
1.3292880030E-4
1.0473709553E-4
-2.8518144971E-6
-1.6359642613E-4
-2.8894477290E-4
-1.8455951940E-4
1.4397434425E-4
5.5723716504E-4
7.7670242172E-4
7.0520096925E-4
2.8247873997E-4
-2.7581914328E-4
-7.0147576043E-4
-7.8562203562E-4
-5.7885006535E-4
-1.7120540142E-4
2.4939418072E-4
5.0418555037E-4
5.4365402318E-4
3.9869910107E-4
1.7082799459E-4
-5.4003880360E-5
-2.0945440047E-4
-2.6798744220E-4
-2.2117444314E-4
-9.7641523465E-5
3.0370533931E-5
1.5790023608E-4
2.0631139632E-4
2.1517173154E-4
1.5952221583E-4
4.9254053738E-5
-4.7031731810E-5
-1.1610031361E-4
-1.3435123255E-4
-9.4076304233E-5
-1.9695307128E-5
6.1175785959E-5
1.2936965795E-4
1.4987906907E-4
1.3541530352E-4
8.3801662552E-5
8.9076347651E-7
-5.1709276159E-5
-8.9792755901E-5
-8.8144256737E-5
-4.4073490426E-5
1.3712036889E-5
7.9485878818E-5
1.0173693299E-4
1.2369144242E-4
8.9640088848E-5
4.4410198461E-5
-1.0402849875E-5
-5.3276494147E-5
-6.6043180415E-5
-4.7981925309E-5
-8.0004101618E-7
4.3239025399E-5
8.4095424975E-5
9.5092062842E-5
8.5516180845E-5
6.4185459633E-5
2.4283991660E-5
-1.8814182840E-5
-4.8425013666E-5
-5.1391636953E-5
-1.8914032262E-5
1.4096195810E-5
5.5896269623E-5
8.6621113589E-5
8.9539063631E-5
7.2030257436E-5
5.0157553051E-5
7.0869806223E-6
-2.8869090601E-5
-3.8749456871E-5
-3.2193132210E-5
4.0942104533E-6
3.7402752787E-5
6.7605427467E-5
8.0853514376E-5
8.0231763425E-5
4.1820143815E-5
1.4256220311E-5
-4.1574821807E-6
-2.4301710072E-5
-2.1343852859E-5
-9.7782234661E-6
1.8841982819E-5
4.7933636233E-5
6.9944176359E-5
6.9287233056E-5
5.4105033633E-5
2.6806804816E-5
4.9658003264E-6
-1.2921669986E-5
-1.6658438835E-5
-9.7186886706E-6
1.0410405230E-5
3.9805227424E-5
5.6635297370E-5
5.6395563298E-5
5.1048432943E-5
3.0510581563E-5
7.7122240328E-6
-9.8370946940E-7
-7.7942735516E-6
7.4775423856E-6
2.5063322391E-5
3.5236857365E-5
2.9472552705E-5
3.2391375861E-5
3.3014593645E-5
1.6707112081E-5
2.4183804635E-5
8.0871465618E-5
3.1341810244E-5
-8.8402535766E-6
-1.9756786059E-5
-1.0231998749E-5
1.2989318930E-5
3.2755022402E-5
5.0938164350E-5
5.7322101203E-5
4.8524839804E-5
3.3119751605E-5
1.0024511721E-5
-4.5128865168E-6
4.6366476454E-6
6.3299317845E-6
1.9460823387E-5
2.7535308617E-5
3.8826244417E-5
5.9229438194E-5
4.9807259347E-5
3.8800924084E-5
3.1188142019E-5
1.6793922987E-5
7.9189892859E-6
9.0255518445E-6
1.4513835777E-5
2.2834329866E-5
2.9123970306E-5
4.3855246622E-5
4.5368843712E-5
4.7265505418E-5
3.6085862665E-5
2.0313332788E-5
1.3430474792E-5
2.4490291253E-6
1.0355922859E-5
8.0639263616E-6
2.6112550403E-5
5.0005642697E-5
4.7670979984E-5
3.9565656334E-5
1.6707391478E-5
-9.9303200841E-6
-3.8791284896E-5
-3.1962117645E-5
-2.0338641479E-5
1.3562745880E-5
3.9156165439E-5
6.2748789788E-5
7.5839157219E-5
7.1871967522E-5
3.8933567702E-5
1.0154955089E-5
-3.1559437047E-5
-5.4602266756E-5
-5.8117508889E-5
-2.1556939464E-5
2.0988774485E-5
8.6011167152E-5
1.1495182989E-4
1.3157303911E-4
9.3943916729E-5
3.3742049708E-5
-4.8610777595E-5
-1.2258531060E-4
-1.3978644274E-4
-7.8625092286E-5
9.3495589682E-6
1.1357803596E-4
8.3838310095E-5
-2.6128743774E-5
-6.8571534941E-5
-2.7557031716E-5
3.4234591294E-5
9.0451841245E-5
1.0477732867E-4
9.8649540453E-5
6.4931437374E-5
3.4196767955E-5
6.6095963121E-6
6.8988883867E-7
-2.7704867534E-6
1.7673196271E-5
3.2058078795E-5
4.4102163520E-5
3.2073608599E-5
4.5720883645E-5
3.4516747109E-5
2.9853440355E-5
3.6787742283E-5
3.4524593502E-5
2.3227988276E-5
2.4994125123E-5
3.7290505133E-5
3.0095572582E-5
2.2077630274E-5
1.6018352471E-5
2.3378443438E-5
3.0697067267E-5
2.7273199521E-5
3.7489726673E-5
4.2010575998E-5
4.6391424257E-5
5.8415345848E-5
3.2980507239E-5
2.1434354130E-5
5.4536503740E-6
-2.9057729989E-6
4.6218745411E-6
1.0196561925E-5
4.0842185262E-5
5.3368520457E-5
6.5022939818E-5
6.3633383253E-5
4.2685028165E-5
3.2067252323E-5
7.9981866294E-6
-8.6396466940E-6
-1.6162288375E-6
7.0046517067E-6
2.5415583513E-5
4.5888638123E-5
5.5970402900E-5
6.5806123895E-5
6.0389237479E-5
5.4483988788E-5
1.8886930775E-5
5.4014381022E-7
-2.1450361236E-5
-1.3620103709E-5
-5.1304465160E-6
2.9828026890E-5
4.8622710163E-5
6.6486664585E-5
8.8749232239E-5
5.8681785594E-5
3.0620361212E-5
9.5230992887E-6
-3.1252065673E-5
-2.4126004428E-5
-3.7147966213E-5
-3.3966614865E-6
3.9804039988E-5
7.8265112827E-5
1.0682223365E-4
1.0499795899E-4
7.3977478317E-5
2.2321799769E-5
-2.2357224952E-5
-5.4169818761E-5
-7.4409996162E-5
-6.2044267544E-5
4.9117137678E-6
8.9234672489E-5
1.1622695020E-4
1.8590313848E-4
1.5971735120E-4
8.0055184665E-5
-6.2302348671E-5
-1.8642122159E-4
-2.3714033887E-4
-1.5839091502E-4
-3.0476599932E-6
1.6839316813E-4
2.4580719182E-4
2.2956976900E-4
1.4936267398E-4
6.0713477433E-5
-4.2337691412E-5
2.4414062500E-5
-1.5045983018E-4
-2.5516703026E-4
-4.5644887723E-5
2.6182496221E-4
3.7850801600E-4
2.7388278395E-4
9.0617558455E-5
-2.2815511329E-4
-1.2378373649E-4
-4.3983780779E-5
3.4374720416E-5
1.3077470940E-4
1.6967970878E-4
1.4489596943E-4
7.9443817960E-5
6.7156215665E-5
2.7246668468E-5
-1.4631589875E-5
-5.5798434188E-5
-1.0048024124E-4
-5.0328089856E-5
8.6980173366E-5
2.6224630419E-4
3.8254855900E-4
3.7775862729E-4
2.1780352108E-4
-4.5924505685E-5
-3.3949111820E-4
-5.0484575331E-4
-4.9147905083E-4
-2.6473671896E-4
1.3792987447E-4
4.7160066898E-4
6.4025013708E-4
5.4845891426E-4
2.5880675529E-4
-5.2507745568E-5
-3.1836873385E-4
-4.1256863625E-4
-3.4180528018E-4
-1.6342361923E-4
3.5228149499E-5
2.0677776774E-4
2.8144943062E-4
2.7956381672E-4
1.9154697657E-4
6.0524197762E-5
-4.8297410831E-5
-1.4051314210E-4
-1.5616419259E-4
-8.5769419094E-5
-3.0648952815E-5
7.1787496565E-5
1.4205531916E-4
1.7393701710E-4
1.5034932876E-4
9.1049901678E-5
1.2279441580E-5
-5.6625646540E-5
-8.7575975342E-5
-8.9981511704E-5
-3.7747609894E-5
2.3906852584E-5
6.7861075514E-5
1.2299311347E-4
1.4031070750E-4
9.9806336222E-5
5.4679554887E-5
-8.7284483014E-6
-6.2525912654E-5
-7.6377647931E-5
-4.6989729163E-5
-9.4463117421E-6
4.0949101094E-5
8.7200943382E-5
1.1899017263E-4
9.8152342255E-5
6.6554127263E-5
2.2186548449E-5
-1.2864649762E-5
-3.9718346671E-5
-3.8944766857E-5
-2.1048996131E-5
1.6394990962E-5
6.2490510756E-5
8.7475555486E-5
9.3946908603E-5
7.3162792253E-5
4.1544344276E-5
4.7258799896E-6
-4.2258854955E-5
-3.9823143743E-5
-4.0815281681E-5
-1.1573894880E-6
2.9207568149E-5
7.2190747599E-5
8.0035161229E-5
7.1174767802E-5
5.8772484772E-5
1.6222964041E-5
-4.5317807235E-6
-2.8320658020E-5
-2.6589154731E-5
1.9917264581E-6
3.1181878875E-5
5.1966821775E-5
7.5589341578E-5
7.4747775219E-5
5.6177214720E-5
3.8100162055E-5
5.3076888435E-6
-9.2378468252E-6
-1.8382293638E-5
-6.9420086220E-6
1.2197718024E-5
3.4941337071E-5
6.1134330463E-5
6.4884789755E-5
5.9386098292E-5
3.7493696436E-5
1.9347178749E-5
1.5785219148E-6
-1.3232068159E-5
7.4048526586E-6
1.5643774532E-5
2.5938614271E-5
5.0862517674E-5
5.5252329912E-5
5.3673703224E-5
3.4621404483E-5
2.6930065359E-5
1.3979314827E-5
1.7593894154E-5
2.0742672495E-5
1.8334621563E-5
2.6529398746E-5
4.0979147888E-5
5.6636298541E-5
4.5057188254E-5
3.1228468286E-5
7.5793475845E-6
4.0910788812E-6
1.4875188936E-5
7.0691993461E-5
-7.2985421867E-7
-1.8069485668E-5
4.7239824198E-6
2.3206055629E-5
4.1240651626E-5
5.1365420222E-5
4.7617394012E-5
4.3985154479E-5
3.2006984110E-5
1.8521258607E-5
4.2549450882E-6
4.2316620238E-6
1.0583095718E-5
2.6850670110E-5
2.7481175493E-5
5.2824988961E-5
5.6370859966E-5
5.5498676375E-5
4.6145974193E-5
2.8326676692E-5
1.5054526739E-5
1.2137845624E-5
2.0923907868E-6
1.9385491032E-5
2.9802659991E-5
7.0549116938E-5
6.4357952217E-5
4.0745409205E-5
1.9859208259E-5
-6.8367226050E-6
-2.0541402045E-5
-1.3500475325E-5
-6.8716588430E-6
2.2150308359E-5
3.8593658246E-5
5.1942467690E-5
6.2816147694E-5
5.8768445161E-5
3.9232545532E-5
3.2436335459E-6
-1.3970269356E-5
-3.8551236502E-5
-2.6171456556E-5
-1.3929605484E-5
2.4776684585E-5
6.7003990991E-5
8.9461158498E-5
8.5989257788E-5
6.4721470702E-5
2.4854065850E-5
-1.3033801224E-5
-4.9902999308E-5
-5.9140007944E-5
-3.9202556945E-5
1.0625005234E-5
5.3249509074E-5
1.1529828189E-4
1.3826391660E-4
1.2902055169E-4
7.2699016892E-5
-3.5711680539E-6
-7.3709175925E-5
-1.2348999735E-4
-1.2591017876E-4
-6.3485326246E-5
5.1667762454E-5
1.5056513948E-4
1.4977299143E-4
4.7457322944E-5
-5.8757793159E-5
-2.6276311837E-5
6.1273714528E-5
1.1331489077E-4
1.3744372409E-4
1.0826883372E-4
6.4238556662E-5
1.3296050020E-5
-1.8835172523E-5
-2.3429642897E-5
-9.0179033577E-6
-2.4448847399E-6
3.6343955435E-5
4.2222603224E-5
5.2211037837E-5
4.6662590467E-5
3.5625556484E-5
3.2992765773E-5
2.0353728905E-5
2.0889355801E-5
2.8672080952E-5
1.9394629635E-5
2.5449856184E-5
2.8104393277E-5
3.0781235545E-5
2.9591261409E-5
2.4488777853E-5
3.1083042267E-5
3.0439603142E-5
3.6570872180E-5
3.6600627936E-5
3.7734908983E-5
3.1989847775E-5
2.7663714717E-5
1.6122125089E-5
1.4994398225E-5
1.1622207239E-6
9.2398026028E-6
1.6250798944E-5
3.9583747275E-5
5.0747708883E-5
5.6073849555E-5
5.6130217854E-5
3.8610619958E-5
1.8464447930E-5
-2.4865847080E-6
-1.5038240235E-5
-1.4723546337E-5
-5.4611125961E-6
2.1695788018E-5
5.3750211373E-5
7.2558317335E-5
7.3925743346E-5
6.9170235658E-5
4.2960303835E-5
1.2496451382E-5
-1.8474343233E-5
-2.5433418341E-5
-2.7356739155E-5
4.9189431593E-6
2.2244104184E-5
6.2690454070E-5
9.3281536831E-5
1.0053921724E-4
6.9975550288E-5
2.6601052377E-5
-1.9614421762E-5
-4.1251897346E-5
-5.4437364452E-5
-4.4127018191E-5
1.4235964045E-6
7.8628223857E-5
1.1658382136E-4
1.5419907868E-4
1.2914895779E-4
6.6240609159E-5
-3.9616692811E-5
-1.3758648420E-4
-1.7488515005E-4
-1.1829200666E-4
1.4201505110E-5
1.4560131822E-4
2.2511631250E-4
1.9360653823E-4
1.2704437831E-4
2.6571983471E-5
-3.4653639886E-5
-1.5107697109E-4
-2.3421951337E-4
-2.3544852156E-4
-1.0175678181E-4
2.0342699718E-4
4.1330904934E-4
3.1136290635E-4
8.1948540176E-5
-1.8685281975E-4
-1.9306078321E-4
-1.9713758956E-5
1.1038605590E-5
1.9155698828E-5
2.6970123871E-5
3.0161254107E-5
5.3228763864E-5
6.1555474532E-5
5.3987023421E-5
3.7232763134E-6
-4.0003727190E-5
-5.6073744783E-5
-4.4837442692E-5
-7.9209450632E-6
6.4145808575E-5
1.5102472389E-4
2.1716413321E-4
1.5875562094E-4
1.6410532407E-5
-1.5845218441E-4
-2.5949794799E-4
-2.3910505697E-4
-1.2107786024E-4
4.9733906053E-5
2.2823786130E-4
3.7233363837E-4
3.8070888259E-4
2.5828219950E-4
2.4152186233E-5
-2.1146323998E-4
-3.6369498120E-4
-3.9132755484E-4
-2.5646908907E-4
-3.0044233426E-6
2.6353974826E-4
4.0349854390E-4
4.0244054982E-4
2.6997933164E-4
7.7718705873E-5
-8.5616006984E-5
-1.9633980701E-4
-2.2666486912E-4
-1.6172551550E-4
-4.0765304584E-5
8.2337821370E-5
1.6644976567E-4
2.0356436726E-4
1.7273437697E-4
1.0454994627E-4
5.6979944930E-6
-6.8971875591E-5
-1.0817218572E-4
-1.0565971025E-4
2.4414062500E-5
1.8100999296E-5
8.6853338874E-5
1.3407052029E-4
1.3606437715E-4
1.0359246517E-4
4.6089373063E-5
-7.4821989984E-6
-6.6147127656E-5
-7.9508335332E-5
-6.2475656161E-5
-7.5746327639E-6
4.0508084930E-5
1.0085345712E-4
1.1409143917E-4
1.0869225953E-4
6.5750814975E-5
2.2388016805E-5
-2.5117513723E-5
-5.3668732290E-5
-5.5740505923E-5
-2.2493430878E-5
9.1710127891E-6
5.7960569393E-5
9.7593350804E-5
9.8296313083E-5
8.3534116860E-5
4.3473544065E-5
7.1451533587E-6
-3.1901011243E-5
-4.0758342948E-5
-3.8363481871E-5
-1.1152541265E-5
4.1331851389E-5
6.1592506246E-5
8.1915815830E-5
7.9567346258E-5
5.2272691391E-5
2.1607906092E-5
-1.0047038086E-5
-2.2766250185E-5
-3.2073433976E-5
-1.3205001596E-5
2.1853006910E-5
4.5164860785E-5
7.8248803041E-5
7.3757616339E-5
6.0672976543E-5
3.9910827763E-5
8.0238794909E-6
-1.6155687626E-5
-2.1470955107E-5
-1.1073530186E-5
2.2186210844E-5
2.1004013251E-5
5.5575778243E-5
6.2855775469E-5
6.4287660645E-5
5.5390549824E-5
1.5180709306E-5
5.9120939113E-6
-8.7593449280E-6
-5.2511808463E-6
8.9619308711E-6
3.3137504942E-5
5.3967104760E-5
4.8835796770E-5
5.3539383225E-5
4.2176549322E-5
3.1773571389E-5
1.0822911281E-5
-2.0162318834E-6
-2.6011839509E-6
8.1180594863E-6
2.3546617012E-5
4.1883788071E-5
4.3700437527E-5
5.0334248226E-5
3.6575552076E-5
3.1933374702E-5
3.1852908432E-5
1.4333927538E-5
1.3530359138E-5
1.4468084555E-5
2.3280479945E-5
3.4110690466E-5
3.2980146350E-5
4.4181267731E-5
4.0120468474E-5
3.0545808839E-5
2.4338974617E-5
5.4452568293E-6
1.1004146654E-5
4.3552892748E-5
4.0946830995E-5
-8.0311438068E-7
-2.1090498194E-6
2.2357702255E-5
4.1433912701E-5
5.9880653862E-5
5.2304530982E-5
4.7068309505E-5
2.8624059631E-5
1.4208280482E-5
4.2031169869E-6
-8.2662794740E-6
-2.1127518266E-6
2.0610075444E-5
4.9143808428E-5
4.9626780674E-5
3.0398834496E-5
1.2056727428E-5
-6.0566118919E-6
-1.6158749349E-5
-2.7319125365E-5
-1.5208648983E-5
6.3257175498E-6
3.0291627626E-5
5.7212915272E-5
4.9008079804E-5
4.7716568224E-5
2.8719264082E-5
5.7177036070E-6
-6.5679661930E-6
-2.4428963661E-5
-1.8163793720E-5
-1.1602090672E-5
2.5360204744E-5
5.1321485080E-5
6.9741625341E-5
6.7875394599E-5
5.8795884252E-5
2.2306479513E-5
-7.0110661908E-6
-2.6649807114E-5
2.4414062500E-5
-2.5433395057E-5
2.0248466171E-5
4.7220976558E-5
7.5969612228E-5
8.7553728376E-5
9.5936551226E-5
5.8636174072E-5
1.3885356020E-5
-3.5312201362E-5
-5.6383712218E-5
-5.6698301342E-5
-2.0686653442E-5
3.1208049039E-5
8.4758352025E-5
1.5114572597E-4
1.4571849024E-4
1.2689830037E-4
4.9567152746E-5
-3.6940060090E-5
-1.3223595452E-4
-1.6410237877E-4
-1.2477925047E-4
-1.9977206830E-5
1.0893638246E-4
1.7490498721E-4
1.0057064938E-4
-2.3476325440E-5
-5.3383281921E-5
7.3407776654E-6
9.9038449119E-5
1.3663507998E-4
1.4249025844E-4
9.6178776586E-5
3.7498900200E-5
1.4594756067E-6
-4.7563319095E-5
-3.8744474295E-5
-1.3758940622E-5
1.0260939598E-5
4.1279708966E-5
5.5784161669E-5
6.4864265733E-5
5.3610571195E-5
4.5487051830E-5
2.7305341791E-5
1.8034444656E-5
1.0672607459E-5
1.0598811787E-5
9.9019962363E-6
2.3267872166E-5
1.9350636285E-5
3.4892582334E-5
2.2854853887E-5
1.7589295749E-5
2.5888939853E-5
2.7955835684E-5
2.2836099378E-5
3.6985194310E-5
3.5072921309E-5
3.1449389643E-5
3.4478073939E-5
1.3050658163E-5
7.3288916611E-6
1.1734431609E-6
1.3645307627E-5
2.5158375501E-5
3.6690675187E-5
6.3131190837E-5
5.1841954700E-5
5.2470585797E-5
3.1969440169E-5
1.8164759967E-5
3.3924821764E-6
-2.3918389342E-5
-1.1396675836E-5
1.0699895211E-5
4.3582567014E-5
6.5371370876E-5
9.7197247670E-5
8.9633883912E-5
7.5068871957E-5
2.3760064504E-5
-4.1702366434E-5
-8.5959874561E-5
-8.5685786327E-5
-5.4968381301E-5
1.4294649009E-5
1.0778073920E-4
1.7111212947E-4
1.7963177524E-4
1.3194544008E-4
4.8706715461E-5
-5.4259411991E-5
-1.4523382997E-4
-1.3555685291E-4
-8.5381453393E-5
3.3095374237E-5
1.1710089166E-4
1.2669228017E-4
1.2050600490E-4
9.1433513445E-5
4.7473248560E-5
5.5629643612E-6
-6.1604275835E-5
-1.3779975706E-4
-1.8061611336E-4
-1.2084749760E-4
8.0489914404E-5
4.1618017714E-4
4.5400271194E-4
1.6172889154E-4
-1.5169607941E-4
-4.3023922482E-4
-1.6962593654E-4
2.7222163043E-5
1.0475709569E-4
6.4205040691E-5
4.9194158055E-5
5.0027633552E-5
4.3340947013E-5
5.0331954845E-5
4.5150564984E-5
3.2801728229E-5
-1.0693562217E-6
-2.6744964998E-5
-2.3421586956E-5
2.7748162392E-5
9.4823143448E-5
1.3528916752E-4
1.2235994218E-4
5.5958866142E-5
-4.8031937331E-5
-1.3918593759E-4
-1.7461273819E-4
-1.2411494972E-4
1.0876334272E-6
1.4051930048E-4
1.9732684596E-4
2.0043344703E-4
1.5207130928E-4
6.5714574885E-5
-2.1508778445E-5
-8.6179678331E-5
-1.4755259035E-4
-1.2768049491E-4
-3.8703973405E-5
1.0551563464E-4
2.4408188183E-4
2.6444792746E-4
2.5745931780E-4
1.0745344917E-4
-9.4644597269E-5
-2.7248535771E-4
-3.3094378886E-4
-2.4521007436E-4
-8.9015730192E-5
9.5303996933E-5
2.2283173166E-4
2.6138070970E-4
2.2774556419E-4
1.3294678647E-4
1.5146948863E-5
-8.9617026973E-5
-1.4319790061E-4
-1.4594669919E-4
-7.8563462015E-5
9.2614442112E-6
9.2897680590E-5
1.2689579744E-4
1.6488769324E-4
1.2378838146E-4
5.0502549857E-5
-1.9829918164E-5
-7.5675500559E-5
-9.2319643593E-5
-7.2365847884E-5
-1.4232285321E-5
4.6151946299E-5
9.7498111430E-5
1.2171913404E-4
1.0330734076E-4
6.1947130600E-5
1.7521064728E-5
-2.5210564490E-5
-5.8922916652E-5
-5.4479052780E-5
-2.8378842398E-5
1.8228508997E-5
6.8730209025E-5
9.0572622143E-5
9.7263173668E-5
8.7183830331E-5
3.4245697315E-5
3.6056153478E-7
-3.7112424616E-5
-4.8821326345E-5
-3.5466032568E-5
-3.4337979741E-6
2.9489642474E-5
6.3828343992E-5
7.6514796822E-5
7.0542038886E-5
4.7569314484E-5
1.5754275955E-5
2.3449771106E-6
-3.0131544917E-5
-3.7609657738E-5
-1.2349791359E-5
1.3386830688E-5
4.8717821482E-5
7.1347248743E-5
7.5774616565E-5
5.7287013624E-5
2.8599507640E-5
1.3419648167E-5
-2.0551192574E-5
-2.2754876408E-5
-1.6056606546E-5
1.3992621098E-5
3.2711087259E-5
5.4311437998E-5
6.8878964523E-5
5.7308026590E-5
4.3947203084E-5
2.2925599478E-5
-1.9769649953E-6
-1.0323268361E-5
-4.8874644564E-7
6.0870428571E-6
2.9287929646E-5
4.2782316449E-5
5.5453297682E-5
4.9646093976E-5
4.8579985742E-5
3.1583057715E-5
2.7967640198E-5
3.4187221900E-6
-2.5433138944E-6
1.3123918325E-5
2.2223836276E-5
3.1389784998E-5
4.7072418965E-5
4.6977435704E-5
4.6126486267E-5
4.1498418432E-5
1.9310601056E-5
9.6266274341E-6
5.5232667366E-6
6.4849737101E-6
1.6365060583E-5
3.7815608083E-5
4.3700879905E-5
4.6060397290E-5
4.1652168147E-5
3.2552529591E-5
2.3434415925E-5
1.7429701984E-5
1.2479897123E-5
1.3764668256E-5
1.2339593377E-5
3.2262469175E-5
3.4612044691E-5
5.1715166774E-5
3.9605109486E-5
2.8552778530E-5
2.3307953961E-5
1.3569043949E-5
1.4305673540E-5
4.1883671655E-5
8.2739396023E-5
7.8417593614E-6
-3.5270897205E-5
-7.2543858551E-6
5.8590830303E-5
6.5632525367E-5
4.9172958825E-5
1.7634790856E-5
-1.6961875371E-5
-5.3981633392E-5
-3.7934363353E-5
-1.0904530063E-5
2.3384334053E-5
5.1714677830E-5
5.4613582325E-5
4.9693323672E-5
4.2621884495E-5
1.0637380183E-5
4.8962305300E-6
-3.2354611904E-6
7.5292773546E-7
4.2321160436E-6
6.1940518209E-6
2.4982693139E-5
4.8426527065E-5
5.9192557820E-5
6.8433338311E-5
4.7334842384E-5
2.2717507090E-5
1.3365875930E-6
-2.0131072960E-5
-2.1667010150E-5
-1.9795575645E-5
1.8085015472E-5
4.7833705321E-5
6.3929962926E-5
8.6660799573E-5
7.7724945733E-5
5.1556760445E-5
5.1596318372E-6
-1.1390564032E-5
-3.1593558378E-5
-3.7185510154E-5
-1.7636804841E-5
3.0987372155E-5
8.6747563912E-5
1.1441709939E-4
1.1894623749E-4
9.9383923227E-5
4.3990463018E-5
-1.0608974844E-5
-6.5434235150E-5
-9.3510560694E-5
-6.5969757272E-5
-1.3094826136E-5
6.2120612712E-5
1.3331669615E-4
1.8785619177E-4
1.8099418376E-4
1.1042426340E-4
1.6854959540E-6
-1.3082193909E-4
-1.9793567481E-4
-1.8638189649E-4
-6.7179196050E-5
5.7096290403E-5
9.5480459279E-5
-1.0209542234E-5
-1.0795034468E-4
-1.1695135618E-4
-3.3119798172E-5
5.6839722675E-5
1.3397118309E-4
1.5201838687E-4
1.3260527048E-4
7.9047016336E-5
1.9339181017E-5
-2.0245835185E-5
-4.1042850353E-5
-2.1592003759E-5
-2.1236133762E-6
1.9056920428E-5
5.1314767916E-5
5.1513884682E-5
6.8726192695E-5
5.8815977536E-5
3.4204206894E-5
2.0474148914E-5
1.1079770047E-5
1.3254664373E-5
1.1251610704E-5
2.5451509281E-5
2.0897889044E-5
2.0548771135E-5
4.1982042603E-5
1.3831409160E-5
2.5389529764E-5
2.6752415578E-5
2.9766664374E-5
3.2521202228E-5
3.8468698039E-5
3.5925838165E-5
3.0417926609E-5
5.9507787228E-6
1.6607576981E-6
8.2688173281E-6
6.8669905885E-7
1.0409974493E-5
2.7771305758E-5
4.6460400335E-5
5.8821146377E-5
6.1840598938E-5
5.4684013594E-5
2.6269257068E-5
-1.3799325097E-5
-2.3342925124E-5
-3.5311945248E-5
-1.8630921840E-5
2.0837248303E-5
7.8949006275E-5
1.1803915259E-4
1.2805199949E-4
1.0131215677E-4
2.4380791000E-5
-8.1676372795E-5
-1.7565300223E-4
-1.9158114447E-4
-7.8512134498E-5
1.3867216185E-4
2.6703828480E-4
1.8418068066E-4
5.7533988729E-5
-9.4053102657E-7
-1.9466527737E-5
-1.1204939801E-5
-3.0160555615E-5
-4.7321023885E-5
-3.9041426498E-5
-9.2663685792E-6
5.1379867364E-5
1.6081378562E-4
2.6451316661E-4
1.3806475326E-4
-1.4246953651E-4
-3.4606722183E-4
-3.8756075083E-4
-1.8693238962E-5
1.5051012160E-4
1.0224070866E-4
7.1369856597E-5
4.1052920278E-5
2.4238461628E-5
3.0877545940E-5
2.4426961317E-5
3.4411693922E-5
1.5760574024E-5
2.9974966310E-6
5.7516852394E-6
1.0699918494E-5
2.9699178412E-5
8.2008878238E-5
7.8789296096E-5
5.2412494551E-5
8.7374122814E-6
-6.5418414308E-5
-1.1729495600E-4
-1.0134554468E-4
1.3131182641E-6
1.0839708848E-4
1.9624541746E-4
2.2396619897E-4
1.5197106404E-4
6.0287443921E-5
-4.4394575525E-5
-8.2470709461E-5
-8.4142445124E-5
-4.9065623899E-5
-4.2734551243E-6
2.8554443269E-5
4.5656168368E-5
8.8323384992E-5
1.2889186619E-4
9.0142257982E-5
2.7319078798E-5
-7.2041875686E-5
-1.0793289403E-4
-1.0676905513E-4
-6.8923446818E-5
3.3909163903E-5
1.8393278587E-4
2.9510245657E-4
2.9357352759E-4
1.8746873830E-4
1.1499621905E-5
-1.2511765817E-4
-2.1864344599E-4
-1.7855465412E-4
-1.2073605321E-4
-5.3674681112E-6
1.1656319257E-4
2.0003527170E-4
1.9321881700E-4
1.5791892074E-4
5.8405357413E-5
-2.5535898748E-5
-9.8931614777E-5
-1.0651110206E-4
-8.9381961155E-5
-2.5998672935E-5
4.3689447921E-5
1.0041149799E-4
1.3940886129E-4
1.3021117775E-4
8.7010976861E-5
2.1756347268E-5
-4.5593013056E-5
-6.4815324730E-5
-7.2706118229E-5
-4.2451440822E-5
1.1107651517E-5
6.5909465776E-5
9.9089508877E-5
1.0579562513E-4
9.3850342093E-5
4.7841493506E-5
3.2753567211E-6
-3.7608121055E-5
-4.9875630066E-5
-3.1798589043E-5
-3.4085242077E-7
3.6923657171E-5
7.8042421958E-5
8.9724792636E-5
8.4217486441E-5
5.5223749951E-5
2.7417857199E-5
-9.4881514087E-6
-3.6306795664E-5
-3.0284503008E-5
-1.6570603475E-5
2.1705182734E-5
5.5887980852E-5
7.3983066252E-5
8.4592564964E-5
7.1409787054E-5
2.9692787210E-5
4.1185878217E-6
-2.3534288629E-5
-2.2171332966E-5
-6.5141823144E-6
1.2396369129E-5
3.6658882163E-5
5.8350933250E-5
6.8672758063E-5
5.5529689417E-5
3.5974348429E-5
2.1342106629E-5
8.5482257419E-6
-3.2216659747E-6
-1.0834983550E-5
4.1609979235E-6
2.7369381859E-5
4.2292894795E-5
5.1045964937E-5
4.5282102655E-5
4.8354954925E-5
2.6858760974E-5
1.6182637774E-5
7.5599993580E-6
2.3431028239E-6
7.2854105384E-6
1.7681915778E-5
3.4465885255E-5
4.2093242518E-5
5.1133427769E-5
4.6665873379E-5
3.7337141111E-5
2.7709698770E-5
1.7329689581E-5
1.1068582535E-5
1.8244842067E-6
1.4748401009E-5
3.3055583480E-5
3.7800776771E-5
5.0282943994E-5
4.8414233605E-5
3.9672304410E-5
2.6719388551E-5
2.1589465904E-5
1.7198116984E-5
1.1262646876E-5
9.8933116534E-6
2.1795032080E-5
3.0677928588E-5
4.1002768557E-5
4.2493571527E-5
4.6421121806E-5
3.0025793238E-5
1.9758695270E-5
1.2591469567E-5
1.3962597586E-5
2.0661531016E-5
3.6012253258E-5
3.8120814132E-5
4.1166739538E-5
5.4227886722E-5
5.0335819833E-5
4.3772300705E-5
2.2824597544E-5
-9.6951262094E-6
-3.0896451789E-5
-3.3623306080E-5
-2.0479410886E-5
1.5396240633E-5
3.7284230347E-5
6.4783089330E-5
7.4018212038E-5
7.7599205544E-5
3.7120014894E-5
-5.3801340982E-6
-3.9438926615E-5
-5.6438276079E-5
-4.7790270765E-5
-1.5951658133E-5
4.1650724597E-5
7.5113715141E-5
1.0407341179E-4
9.7305304373E-5
6.1218079646E-5
1.3783015311E-5
-9.4918766990E-6
-2.4188589304E-5
-1.3004068751E-5
3.9687380195E-6
2.4289335124E-5
4.7936651390E-5
5.7254720014E-5
6.0002517422E-5
5.7212694083E-5
3.8670212961E-5
2.0273693371E-5
-1.3822922483E-5
-2.3611553479E-5
-1.8503773026E-5
3.8674334065E-7
2.9025611001E-5
6.9423299285E-5
9.9951401355E-5
9.3990610914E-5
7.7195302585E-5
4.8847438302E-5
-4.7530164011E-6
-5.6572852191E-5
-4.7206634190E-5
-2.9637920669E-5
-9.6466974355E-6
5.2413111553E-5
9.7889907194E-5
1.3407567749E-4
1.2427546317E-4
7.8801356724E-5
1.1488725431E-5
-6.2735227404E-5
-1.1044405401E-4
-1.0912584840E-4
-6.4166157973E-5
2.4032569490E-5
1.1741837952E-4
2.0213257521E-4
2.2430716781E-4
1.7333860742E-4
5.5065634661E-5
-8.1118708478E-5
-1.4484304702E-4
-7.5746607038E-5
5.5795477238E-5
1.1154799722E-4
4.3717061635E-5
-7.4166955893E-5
-1.4690501848E-4
-1.1903784470E-4
-5.9533410241E-5
1.8146284856E-5
7.2560179980E-5
1.1160646100E-4
1.1815186590E-4
8.9874013794E-5
4.3845281471E-5
-2.3705651983E-7
-2.5337061379E-5
-1.3353803661E-5
-2.3443589452E-5
1.1991127394E-5
3.6807334981E-5
4.2252708226E-5
4.6232983004E-5
4.3386663309E-5
3.4643721301E-5
2.4061754811E-5
1.3537495397E-5
1.3278773986E-5
1.4858343638E-5
1.1426024139E-5
1.4095578808E-5
2.4201313499E-5
1.6407424118E-5
2.2665446158E-5
1.8717302009E-5
2.1013082005E-5
2.5562709197E-5
4.4009136036E-5
4.0383345913E-5
4.0259421803E-5
4.3543381616E-5
2.1230266429E-5
7.0313224569E-6
-1.1944212019E-5
-8.0495025032E-6
-7.5757969171E-6
2.4899945128E-5
5.2962068003E-5
7.8203622253E-5
9.7216607539E-5
6.9736549632E-5
1.8228054978E-5
-4.3698947411E-5
-7.1168248541E-5
-7.5996166563E-5
-9.1126188636E-6
4.8533442896E-5
7.8924186531E-5
8.4525020796E-5
8.2647916863E-5
3.9862690027E-5
6.0504535214E-6
-2.5716563686E-5
-1.5709735453E-5
7.4529089036E-8
1.4621613082E-5
2.7425703592E-5
3.4426478668E-5
7.8008603306E-5
1.5182499774E-4
1.8653230509E-4
-4.6738935635E-5
-3.8487025304E-4
-4.7690261854E-4
-2.2193224868E-4
2.7147525688E-4
4.1569924216E-4
2.3758762981E-4
9.6900854262E-5
1.3963156380E-5
-1.7304369248E-5
-2.5420379824E-5
-1.2636790052E-5
-3.4814700485E-6
1.7659156583E-5
1.5370873734E-5
3.4691311884E-5
5.0501222722E-5
6.1752123293E-5
4.9196498003E-5
4.0251493919E-5
2.0387989934E-5
-1.2226414401E-5
-2.9882031958E-5
-3.6105967592E-5
-4.8258691095E-6
4.0564965457E-5
9.4244955109E-5
1.6067643883E-4
1.5995075228E-4
8.1401085483E-5
-6.1900762376E-5
-1.1567481561E-4
-1.3507661643E-4
-9.5434451944E-5
-1.6456877347E-5
6.5182801337E-5
1.0648238240E-4
1.2085527414E-4
9.5837248957E-5
5.4408691358E-5
3.1718250829E-5
1.9139959477E-5
5.0127273424E-7
-2.8273358475E-5
-4.3684279081E-5
-2.0027859137E-6
5.3428055253E-5
9.3817815653E-5
8.3993212322E-5
7.8380678318E-5
4.5539229176E-5
-2.2804387845E-5
-8.7967759466E-5
-1.2342471163E-4
-1.3941166690E-4
-3.3675320446E-5
1.3006391236E-4
2.5256144581E-4
2.8548208065E-4
2.2844873601E-4
9.7869639287E-5
-4.2839534581E-5
-1.4824720565E-4
-1.7268944066E-4
-1.3727723854E-4
-4.6545721125E-5
5.0700502470E-5
1.2969661038E-4
1.7530804034E-4
1.4635425759E-4
1.0558686918E-4
1.8701597582E-5
-5.4801860825E-5
-9.3456241305E-5
-8.7750179230E-5
-5.1234150306E-5
3.4832162783E-6
6.9541996347E-5
1.0591378668E-4
1.2616711901E-4
9.5112307464E-5
5.0433061551E-5
-7.4411509559E-7
-4.2831699829E-5
-6.2920036727E-5
-5.1896367223E-5
-1.4954956714E-5
2.5324907619E-5
7.8146334274E-5
9.3151174954E-5
7.9417601230E-5
6.4198439942E-5
2.2199959494E-5
-2.4174689315E-5
-3.8379337638E-5
-4.1197880637E-5
-1.4923990239E-5
2.0494544878E-5
2.4414062500E-5
5.7199166622E-5
7.7754817905E-5
6.8520533388E-5
3.3863831776E-5
-1.4926423319E-6
-2.2285862360E-5
-3.4882326145E-5
-1.4985981397E-5
7.0073525422E-6
3.1785503960E-5
5.5269652512E-5
6.3856574708E-5
5.8098323644E-5
4.9144553486E-5
1.6804889310E-5
1.6591977328E-6
-1.1442997493E-5
-4.9174996093E-6
2.3185741156E-6
2.2834318224E-5
4.2045873123E-5
4.7303247266E-5
4.6837981790E-5
3.7579005582E-5
2.6919343508E-5
2.1629023831E-5
8.1364414655E-6
5.7982746512E-6
5.2273040638E-6
1.0340637527E-5
2.2186001297E-5
3.3422803970E-5
4.2574922554E-5
4.4899620116E-5
4.7412421554E-5
3.1015323474E-5
1.2426124886E-5
6.1542028562E-6
-1.0845018551E-6
9.8752323539E-6
2.4766556452E-5
3.6708277184E-5
3.3888430334E-5
4.1431665886E-5
5.0191569608E-5
3.3668579999E-5
2.9416440520E-5
1.7203355674E-5
1.1566618923E-5
6.2014092692E-6
1.3755133841E-5
2.2981537040E-5
4.2650115210E-5
3.7436978890E-5
4.6314031351E-5
3.0793726909E-5
2.8192973695E-5
1.6558705829E-5
1.4605082106E-5
1.6514491290E-5
2.5777181144E-5
2.7879734988E-5
3.0748744029E-5
2.4414062500E-5
5.1311519928E-5
4.2883341666E-5
2.3294088896E-5
-3.1973817386E-6
-3.0600337776E-5
-3.4483324270E-5
-1.6967253759E-5
1.1859147344E-5
4.0418328717E-5
6.0445023701E-5
7.1630661844E-5
6.5352115782E-5
3.9483758154E-5
-1.7538084648E-6
-3.8111244794E-5
-4.4779514428E-5
-3.6071438807E-5
-1.4388165437E-5
3.5147822927E-5
5.7405279950E-5
7.7419495213E-5
7.0646137467E-5
5.0614646170E-5
1.9590009469E-5
-1.1247000657E-5
-3.4875271376E-5
-3.3959292341E-5
-3.0522013548E-5
6.6496897489E-6
4.7094258480E-5
9.0018881022E-5
9.5695548227E-5
8.8953948583E-5
6.1883125455E-5
4.2644212954E-6
-4.0362845175E-5
-6.6051376054E-5
-4.9705558922E-5
-1.9043451175E-6
5.0607754383E-5
6.6341308412E-5
7.4531370775E-5
7.1954773740E-5
5.7427363936E-5
3.5073014442E-5
2.7494388632E-6
-2.6232586242E-5
-3.1708658207E-5
-2.3999973200E-5
4.6476139687E-6
5.4931815248E-5
9.6959667282E-5
1.1181454174E-4
9.7242195627E-5
7.2997808459E-5
1.5516136773E-5
-4.7581153922E-5
-7.1063509679E-5
-5.1673559938E-5
-2.6951229665E-5
2.7011928614E-5
9.5265067650E-5
1.4718690654E-4
1.5495375264E-4
1.2181565398E-4
6.0427072458E-5
-4.3356255628E-5
-1.2987623922E-4
-1.7143979203E-4
-1.3685538433E-4
-4.5491685160E-5
1.0090090800E-4
1.9542039372E-4
2.2741032299E-4
2.4414062500E-5
1.2248997809E-4
-3.4356978722E-5
6.0605851468E-5
2.0446688868E-4
2.2922393400E-4
1.8498414429E-4
9.0922671373E-5
-1.5712785534E-5
-9.0149894825E-5
-9.3750946687E-5
-7.6510373039E-5
-2.3364298977E-5
3.1320506241E-5
7.5165845921E-5
9.6126494466E-5
1.0387788061E-4
7.1413675324E-5
3.0924822203E-5
-5.9061916545E-6
-1.5966664068E-5
-1.8393585924E-5
-1.3311032671E-5
1.4974374790E-5
2.3705046623E-5
4.8066349700E-5
5.7830777951E-5
4.3576490134E-5
4.3230759911E-5
2.7946406043E-5
2.5447213556E-5
1.5494530089E-5
1.8699502107E-5
2.0235648844E-5
2.4634378496E-5
1.2079789303E-5
4.8913643695E-6
1.2249068823E-5
1.5245808754E-5
3.3203826751E-5
4.6225939877E-5
6.3635176049E-5
7.4284186124E-5
4.7288322821E-5
3.1407806091E-6
-2.6912661269E-5
-3.8078369106E-5
-6.0308142565E-6
1.9515433814E-5
4.5109400525E-5
7.2707782967E-5
6.7971367390E-5
4.3338094838E-5
2.2125185933E-5
1.3899873011E-6
8.2709593698E-7
2.2988300770E-6
7.0809037425E-6
1.3883854263E-5
1.5230069403E-5
4.1307904757E-5
6.0749670956E-5
7.9319672661E-5
7.9563399779E-5
1.6930489801E-5
-1.1610942893E-4
-2.2350243526E-4
-1.4862088719E-4
1.2715500779E-4
4.6384872404E-4
5.3410998079E-4
3.0082616722E-4
3.7685642018E-5
-1.0376221035E-4
-1.2305682757E-4
-8.6831778757E-5
-2.9195041861E-5
1.7805199604E-5
5.5769097525E-5
6.4722774551E-5
6.4997316807E-5
6.0848728755E-5
3.8507219869E-5
2.2122054360E-5
-6.1640748754E-7
-1.7977121751E-5
-1.7164892051E-5
-1.8100009765E-5
1.8728931900E-5
3.8237345870E-5
7.3104572949E-5
8.6806062611E-5
8.3485909275E-5
5.5426661856E-5
1.1294020806E-5
-4.6765035950E-5
-9.9128251895E-5
-1.0619701352E-4
-4.8772513401E-5
6.6013459583E-5
1.4123170404E-4
1.5104109189E-4
1.3468099059E-4
6.9130165504E-5
-4.4954358600E-6
-6.4516754357E-5
-6.5494957381E-5
-4.8596586566E-5
-1.2711400632E-5
1.9653432537E-5
4.4988375157E-5
5.3896778264E-5
4.2219820898E-5
5.7056429796E-5
4.9674662295E-5
1.4107197057E-5
-1.4884700067E-5
-1.5136017464E-5
-4.2539089918E-6
6.7426939496E-6
2.0096788648E-5
4.2356376070E-5
5.3834810387E-5
8.5370254241E-5
8.5759803190E-5
3.2093608751E-5
-7.3196843735E-5
-1.8754368648E-4
-1.9625248387E-4
-1.2635471066E-4
4.6630960423E-5
1.8595474539E-4
2.5610805023E-4
2.3330922704E-4
1.3952568406E-4
2.6558164972E-5
-7.1806728378E-5
-1.2240060605E-4
-1.2455080869E-4
-7.2107114831E-5
1.6312813386E-6
7.8996201049E-5
1.3350404333E-4
1.4413023600E-4
1.2224907987E-4
5.8468093630E-5
-4.6754721552E-6
-5.0974509213E-5
-7.8556558586E-5
-5.5485754274E-5
-1.6092776787E-5
3.8721773307E-5
8.2898756959E-5
1.1336830212E-4
9.4762502707E-5
6.7570293324E-5
2.2739043924E-5
-2.2583012469E-5
-3.7486513610E-5
2.4414062500E-5
-3.9931910578E-5
1.9607576541E-5
6.5857358278E-5
8.0831849487E-5
9.0717512651E-5
7.1693526117E-5
3.3173779956E-5
-3.2668700442E-6
-1.8149591051E-5
-2.8435769490E-5
-1.4014425687E-5
6.6712033005E-6
4.2335095349E-5
6.6587305629E-5
7.2092562915E-5
6.2736170367E-5
4.1333481203E-5
1.3698718976E-5
-5.9426529337E-7
-1.5980796888E-5
-1.2447428890E-5
5.5666198023E-6
3.6789942532E-5
4.1852123104E-5
5.3397472948E-5
5.1429495216E-5
3.8713950198E-5
3.3187516964E-5
1.5216355678E-5
1.0158715304E-5
3.5763019696E-6
6.9070491009E-6
2.1043210290E-5
1.9445922225E-5
3.8147682789E-5
4.4984312262E-5
5.1908066962E-5
3.6640220787E-5
3.2577046658E-5
1.6934867017E-5
9.3891285361E-6
1.2560037431E-5
1.3686728198E-5
3.1746400054E-5
3.8467277772E-5
3.7316570523E-5
3.4842162858E-5
2.0425277762E-5
4.4583948329E-5
3.7267024162E-5
2.7911562937E-5
1.2211594731E-5
4.7741923478E-7
6.1128404923E-6
2.1134910639E-5
3.3344619441E-5
3.9909943006E-5
4.3788633774E-5
4.2693119030E-5
2.8272485360E-5
2.9049383010E-5
1.2761226390E-5
1.4453346375E-5
1.8189754337E-5
2.5527295656E-5
2.9618374536E-5
5.6757486891E-5
5.8461318259E-5
4.9179326743E-5
2.1510408259E-5
-4.8056594097E-6
-2.0991393830E-5
-2.3383845109E-5
-2.3177359253E-5
-1.4471355826E-6
3.8856279570E-5
5.9306574985E-5
7.0115330165E-5
6.4019404818E-5
4.7107180581E-5
9.9350814709E-6
-3.0477892141E-5
-4.7574040945E-5
-4.1989597957E-5
-1.4655210543E-5
2.5448366068E-5
6.6242343747E-5
8.4027496636E-5
8.7699887811E-5
4.4244132005E-5
1.4601775911E-5
-1.5204399824E-5
-2.7075840625E-5
-1.6299355775E-5
-6.2478939071E-6
1.2027285993E-5
4.9050804227E-5
6.7450141071E-5
7.7969429552E-5
7.5299083259E-5
2.4414062500E-5
5.1176862325E-5
-1.6315560788E-5
-4.3637643102E-5
-3.7788879126E-5
-1.2106040958E-5
2.4772307369E-5
8.0621347299E-5
1.0716250399E-4
1.1617108248E-4
9.1660139153E-5
4.7726707998E-5
-1.8084351904E-5
-6.4400373960E-5
-8.5583678449E-5
-5.9267564212E-5
-5.7832687161E-6
7.0669350682E-5
1.2402782450E-4
1.2585655786E-4
9.7981560978E-5
4.4360908214E-5
3.5132397898E-6
-2.5105569511E-5
-3.8972054608E-5
-5.1255139989E-5
-2.8377631679E-5
2.5895051658E-5
8.4911135493E-5
1.2988777598E-4
1.3339443831E-4
1.1004720582E-4
2.9639690182E-5
-4.2087642942E-5
-7.1278726684E-5
-7.3701795192E-5
-6.5726821776E-5
-2.5344488676E-5
6.9275172428E-5
1.6432284610E-4
2.0226717461E-4
2.0488043083E-4
1.1879487429E-4
1.2851902284E-6
-1.2065928895E-4
-1.6710343771E-4
-8.6968648250E-5
4.7908804845E-5
1.1504484573E-4
2.9135914518E-5
-1.1453049956E-4
-2.0360398339E-4
-1.8535143463E-4
-8.2998082510E-5
2.0899111405E-5
1.2545969803E-4
1.6634661006E-4
1.5639078338E-4
1.1073363712E-4
3.8328347727E-5
-2.6526127476E-5
-6.2343350147E-5
-6.5935938621E-5
-5.0756731071E-5
2.2325199097E-6
3.2774475403E-5
6.4896943515E-5
7.7861046887E-5
6.9805246314E-5
3.5822938661E-5
2.9233540407E-5
4.9726571889E-6
-5.8180885390E-6
-8.2922633737E-8
5.5753043853E-6
2.3729924578E-5
2.6387802790E-5
2.8208177536E-5
1.7703219782E-5
2.7330534066E-5
2.8142728842E-5
4.7819479369E-5
6.5055442975E-5
5.9901888017E-5
3.1410367227E-5
-3.7888879886E-6
-1.8452364020E-5
-2.5785993788E-7
2.3638340644E-5
4.8705504742E-5
5.9605226852E-5
4.4176680967E-5
3.9268040563E-5
2.3135379887E-5
5.8188685216E-6
-6.9103320130E-6
-3.0545284971E-6
5.6527787820E-6
3.0919257551E-5
2.7007248717E-5
2.5860173627E-5
3.3196841831E-5
4.6714674681E-5
3.7745991721E-5
3.7300412076E-5
4.4358498417E-5
1.3658171520E-5
-2.6750261895E-5
-5.4149853532E-5
1.9528181292E-5
1.7388322158E-4
3.2489765435E-4
2.8982800431E-4
1.0187324370E-4
-8.4312947003E-5
-1.4077550731E-4
-1.5592116397E-4
-9.0165820441E-5
-5.9930142016E-6
6.9070793690E-5
1.2145501096E-4
1.1832210003E-4
9.4202789480E-5
4.5020040125E-5
8.5350591689E-6
-2.3152225185E-5
-2.3616151884E-5
-1.8563366029E-5
5.8370409533E-6
1.9214965868E-5
5.6362897158E-5
7.4749579655E-5
7.7890011018E-5
7.3853041978E-5
3.7031515966E-5
2.4297751951E-5
-2.1379254758E-5
-4.0747749153E-5
-3.8254016544E-5
-1.2954417616E-5
3.8822379429E-5
9.5692079051E-5
1.3649293687E-4
1.3776032720E-4
8.5772154855E-5
1.1858541984E-5
-7.1457342713E-5
-1.0380325839E-4
-8.0173171592E-5
-2.8236117213E-5
4.0169293060E-5
7.6844997241E-5
9.1866229197E-5
8.8625191714E-5
6.8852282131E-5
1.9707402680E-5
-2.8292299248E-6
-2.7420988771E-5
-1.2798479292E-5
-2.4305307306E-6
9.0360990726E-6
2.0842335652E-5
4.6339584514E-5
7.1022275372E-5
5.3920550272E-5
4.4565577991E-5
1.3057910837E-5
2.0994455553E-6
-6.8407040090E-6
-1.2751086615E-6
3.6329147406E-6
1.0385562200E-5
-3.1283940189E-6
-2.1858920808E-5
1.0454328731E-6
5.6051462889E-5
8.1533403139E-5
-2.1961284801E-5
-1.8206703244E-4
-2.5559866335E-4
-1.8447408220E-4
-3.9327435661E-5
1.0352726095E-4
2.0531725604E-4
2.1243914962E-4
1.6292311484E-4
7.2097929661E-5
-1.7470738385E-5
-9.7735994497E-5
-1.1819539359E-4
-8.4369315302E-5
-3.3212266862E-5
4.5893143397E-5
8.5983728060E-5
1.1662708130E-4
1.1481649708E-4
6.9982651623E-5
1.7904653214E-5
-2.6449863798E-5
-5.3916568868E-5
-5.2200199571E-5
-3.0814169439E-5
1.5487358905E-5
5.8451411315E-5
7.9365167770E-5
7.9429382463E-5
7.8498711813E-5
3.7317373789E-5
1.0131602176E-5
-2.3536302614E-5
-3.9050891064E-5
-2.8275779913E-5
9.3709328212E-6
3.2517721410E-5
5.5284053088E-5
6.8483583165E-5
6.7312468310E-5
3.4647400024E-5
2.0351237617E-5
-3.2855197787E-6
-1.4067324810E-5
-1.9168423023E-5
-1.3570417650E-6
2.1961319726E-5
4.7618756070E-5
5.8230571449E-5
5.9217459057E-5
5.0389848184E-5
3.2599666155E-5
1.5334552154E-5
3.9407168515E-6
5.1368610002E-6
4.6557979661E-7
1.1949194595E-5
2.9110175091E-5
2.9457977507E-5
4.7050858848E-5
5.8994581923E-5
3.8626103196E-5
3.6682887002E-5
1.2735929340E-5
3.3742981031E-6
2.1612970158E-6
1.3969140127E-5
2.2415153216E-5
4.0995504241E-5
4.5107665937E-5
4.2414478957E-5
3.2639689743E-5
2.8673512860E-5
1.6722606961E-5
1.4514173381E-5
1.0176701471E-5
1.4847808052E-5
2.6052491738E-5
3.6062335129E-5
3.5243842284E-5
3.9509613998E-5
3.5342096816E-5
2.0828074775E-5
7.7302800492E-6
2.4017877876E-5
4.7150044702E-5
3.3171672839E-5
9.4634131529E-6
6.6726817750E-6
2.0579516422E-5
4.4789852109E-5
5.4222962354E-5
4.1408045217E-5
1.7183169257E-5
-1.7398502677E-5
-1.4634174295E-5
-2.5389762595E-5
-1.8481852021E-5
8.7698106655E-6
3.3030717167E-5
6.3132226933E-5
7.2665570771E-5
6.5686262680E-5
4.0978612378E-5
1.4641007874E-5
-2.5432475376E-5
-4.7046307009E-5
-2.9248872305E-5
-2.3669796065E-6
2.6965956203E-5
6.4654543531E-5
8.8157469875E-5
8.0339715353E-5
6.3599331771E-5
1.6992713790E-5
-1.7204042524E-5
-4.2336795013E-5
-2.7619139291E-5
-4.7497334890E-6
2.3322901687E-5
5.5389571935E-5
7.1030261463E-5
8.4689201324E-5
6.7043304445E-5
4.3430121150E-5
1.0952632874E-5
-1.5715940390E-5
-2.7742749079E-5
-2.4304213002E-5
-6.9328700192E-6
2.2760301362E-5
6.5858638846E-5
9.1062299909E-5
1.0289431084E-4
8.1174133814E-5
3.8694171235E-5
-7.9680467024E-6
-4.6982965433E-5
-6.8092579024E-5
-3.7100631743E-5
-1.1827587150E-5
5.0554086920E-5
1.0181755061E-4
1.3222560519E-4
1.2358945096E-4
8.9112750723E-5
6.4171268605E-6
-5.6668824982E-5
-9.5270515883E-5
-1.0998940561E-4
-6.1917072163E-5
1.5350454487E-5
1.1094397633E-4
1.6348238569E-4
1.5006968752E-4
9.8425545731E-5
2.7638382743E-5
-3.3675041049E-5
-6.4193888103E-5
-8.0158619678E-5
-6.0574093368E-5
-1.4270504471E-5
7.3838594837E-5
1.5667724656E-4
1.7603593879E-4
8.5362093526E-5
2.3252679966E-5
2.5695189832E-7
-6.7571061665E-5
-1.2655846076E-4
-1.4046150027E-4
-6.8390695380E-5
2.9314775019E-5
1.2758747907E-4
1.5451447107E-4
6.7762751134E-5
-6.9142738359E-5
-1.1519705877E-4
-1.0249204934E-5
1.3808634831E-4
2.4076802656E-4
2.4676610483E-4
1.6268353211E-4
5.9141800739E-5
-4.6221737285E-5
-1.1164143216E-4
-1.2479095021E-4
-8.0392824022E-5
-1.8089939840E-5
6.2141672243E-5
1.0890915292E-4
1.1207618518E-4
1.0105487891E-4
6.5483490472E-5
1.7672730610E-5
-1.9847229123E-5
-3.6641908809E-5
-2.5452254340E-5
-3.7409132346E-6
2.2712012287E-5
4.2261625640E-5
5.0090264995E-5
5.1538529806E-5
4.4049194548E-5
4.0655932389E-5
4.3844711035E-5
4.3282797560E-5
2.3416662588E-5
5.6949909777E-6
-1.1139980052E-5
3.9502861910E-6
1.3999384828E-5
3.1395873519E-5
6.0045614373E-5
5.1275396254E-5
3.2235914840E-5
2.5730510242E-5
1.7468933947E-6
3.6017736420E-7
-1.1094892398E-5
-4.3520587497E-6
2.4414062500E-5
4.1011988651E-5
4.6902289614E-5
3.4513289574E-5
3.3021706621E-5
3.4095428418E-5
1.1786469258E-5
9.6342759207E-6
8.0062309281E-6
1.9221799448E-5
1.5687418636E-5
6.9702509790E-7
2.6676664128E-5
8.3535828164E-5
1.4171617804E-4
1.5794457868E-4
8.1273796970E-5
-5.9738452547E-5
-1.2818569085E-4
-1.3125558617E-4
-8.2699826454E-5
-7.7425152995E-6
4.5796111226E-5
6.7114492414E-5
8.2188332455E-5
7.9880259002E-5
6.0488143937E-5
2.5614758487E-5
3.4621916714E-7
-1.1151668150E-5
-2.6060256641E-5
-1.6911758575E-5
2.2768217604E-5
5.8522576001E-5
9.6112350003E-5
1.0654031066E-4
8.2019879485E-5
3.8207182660E-5
-3.6406097933E-6
-2.0372425206E-5
-3.6803726106E-5
-2.8287153691E-5
-2.1598767489E-6
2.7716578915E-5
5.3538719658E-5
9.0354541319E-5
1.0697562248E-4
7.2915607600E-5
1.7110398039E-5
-3.9800710510E-5
-6.8012182602E-5
-7.3488301135E-5
-4.1656231042E-5
1.4891754836E-5
1.0226616869E-4
1.5385993756E-4
1.2853923254E-4
8.3189178261E-5
1.7424928956E-5
-2.1916755940E-5
-5.2426708862E-5
-4.4785987121E-5
-1.8381245900E-5
1.1466792785E-5
4.1714485268E-5
6.8126898261E-5
8.4398279435E-5
6.3165125903E-5
3.7766608875E-5
7.3720002547E-6
-5.8921636082E-6
-1.0430603288E-5
-1.8127472140E-5
-1.4826562256E-5
3.0221464111E-5
5.3237855901E-5
6.4626359381E-5
4.4894567691E-5
2.9862974770E-5
2.4414062500E-5
2.3731670808E-5
5.3680583369E-5
6.6244730262E-5
5.0581677351E-5
1.1855340563E-5
-3.1231029424E-5
-5.5806816091E-5
-4.4406601228E-5
3.5651749930E-5
1.1886520078E-4
2.8443755581E-5
-1.3856185833E-4
-2.2882027552E-4
-2.0788778784E-4
-9.3977653890E-5
3.0583911574E-5
1.3064070372E-4
1.7989634071E-4
1.6223270213E-4
9.7988010387E-5
1.9754155073E-5
-4.9737188966E-5
-8.5953797683E-5
-8.0858962612E-5
-4.3978309259E-5
7.9677207397E-6
6.4335158096E-5
9.6426787789E-5
1.0620368412E-4
8.0657273068E-5
4.1710026562E-5
-8.2938931885E-7
-2.7087749913E-5
-4.6816444956E-5
-2.6765326037E-5
3.6808662116E-6
3.2153131905E-5
6.9383659867E-5
7.5396290051E-5
6.9461949171E-5
4.8599834554E-5
1.8828257452E-5
-1.5478953719E-5
-2.3805315140E-5
-1.5008740593E-5
-3.0015013181E-6
3.4352391957E-5
4.3705315329E-5
6.0459447559E-5
6.1617791653E-5
5.2239082288E-5
3.0129624064E-5
1.8649676349E-5
-6.4669759014E-6
-1.8279184587E-6
8.3770602942E-6
8.7879248895E-6
2.0721950568E-5
4.0267244912E-5
5.3190428299E-5
4.2365537956E-5
4.4691667426E-5
2.9226194600E-5
2.0111037883E-5
9.2631205917E-6
8.6055370048E-6
-2.2185267881E-7
2.2527622058E-5
3.0675507150E-5
4.9396383110E-5
5.3612235934E-5
4.1033187881E-5
3.5439280327E-5
2.2614630870E-5
1.8983532209E-5
4.3822568841E-6
1.0900862981E-5
1.3246643357E-5
2.7134304400E-5
3.6109972279E-5
3.9615260902E-5
3.8893951568E-5
2.5009305681E-5
2.3234065156E-5
1.4423474204E-5
1.7133727670E-5
2.7682166546E-5
1.4547945466E-5
2.5829067453E-5
4.3300399557E-5
5.0904054661E-5
4.5464979485E-5
3.9176910649E-5
2.3484823759E-5
2.3949891329E-6
-2.0234507974E-5
-2.0873639732E-5
-1.7916876822E-5
4.5008957386E-6
2.3228384088E-5
5.3292431403E-5
6.5497716425E-5
6.7624053919E-5
3.7275766953E-5
2.9878923669E-6
-1.7473218031E-5
-3.6343862302E-5
-3.1255627981E-5
-9.8668504506E-6
2.7065188623E-5
6.2387716026E-5
7.8404729722E-5
8.1971113106E-5
6.2175327913E-5
2.5494070723E-5
-8.7369582616E-6
-3.8129545282E-5
-3.8761517498E-5
-3.2121781259E-5
1.1261459440E-5
4.9418385606E-5
6.5395201091E-5
7.7113148293E-5
5.9062440415E-5
3.3681711647E-5
1.4222285245E-5
-1.4026241843E-5
-2.9028335120E-5
-1.7274962738E-5
-3.5680131987E-6
2.6590109336E-5
5.2262563259E-5
8.3913828715E-5
9.5648365097E-5
7.3974439876E-5
4.1702832095E-5
-8.3368504422E-7
-4.1739700828E-5
-4.3696525972E-5
-2.6235764380E-5
-6.1891973019E-6
4.1229964699E-5
8.4636348767E-5
1.2002798030E-4
1.1477173539E-4
7.2821974756E-5
1.4032307081E-5
-4.0016439743E-5
-5.1933957731E-5
-7.6528114736E-5
-4.7456647735E-5
2.6008288841E-5
8.1534555649E-5
1.4653655235E-4
2.4414062500E-5
1.5927870991E-4
6.2573060860E-5
-2.9978516977E-5
-1.0750059737E-4
-1.4312366256E-4
-1.2099486776E-4
-4.1025783867E-5
7.6898687987E-5
1.6630936880E-4
1.8784262939E-4
1.5845990274E-4
8.0031831752E-5
-1.2021278963E-6
-8.2464469599E-5
-1.3300096616E-4
-1.3924493687E-4
3.5343458877E-6
9.1650662946E-5
1.0853334097E-4
1.3379951706E-4
1.4234209666E-4
9.0427999386E-5
-2.4870620109E-6
-6.8448041567E-5
-1.0976055637E-5
1.3362255413E-4
2.4503048044E-4
2.0760020707E-4
9.3713006938E-5
-5.8715383057E-5
-1.7261699541E-4
-2.0377875772E-4
-1.4258786105E-4
-4.0170433931E-5
5.5824709125E-5
1.3744878815E-4
1.8073603278E-4
1.4373722952E-4
8.3125103268E-5
1.1524662841E-5
-3.8238428533E-5
-5.4753676523E-5
-3.7942966448E-5
-3.4501519985E-5
1.4863954857E-5
4.4117891229E-5
5.6510034483E-5
5.9748603963E-5
6.8999361248E-5
6.1321665999E-5
5.2863801830E-5
3.0407786834E-5
4.6365894376E-7
-1.2839480769E-5
-1.9083160441E-5
1.3990793379E-7
3.4049211535E-5
6.2200473622E-5
7.3464342860E-5
5.7181087323E-5
5.1859719679E-5
5.4791918956E-6
-8.3563150837E-6
-1.3191008475E-5
-1.2420082930E-5
-1.0198145174E-5
5.5167358369E-6
4.7288055066E-5
5.8727606666E-5
5.4686982185E-5
3.6344712134E-5
2.8028804808E-5
1.2114364654E-5
-2.8448994271E-6
2.8666923754E-6
1.0058074258E-5
1.4655862469E-5
2.1460675634E-5
3.2475357874E-5
5.3570396267E-5
7.5288233349E-5
8.8628439701E-5
5.0035386812E-5
-1.9254989456E-5
-8.8634865826E-5
-1.1865998385E-4
-9.6147856677E-5
-4.0603335944E-7
7.3370512111E-5
1.0832326953E-4
1.0459297337E-4
7.6790445020E-5
4.6803080477E-5
2.8409168589E-5
3.7119956687E-6
-3.5075587221E-6
1.1437106877E-6
1.7138663678E-7
1.4701019973E-5
4.0962069760E-5
3.4218595828E-5
3.9575889240E-5
4.7522003297E-5
5.2600272466E-5
2.1397485397E-5
3.2512238249E-6
-2.3090443573E-5
-3.7622614763E-5
-1.0923726950E-5
2.2344605531E-5
7.7337305995E-5
8.9049746750E-5
8.0908089881E-5
7.2861032097E-5
3.2107415608E-5
-1.7075194046E-5
-6.2608276495E-5
-6.8528961858E-5
-3.6153872497E-5
1.2954010163E-5
6.2054221053E-5
1.0742929299E-4
1.1571759824E-4
9.5047801736E-5
3.4464732743E-5
-2.8920231852E-5
-7.1292859504E-5
-9.9607463929E-5
-7.5383589140E-5
1.0069750715E-5
5.3346250206E-5
9.6331606621E-5
9.1525039173E-5
6.6572020297E-5
3.6123453173E-5
5.4058502429E-6
-3.3563375472E-5
-3.8590095937E-5
-3.0713784508E-5
-5.8131641708E-6
3.8773554842E-5
6.3034857159E-5
6.8139692305E-5
7.8308361119E-5
5.6411477272E-5
2.6628538034E-5
-7.4013601989E-6
-1.6036897432E-5
-7.6713040471E-6
3.0256574973E-6
2.3316370788E-5
2.7007679454E-5
3.3346319105E-5
1.2682587840E-5
9.3658338301E-6
1.2651400175E-5
3.7595594767E-5
7.1863748601E-5
8.6927320811E-5
8.1842998046E-5
4.3341994751E-5
-2.2527528927E-7
-5.9367925860E-5
-5.9184711427E-5
2.8006860520E-5
1.1524885194E-4
7.9803587872E-5
-6.6234869884E-5
-1.6136709601E-4
-1.7675124109E-4
-1.1092422064E-4
-7.5269490481E-6
8.7428861300E-5
1.3559533981E-4
1.4646162745E-4
1.1238736333E-4
5.8378663380E-5
-3.5087112337E-6
-5.7543534786E-5
-6.4726150596E-5
-4.5249110553E-5
-7.1994843893E-6
3.2130500766E-5
7.6289277061E-5
9.5997005703E-5
7.9105258921E-5
5.8233202436E-5
1.6879045870E-5
-6.1601749621E-6
-2.6993674691E-5
-2.9313343111E-5
-4.7287903728E-7
2.3166101891E-5
5.5612355937E-5
5.9814890847E-5
6.6024344416E-5
6.3327071258E-5
3.6817544605E-5
1.1863734108E-5
-3.4503173085E-7
-1.1345022358E-5
-3.2020732760E-6
1.9720394630E-5
3.3577543217E-5
3.7846982013E-5
4.9479049631E-5
4.2404083069E-5
4.4170313049E-5
3.1639926600E-5
1.5615613665E-5
1.2307986617E-5
5.7003926485E-7
8.5457111710E-6
1.5977991279E-5
3.0047551262E-5
4.0316313971E-5
5.3186865990E-5
5.9133896139E-5
4.1366007644E-5
3.0789058655E-5
1.3006140944E-5
4.2975414544E-6
9.9009252154E-6
1.8229708075E-5
2.7011008933E-5
3.5837420727E-5
4.4748780783E-5
4.7009869012E-5
3.5778817254E-5
1.6816495918E-5
1.4316686429E-5
1.7277803272E-5
1.7674977425E-5
1.5382852871E-5
2.5138037744E-5
3.3027725293E-5
6.5840466414E-5
5.6991842576E-5
4.2639987077E-5
1.7742707860E-5
-3.9954902605E-7
-1.6665994190E-5
-2.8356257825E-5
-2.1434877999E-5
-3.4289783798E-6
3.9890129119E-5
6.4054131508E-5
7.0782948752E-5
6.1716407072E-5
3.4879811573E-5
4.1450839490E-6
-2.0645465701E-5
-3.5671854857E-5
-2.7946347836E-5
-2.4772831239E-6
1.6689940821E-5
6.3107372262E-5
7.2449387519E-5
8.5683644286E-5
6.7008624321E-5
3.6166561767E-5
-1.3987382408E-5
-3.6882306449E-5
-3.8292235695E-5
-2.7580652385E-5
7.6009891928E-6
6.0271157418E-5
9.1230368709E-5
1.0517166229E-4
8.5070694334E-5
4.6712066978E-5
7.2924769484E-6
-2.9989273752E-5
-2.1257787011E-5
-7.6316064225E-6
9.8603195511E-6
3.0310987494E-5
6.1812903733E-5
7.8930158637E-5
7.4854376728E-5
6.6450494343E-5
3.8389360996E-5
3.9563397877E-6
-2.9084633569E-5
-3.7976575549E-5
-2.3827829863E-5
1.2285436969E-5
5.0791772082E-5
8.3209283185E-5
1.0045378004E-4
9.8421901932E-5
6.8903923968E-5
1.2776942458E-5
-3.2282341271E-5
-5.8840413113E-5
-6.2078575139E-5
-3.2125192228E-5
1.3497692999E-5
7.4376270643E-5
1.2533904519E-4
1.4049182646E-4
1.1091127526E-4
4.8636249266E-5
-1.7122505233E-5
-8.4223679736E-5
-1.2030671351E-4
-9.8908483054E-5
-3.8516591303E-5
5.6585739367E-5
1.4730243711E-4
2.1224273369E-4
1.9522791263E-4
1.2738208752E-4
8.8649103419E-6
-9.8434672694E-5
-1.8316298956E-4
-1.7855643528E-4
-1.0401490145E-4
2.1371827460E-5
1.4101610286E-4
2.4170830147E-4
2.2434687708E-4
6.0248770752E-5
-6.2278495171E-5
-7.0490210785E-5
-5.2639748901E-5
-2.2014905698E-5
7.4753083756E-5
1.7097996315E-4
1.2938630534E-4
-2.8098712209E-5
-2.0632642554E-4
-2.8194226324E-4
-2.3258386646E-4
-7.9724262470E-5
6.8285269664E-5
1.8897008849E-4
2.3610531353E-4
2.1047658520E-4
1.1967932805E-4
1.0285037570E-5
-7.6982297472E-5
-1.0705529712E-4
-9.6256821420E-5
-4.7758792062E-5
8.0664991402E-6
6.4334354830E-5
9.5721054824E-5
1.1507492745E-4
9.6485402903E-5
5.7724013459E-5
2.8017209842E-5
2.6582856662E-6
-2.0368478726E-5
-2.3175147362E-5
-2.7261150534E-5
-4.0583312512E-6
3.8704788312E-5
7.8874232716E-5
7.9190451654E-5
6.9505313879E-5
4.0017359424E-5
7.7004893684E-6
-1.2124504428E-5
-1.0567915160E-5
-2.6023294776E-5
-1.5382003039E-5
1.0635575745E-5
5.1096978132E-5
7.0308113938E-5
8.0758472906E-5
4.9846328329E-5
1.2565776706E-5
-1.0230124462E-5
-1.9041553605E-5
-2.1223002113E-5
3.4814933315E-6
2.2518273908E-5
3.6177027504E-5
4.4803391211E-5
6.0868100263E-5
6.1099696905E-5
7.1025535001E-5
4.2154593393E-5
-7.8653800302E-6
-4.1338615119E-5
-6.1300827657E-5
-5.7832070162E-5
6.4277672210E-6
6.0486618896E-5
1.2049234938E-4
1.2717817444E-4
1.0638263775E-4
4.2629416566E-5
-1.0468845721E-5
-3.4061167389E-5
-3.6638975143E-5
-1.0121066589E-5
1.2354110368E-6
3.4650904126E-5
3.9382046088E-5
5.1947578322E-5
6.0252624099E-5
4.8074277584E-5
4.8204103950E-5
1.4293042477E-5
9.1400579550E-6
-1.1254346464E-5
-2.2812746465E-7
1.2910447549E-5
1.9831047393E-5
3.5113887861E-5
4.9299711827E-5
5.1940267440E-5
5.0290289801E-5
4.3679645750E-5
3.0665355734E-5
9.6271163785E-6
-2.3356149904E-5
-4.7775031999E-5
-6.8182824180E-6
5.0110870507E-5
1.0895020096E-4
1.0626324220E-4
8.8800373490E-5
4.8360961955E-5
-1.3007910456E-5
-7.0349732415E-5
-8.4932486063E-5
-6.5715308303E-5
-1.2851448264E-5
5.4916902446E-5
1.0058633052E-4
1.1593579548E-4
1.1815284379E-4
8.4017449992E-5
2.6938738301E-6
-4.3755816296E-5
-6.5783504399E-5
-4.6191515867E-5
-7.8522250988E-6
3.0947744380E-5
8.0535572490E-5
9.1977464037E-5
9.4142253514E-5
8.0748542681E-5
2.8647040016E-5
-1.6677705571E-5
-3.8914300967E-5
-3.4609052818E-5
-1.8897373229E-5
1.4857575297E-5
3.7141155917E-5
6.9368781990E-5
6.2296446414E-5
5.1633012481E-5
3.1680543906E-5
1.6174430493E-5
1.1517549865E-5
1.7398723867E-5
2.4754751939E-5
2.0616117399E-5
1.9929860718E-5
1.6310333740E-5
-1.9073719159E-6
-3.2357871532E-6
1.4989636839E-6
1.8527568318E-5
4.7444587107E-5
6.9618911950E-5
7.8696908896E-5
6.0069584288E-5
2.6244448963E-5
-2.8720125555E-5
-5.0301093143E-5
2.9387639369E-5
1.2862465810E-4
1.1704269564E-4
-6.0552847572E-6
-1.1405942496E-4
-1.4268322848E-4
-9.9270895591E-5
-3.2882287632E-5
3.7714140489E-5
1.0438251775E-4
1.0939259082E-4
1.0432704585E-4
7.0021103604E-5
2.1041533909E-5
-1.9442522898E-5
-4.0201493538E-5
-3.4041819162E-5
-7.5575662776E-6
1.3895938173E-5
4.6649225987E-5
7.1671837942E-5
7.6102523602E-5
6.5304758029E-5
3.8511992898E-5
1.5885545872E-5
4.8236688596E-7
-1.0938954074E-5
-1.3307272457E-5
1.3420323376E-5
3.6722223739E-5
5.8073620313E-5
5.4835854099E-5
5.6116317865E-5
3.9185991044E-5
1.9219319801E-5
1.6975845210E-5
2.4002511054E-6
4.9689202570E-6
1.1398864444E-5
1.3569381554E-5
3.7887669168E-5
3.4120562486E-5
4.6316895168E-5
4.9717817455E-5
4.0222273674E-5
2.8506352100E-5
1.2487103231E-5
3.2105250284E-6
7.8939017842E-6
1.2229091954E-5
2.4671235587E-5
3.2900786026E-5
5.4345547687E-5
4.0027766953E-5
4.5021658297E-5
2.5125499814E-5
1.6707414761E-5
8.0233556219E-6
1.0254594963E-5
1.6956275795E-5
2.1963135805E-5
2.9449840075E-5
5.5973452982E-5
4.5161775779E-5
3.3123546745E-5
1.5759747475E-5
-7.0066889749E-6
-2.3824546951E-5
-3.0720338690E-5
-1.8663494848E-5
4.3891719542E-6
3.7442450411E-5
6.6749274266E-5
6.9376721514E-5
6.1174680014E-5
3.3641047775E-5
1.7818645574E-6
-2.3478525690E-5
-3.4955726005E-5
-3.6687951069E-5
-9.2105474323E-6
2.1220860071E-5
5.4285884835E-5
6.8923726214E-5
8.0606341364E-5
5.8204995003E-5
2.8730148914E-5
-6.8283407018E-6
-3.8434343878E-5
-3.7581264041E-5
-2.9488117433E-5
1.4720915351E-5
4.7870515846E-5
8.6762162393E-5
1.0412867414E-4
8.9913140985E-5
6.3298677561E-5
6.1839935369E-6
-2.9027694835E-5
-6.2048761175E-5
-4.4435728342E-5
1.6079866327E-6
4.0034647099E-5
6.9041713142E-5
7.3031790091E-5
6.9331878332E-5
6.2416342553E-5
1.9238027744E-5
5.4114498198E-7
-2.3395556490E-5
-3.0441314447E-5
-1.2895779218E-5
1.3783224858E-5
4.4258846901E-5
8.0577319024E-5
9.8166475074E-5
9.7609707156E-5
6.8388087676E-5
1.5676580369E-5
-3.1905923969E-5
-6.2425993384E-5
-5.8188464027E-5
-3.2112398184E-5
5.7848752477E-6
7.9413061033E-5
1.0781481397E-4
1.3119344367E-4
1.0949980933E-4
5.2037450951E-5
-1.4790904242E-5
-7.4251263870E-5
-9.3482935337E-5
-5.6077702904E-5
-2.7773133478E-5
5.2535545547E-5
1.3556452468E-4
1.7518367385E-4
1.5217550099E-4
1.2557271402E-4
1.9921432249E-5
-7.8319956085E-5
-1.6096094623E-4
-1.7417138443E-4
-1.1535952799E-4
-1.0945997201E-5
1.3337353011E-4
2.1724577528E-4
2.8915088623E-4
2.1663777297E-4
8.0654490741E-5
-9.2026276983E-5
-1.9556544721E-4
-9.1929582416E-5
8.3197408824E-5
1.8469491042E-4
1.4631965896E-4
3.5738013684E-5
-1.3357062126E-4
-2.7182905469E-4
-2.7454781811E-4
-1.2829412008E-4
6.7392759957E-5
2.3388871923E-4
2.9706939821E-4
2.5637958897E-4
1.5629172558E-4
2.0686059724E-5
-9.0759003072E-5
-1.4631977538E-4
-1.4403439127E-4
-7.1255257355E-5
2.6717432775E-6
8.5792248138E-5
1.3254331425E-4
1.4657860156E-4
1.1435832130E-4
5.4879637901E-5
3.2921088860E-6
-3.4354045055E-5
-5.4576853291E-5
-4.9706490245E-5
-2.4397904053E-5
2.0368478726E-5
4.7852226998E-5
8.4725243508E-5
8.6383544842E-5
7.2422577070E-5
4.5262696221E-5
1.4939345419E-5
-1.0306958575E-5
-3.0744145624E-5
-4.4057192281E-5
-3.7252926267E-5
-5.2580144258E-7
3.5381899215E-5
7.0472666995E-5
9.2797877735E-5
6.7139312160E-5
2.6041187811E-5
-1.1605536565E-5
-3.6484154407E-5
-1.6934738960E-5
-1.3843539636E-5
2.1547893993E-5
4.0997192263E-5
4.5512034558E-5
5.9688498732E-5
5.9041660279E-5
4.0464743506E-5
2.5465362705E-5
-1.2648059055E-6
-2.7943344320E-5
-4.7640921548E-5
-2.7499732095E-5
1.9545585382E-5
6.3184543980E-5
9.5745711590E-5
1.1200719746E-4
8.9143414517E-5
3.9609079249E-5
-1.8121674657E-6
-3.5747233778E-5
-5.1368249115E-5
-3.6690547130E-5
1.0522315279E-6
5.5969017558E-5
6.5423990601E-5
7.5900671074E-5
6.6890008749E-5
4.8875738867E-5
2.2275117225E-5
1.7899088562E-6
-8.7721622550E-6
-5.7156896219E-6
-7.2004273533E-6
1.5357916709E-5
2.7543934993E-5
5.4321077187E-5
6.8022054621E-5
5.7007290889E-5
3.9594946429E-5
2.1005305461E-5
6.4376392402E-6
-7.0956884884E-6
-7.0665730164E-6
3.8614962250E-6
8.7140244433E-6
2.5111692957E-5
3.9625004865E-5
7.0732808674E-5
6.7629758270E-5
5.1748461556E-5
2.7232570573E-5
9.9567580038E-6
-9.5664989203E-6
-2.9118079691E-5
-2.4669535923E-5
2.7150765526E-5
9.3502202074E-5
1.4336275635E-4
1.3490505516E-4
8.0484035428E-5
-4.6639819630E-6
-5.7756435127E-5
-7.3394214271E-5
-5.5611738936E-5
-1.7519749235E-5
7.6181488113E-6
7.0401828272E-5
1.3624500716E-4
1.3155841734E-4
7.2681088934E-5
2.3837003391E-5
-2.2570579312E-5
-5.5422447623E-5
-5.7158491110E-5
-2.6550050824E-5
1.5855184756E-5
6.3331797720E-5
7.6864717996E-5
7.7122880614E-5
5.8570608963E-5
2.8270739130E-5
1.6196037177E-5
-1.2742471881E-5
-3.3441931009E-5
-1.2827839237E-5
1.8022023141E-6
2.6514916680E-5
4.0412973612E-5
4.8602849711E-5
4.1421223432E-5
2.4916906840E-5
1.7490412574E-5
1.5114550479E-5
1.9484385848E-5
1.8239917699E-5
2.6779400650E-5
2.6281620375E-5
2.0963349379E-5
1.2764229905E-5
6.6231354141E-6
-8.5503212177E-6
6.9123459980E-6
2.8071587439E-5
7.3706323749E-5
8.0443057234E-5
8.4219337445E-5
3.8520316593E-5
-1.2881471775E-6
-2.0487303846E-5
3.8874044548E-5
1.4627131168E-4
1.3615991920E-4
4.8732361756E-5
-4.1152932681E-5
-9.3436252794E-5
-8.3782500589E-5
-4.4857885223E-5
6.3234823757E-6
5.7341193315E-5
9.8089780660E-5
8.7490258741E-5
7.4852758555E-5
4.5459158718E-5
1.8261536024E-5
-8.4711937234E-6
-2.6736548170E-5
-1.2818654068E-5
6.0155871325E-6
3.7748797330E-5
5.1532930229E-5
6.5423676280E-5
6.2075164169E-5
5.3772819229E-5
2.6636687107E-5
7.6266122052E-6
-2.9669958167E-6
1.9216444343E-6
6.5890257248E-6
2.4302559904E-5
3.3734203315E-5
3.5715382545E-5
4.6369223856E-5
5.0286646001E-5
3.2373599241E-5
2.7707929256E-5
2.4967466015E-5
1.8833077047E-5
-6.9059547969E-6
1.5534716658E-5
1.6813783441E-5
2.6375800370E-5
4.2048795148E-5
4.8302602954E-5
4.9983675126E-5
4.7475285828E-5
2.4295214097E-5
1.6218458768E-5
8.9403358289E-6
1.2958713341E-5
1.9489403348E-5
3.9135909173E-5
5.3634180222E-5
5.7993992233E-5
4.2235862929E-5
2.8020923491E-5
-1.2537813745E-5
-2.3695593699E-5
-2.4050299543E-5
-9.5673836768E-6
-3.5699224100E-6
3.8419361226E-5
5.6715763640E-5
7.0763891565E-5
5.2829168271E-5
4.4766638894E-5
1.2414203957E-5
-1.6839569434E-5
-2.6546535082E-5
-2.2378202993E-5
-6.2652048655E-6
1.6923388466E-5
6.1507604551E-5
8.0641894604E-5
7.8739703169E-5
5.1872502081E-5
2.8124079107E-5
-9.4041461124E-6
-3.1804374884E-5
-4.5724061784E-5
-2.9444391838E-5
1.5030952636E-5
5.3665251471E-5
7.3730258739E-5
1.0489418637E-4
8.8297284676E-5
4.7447427642E-5
3.7148827687E-6
-1.9410985987E-5
-5.5086729118E-5
-3.7106918171E-5
-3.0804565176E-5
4.0603766683E-5
7.1493396537E-5
1.2845026795E-4
1.3058322947E-4
8.2379137168E-5
2.7917220722E-5
-9.8878517746E-6
-3.0389952008E-5
-2.2637681104E-5
-8.2703540102E-6
1.9016629085E-5
4.5838730875E-5
7.0210371634E-5
8.7030930447E-5
8.3320238629E-5
6.9381843788E-5
1.4748424292E-5
-2.1222664509E-5
-4.4560304377E-5
-4.7883286607E-5
-1.2271106243E-5
2.0515278447E-5
6.4874661622E-5
1.0374066187E-4
1.1172513478E-4
9.6155225767E-5
4.5054615475E-5
-1.1084717698E-5
-6.0752243736E-5
-8.0857658762E-5
-7.0903357120E-5
-1.4627666678E-5
6.2020320912E-5
1.2583846692E-4
1.4980694977E-4
1.4521710109E-4
1.0998253711E-4
2.0821753423E-5
-5.1336758771E-5
-1.1835976038E-4
-1.4827330597E-4
-1.0860135080E-4
-9.8564429209E-6
1.1432479368E-4
2.2584012477E-4
2.5573901366E-4
2.2372228559E-4
1.0074133752E-4
-5.3402280901E-5
-2.0668940852E-4
-2.9950763564E-4
-2.4393728236E-4
-3.7293264177E-5
1.6572033055E-4
1.5551560791E-4
-5.2736850922E-5
-2.1848393372E-4
-2.6237604907E-4
-1.6565198312E-4
5.4760021158E-5
3.0027179745E-4
3.9840285900E-4
3.6523680901E-4
1.9936765311E-4
1.5542772599E-5
-1.2230086140E-4
-2.0368077094E-4
-1.8348875456E-4
-1.1422237149E-4
-2.4276319891E-6
8.7966676803E-5
1.6762739979E-4
1.7739494797E-4
1.3230004115E-4
6.0529657639E-5
-2.5969929993E-6
-5.8102980257E-5
-7.8189943454E-5
-5.9916952160E-5
-2.5656900834E-5
3.9335433394E-5
7.4231135661E-5
9.9985580892E-5
1.0906157550E-4
6.8940210623E-5
3.1834898981E-5
-1.2049102225E-6
-2.3263006005E-5
-2.9769353568E-5
-2.0841043442E-5
-1.7940078396E-5
-1.8684938550E-5
2.5080807972E-5
6.3362182119E-5
1.0455097072E-4
9.7797194032E-5
3.9191683754E-5
-1.9796704873E-5
-3.1953351572E-5
-3.9738009218E-5
-4.4253072701E-6
2.1676626056E-5
5.2641332150E-5
6.7447521725E-5
6.9568213078E-5
6.0448970181E-5
3.7798145785E-5
1.4703068882E-5
-5.0007714890E-6
-1.5649583656E-5
-3.7472543772E-5
-2.3170618806E-5
9.1561349110E-6
5.6876894087E-5
8.3693594208E-5
9.9060719370E-5
7.5453822502E-5
3.7890905514E-5
4.4759362936E-7
-2.3444311227E-5
-3.2315158750E-5
-2.9510329477E-5
-1.0912772268E-6
4.1321769822E-5
8.3899591121E-5
9.1780850201E-5
8.7762088517E-5
5.1191356033E-5
1.8544809427E-5
-1.9255094230E-6
-2.1698430646E-5
-1.7367734108E-5
-1.5792762860E-5
1.5239627101E-5
3.8090383168E-5
5.9956032783E-5
8.0427876675E-5
6.4095773270E-5
4.3388421181E-5
1.1625338811E-5
-1.5521422029E-6
-3.7609715946E-6
-1.6028271057E-5
6.7403423600E-6
2.0006438717E-5
4.1793927084E-5
4.7169148456E-5
4.6655256301E-5
3.6537379491E-5
3.0330102890E-5
2.4414062500E-5
-1.4134927187E-5
-2.5788380298E-5
-1.2265786063E-5
5.1670591347E-6
1.3249996118E-5
2.7363526168E-5
5.2339211107E-5
6.4908014611E-5
6.6826154944E-5
2.8935074805E-5
-2.3390457499E-5
-7.0783356207E-5
-6.7456020045E-5
-2.4794368073E-5
2.2776017431E-5
6.4118287992E-5
9.5299689567E-5
1.0732075898E-4
7.5071968606E-5
4.7217973042E-5
1.5806790907E-5
-1.5709979925E-5
-5.2174436860E-5
-6.3396745829E-5
-1.5598372556E-5
4.7154980711E-5
9.6823868810E-5
1.0494854068E-4
9.6423074141E-5
4.9430562649E-5
3.5506789572E-6
-3.1972094438E-5
-3.4157093614E-5
-2.7255644090E-5
7.5943884442E-6
3.0074722598E-5
5.4569158238E-5
6.7211105489E-5
5.0923402887E-5
4.5497901738E-5
2.0657398272E-5
4.7730398365E-6
3.1738309189E-6
2.3078988306E-6
2.4414062500E-5
2.1024630405E-5
2.8955063316E-5
3.9967184420E-5
3.4983467776E-5
3.1489762477E-5
2.9091606847E-5
2.3209548089E-5
1.3204349671E-5
2.3259245790E-5
2.3503205738E-5
2.5552767328E-5
2.8287875465E-5
2.2827449720E-5
1.5495135449E-5
-6.5392232500E-6
1.0644260328E-5
1.1701055337E-5
4.2529788333E-5
6.4168078827E-5
8.7162770799E-5
6.5674690997E-5
2.7971155941E-5
2.5515910238E-6
7.2427024137E-5
1.5617246972E-4
1.4506530715E-4
7.8484392728E-5
1.2110138778E-5
-3.5376485902E-5
-4.9038324505E-5
-4.2808253784E-5
-1.3601558749E-5
2.1888222545E-5
5.4562475998E-5
7.0308567958E-5
7.4426841459E-5
5.8183190413E-5
2.4266378022E-5
9.1359484941E-6
-5.6951772421E-6
-8.4761413745E-6
8.1607606263E-6
2.1690130233E-5
3.4779345150E-5
5.1681604236E-5
6.0133065563E-5
4.8204592895E-5
4.2088155169E-5
1.7862091772E-5
8.0792116934E-6
5.9640617111E-6
1.8124503549E-5
2.3602449800E-5
2.5935494340E-5
1.8154561985E-5
4.1467905976E-5
2.4414062500E-5
5.2569608670E-5
3.0275294557E-5
2.3633555974E-5
1.0266387835E-5
6.5077096224E-6
8.1844744273E-6
1.3277621474E-5
3.1109875998E-5
