<| "Configuration" -> <| "Acquisition device" -> "UHFLI",  "Start time" -> "10/26/2021 13:54:49",  "Finish time" -> "10/26/2021 15:47:00", "Comments" -> "" |>, "Dimensions" -> {<| "Name" -> "Frequency 1", "Start" -> 6.200000*^+9, "Stop" -> 6.800000*^+9, "Step size" -> 2.000000*^+6 |>, <| "Name" -> "DC Voltage 1", "Start" -> -6.600000*^+0, "Stop" -> -7.400000*^+0, "Step size" -> -5.000000*^-2 |>}, "DataInfo" -> <| "Measured Spots" -> 5.117000*^+3,  "Samples" -> 1,  "Segments" -> 1,  "dFactor" -> 1,  "Sampling Time" -> 7.111111*^-8|>|>
2.3442076053E-5
3.4897273871E-5
2.1305191330E-5
1.8014246598E-5
1.5643052757E-5
1.3220903929E-5
1.1821091175E-5
7.6592201368E-6
2.5580183137E-5
1.7446500715E-5
2.4890038184E-5
2.9804068617E-5
2.0094588399E-5
3.1577982008E-5
8.8768312708E-6
1.3650546316E-5
2.2162601817E-5
1.6969745047E-5
2.8795050457E-5
3.1263078562E-5
2.4909770581E-5
2.7164991479E-5
3.7437595892E-5
3.4440902527E-5
2.4077552370E-5
2.1375867072E-5
1.5329674352E-5
1.2952147517E-5
2.2586190607E-5
1.5547568910E-5
2.4414062500E-5
1.9738916307E-5
3.9878336247E-5
4.0356838144E-5
2.2425327915E-5
2.4414062500E-5
1.1854339391E-5
1.7172249500E-5
7.8616430984E-6
1.4190911315E-5
2.6697665452E-5
2.9435474425E-5
2.8476817533E-5
4.9454520922E-5
2.4783296976E-5
3.2612727954E-5
2.3473717738E-5
1.7979217227E-5
9.8458956928E-6
1.0767159983E-5
2.0816561300E-5
3.6817626096E-5
4.4512352906E-5
4.0026218630E-5
4.6985934023E-5
3.4080992918E-5
2.7067167684E-5
1.2040580623E-5
1.7780216876E-5
7.8925862909E-6
2.5154277682E-5
2.3092108312E-5
3.4270563628E-5
3.9677345194E-5
3.8390944246E-5
4.1356857400E-5
3.4586864057E-5
1.2563052587E-5
9.8682474346E-6
5.5627664551E-6
9.7543001176E-6
8.3322054707E-6
3.1164253595E-5
4.0990707930E-5
5.0658476539E-5
4.4542946852E-5
3.8077216595E-5
2.7380685787E-5
1.3773143291E-5
3.8606114686E-6
-7.6087191701E-6
6.1135389842E-6
2.6457989588E-5
3.8373284042E-5
4.1926361154E-5
5.9083267116E-5
4.9063097686E-5
4.6000105794E-5
1.8656044267E-5
1.0145525448E-5
-8.1803882496E-7
-8.5407518782E-6
6.6864304245E-7
1.7124228179E-5
3.5669177305E-5
5.2437395789E-5
4.8165128101E-5
5.8485649061E-5
2.5392603129E-5
1.5736301430E-5
-3.2088137231E-6
-1.1194380932E-5
-5.8265170082E-6
1.6009202227E-6
2.7192034758E-5
5.9702084401E-5
6.6484627316E-5
5.4561230355E-5
5.8916455601E-5
2.1956011187E-5
-3.9321719669E-6
-2.7291686273E-5
-2.3265846539E-5
-1.2850703206E-5
1.7389340792E-5
4.5366282575E-5
8.2191743425E-5
8.6719298272E-5
7.6641980561E-5
4.6715734061E-5
-7.5707328506E-6
-4.7137110960E-5
-7.5570121410E-5
-6.1632378494E-5
-9.2197442427E-7
7.7727215834E-5
1.3310593786E-4
1.3631596230E-4
1.0754244868E-4
3.5446614492E-5
-6.9940125105E-5
-1.3501343783E-4
-7.8092562037E-5
1.4252576511E-5
7.9798849768E-5
1.1069634929E-4
5.0932716113E-5
5.1430473104E-5
2.4414062500E-5
6.9789844567E-5
4.3608911801E-5
-1.3684201986E-5
-8.2892784851E-5
-1.6187464353E-4
-1.1181095615E-4
2.0073001506E-4
4.0478154553E-4
2.8133989544E-4
-2.9786641243E-5
-3.8948204602E-4
-3.5780699691E-4
-1.3434474822E-4
5.4557248950E-5
1.5684992541E-4
1.8272242742E-4
1.4855577610E-4
9.5517782030E-5
1.7284322530E-5
-3.0553143005E-5
-7.1391917301E-5
-7.3240336499E-5
-3.3832120243E-5
1.5095947310E-5
5.0665007439E-5
8.5520453288E-5
9.8173436712E-5
7.5269187803E-5
4.0012656245E-5
1.7274182755E-5
-1.8433469813E-5
-2.0457583014E-5
-1.7462554387E-5
-4.8773828894E-6
1.7304916400E-5
5.9152301401E-5
6.4370897600E-5
7.0633320140E-5
5.3445668891E-5
2.2449833340E-5
1.0866485536E-5
-3.7369900383E-6
-1.6818393487E-5
6.1837723480E-6
1.6900373157E-5
4.2199331801E-5
5.1945156884E-5
5.5331224576E-5
5.9766054620E-5
4.0868320502E-5
1.5362096019E-5
4.4993474148E-6
9.0666580945E-7
5.3466064855E-7
6.3403160311E-6
2.0867004059E-5
1.4697317965E-5
6.6682894250E-5
4.8433849588E-5
5.4680346512E-5
3.0524993780E-5
1.1055788491E-5
5.8336881921E-6
-3.5165809095E-6
5.0816102886E-6
1.8526928033E-5
2.7418392710E-5
4.0016311686E-5
4.6868843492E-5
4.4662354048E-5
4.5768066775E-5
2.5634269695E-5
1.9669998437E-6
3.4729833715E-6
6.2463805079E-6
1.1849717703E-5
1.9572780002E-5
3.9037212263E-5
5.4617761634E-5
4.3446396011E-5
4.0970789268E-5
2.8945202939E-5
1.5909387730E-5
1.2087146752E-5
3.6840327084E-6
7.1101589128E-6
1.2591970153E-5
1.9777310080E-5
3.3729418646E-5
3.4327688626E-5
4.6074169222E-5
3.3166294451E-5
2.3410865105E-5
1.3922643848E-5
3.5073840991E-6
9.2994188891E-6
1.1423614342E-5
2.1011242643E-5
3.1331018544E-5
3.5486987326E-5
4.4607440941E-5
2.9230176005E-5
3.2000744249E-5
2.0589900668E-5
1.5949259978E-5
9.4018178062E-6
1.0690931231E-5
2.3730273824E-5
3.3807766158E-5
3.5785126965E-5
4.1506171692E-5
3.2047438434E-5
2.9667536727E-5
2.1876976825E-5
2.4414062500E-5
8.8911852801E-6
1.2477091514E-5
2.2085045930E-5
2.6382296345E-5
2.9997515957E-5
4.3628481216E-5
4.2696308810E-5
3.4606759435E-5
2.6029534637E-5
2.1606031805E-5
7.7676377260E-6
1.6197655350E-5
1.5101640020E-5
2.9360316693E-5
2.3983605205E-5
2.9791460837E-5
3.6985939368E-5
3.5663438029E-5
3.0978443100E-5
2.6571319903E-5
2.1555379498E-5
1.7004727851E-5
2.5001470930E-5
2.0072341430E-5
2.1627207752E-5
2.8908310923E-5
3.4984759986E-5
3.1371263321E-5
2.9389711562E-5
1.9178329967E-5
2.5655073113E-5
2.4544447660E-5
2.4016806855E-5
1.9680825062E-5
2.4545320775E-5
2.8988125267E-5
2.5945238303E-5
4.2734586168E-5
3.3808173611E-5
3.2237137201E-5
3.1084276269E-5
2.3711856920E-5
1.3459147886E-5
1.9544840324E-5
1.9636400975E-5
1.3415259309E-5
2.8103345539E-5
3.0444876756E-5
2.8723210561E-5
2.3749098181E-5
2.0659505389E-5
3.1340285203E-5
1.6600650269E-5
1.3375689741E-5
2.0863860845E-5
1.7778552137E-5
2.4704937823E-5
2.4634192231E-5
3.6606029607E-5
2.8200692031E-5
2.1530117373E-5
1.3194291387E-5
1.7344765365E-5
1.7254182603E-5
2.1725974511E-5
1.8195179291E-5
2.7710886206E-5
2.5881663895E-5
3.0240940395E-5
2.9764045029E-5
2.8803211170E-5
2.4115561973E-5
2.6551913470E-5
1.9492267165E-5
8.0817728304E-6
1.6161485109E-5
1.8789048772E-5
3.0838663223E-5
4.4412596617E-5
3.0873925424E-5
4.0714221540E-5
2.4210044648E-5
2.7341069653E-5
1.2523715850E-5
1.3452803250E-5
8.6714047940E-6
2.0640448201E-5
2.4835276417E-5
2.8458749875E-5
4.5830151066E-5
3.7428131327E-5
3.6646891385E-5
2.7850270271E-5
1.8917210400E-5
1.3012753334E-5
9.3879061751E-6
6.9708097726E-6
1.8556439318E-5
3.1636503990E-5
3.7057895679E-5
3.2582459970E-5
4.8003310803E-5
3.3365050330E-5
2.5777413975E-5
1.4482275583E-5
8.3165126853E-6
4.8029818572E-6
2.3019162472E-5
1.9157875795E-5
3.1145592219E-5
3.4592300653E-5
4.5017013326E-5
3.9573188405E-5
3.0209182295E-5
2.1285959519E-5
1.6336294357E-5
2.4322303943E-6
2.5380286388E-6
5.6429067627E-6
3.4002377651E-5
4.1285448241E-5
4.0242262184E-5
4.5884202700E-5
4.3759588152E-5
2.6866025291E-5
1.2065982446E-5
6.4478255809E-6
-2.1472573281E-6
1.0465155355E-6
1.3284885790E-5
2.7281243819E-5
3.8799701724E-5
4.5291089919E-5
4.9457047135E-5
4.1171116754E-5
2.0333600696E-5
1.1567492038E-5
-6.3910847530E-6
3.2214564271E-6
-2.6458408684E-6
3.0433642677E-5
4.0436326526E-5
5.2566814702E-5
6.0031015892E-5
5.0086760894E-5
2.5959732010E-5
1.8070335500E-5
-4.9014226534E-6
-1.5975767746E-5
-8.9266221039E-6
-7.4821291493E-7
3.1373044475E-5
4.6080618631E-5
6.2526494730E-5
6.3742604108E-5
5.1067781169E-5
2.5766226462E-5
-1.2698001228E-6
-1.4048255980E-5
-3.0063954181E-5
-8.0986181274E-6
2.3232784587E-5
4.8695807345E-5
7.3500501458E-5
8.5884518925E-5
7.9659291080E-5
5.2232283633E-5
6.7577115261E-6
-4.2222125921E-5
-7.1916880554E-5
-7.0748431610E-5
1.2164458167E-5
8.4445485848E-5
1.3310015202E-4
1.2287636055E-4
8.1234297252E-5
2.4908571504E-5
-5.6174886413E-5
-1.1497916421E-4
-8.5432257039E-5
1.0790536179E-7
7.7650009192E-5
1.2077691499E-4
7.2538305541E-5
4.0312728379E-5
5.1813432947E-5
4.9843813759E-5
3.3576425630E-5
-5.3758267313E-7
-4.0882534813E-5
-8.5693201985E-5
-8.5844343996E-5
-2.7893774676E-5
1.4700668398E-4
3.0245574889E-4
1.7650106456E-4
-1.5141844051E-4
-3.7883714540E-4
-3.6624131026E-4
-4.7428021207E-5
2.0242955070E-4
2.7044699527E-4
2.0297023002E-4
1.1474059429E-4
3.3173465635E-5
-4.7140766401E-5
-8.4719783630E-5
-7.5402099176E-5
-3.4101307392E-5
1.5625567175E-5
5.2964466158E-5
9.2963001228E-5
9.5610518477E-5
8.3107617686E-5
3.8690411020E-5
7.9825404101E-6
-1.6156374477E-5
-2.6288605295E-5
-2.8619461226E-5
4.0726386942E-6
2.3142562713E-5
4.2132113594E-5
6.8946171088E-5
6.9312774578E-5
5.2407092881E-5
3.8894289173E-5
8.3312741481E-6
-1.3615156058E-5
-1.0227365419E-5
-7.4216513894E-6
1.7437234055E-5
3.6938569974E-5
4.4108252041E-5
5.2291643806E-5
4.2272510473E-5
3.4541951026E-5
1.9587797578E-5
1.3681128627E-7
2.0476058126E-6
-3.7254067138E-6
1.6007793602E-5
2.1154549904E-5
3.7184846587E-5
6.0081051198E-5
4.9535464495E-5
3.6118528805E-5
3.0323909595E-5
1.0142149404E-5
4.4909189455E-6
5.4797623307E-6
3.7767575122E-6
1.5914125834E-5
2.5544688105E-5
4.4228998013E-5
4.9788586330E-5
4.6012969688E-5
3.6002858541E-5
1.9603932742E-5
8.0593279564E-6
1.9931502174E-5
2.2000621538E-5
-3.0149938539E-6
2.3732963017E-5
2.8146640397E-5
4.1634147055E-5
4.5096327085E-5
4.8089341726E-5
3.0104676261E-5
2.3883779067E-5
1.3399566524E-5
-1.0267598555E-6
9.4637041912E-6
1.2086960487E-5
3.3338624052E-5
3.8330082315E-5
4.1696499101E-5
4.0725141298E-5
2.4172943085E-5
2.1862506401E-5
6.7409593613E-6
5.2029849030E-6
6.4905616456E-6
1.7281703185E-5
2.0360003691E-5
3.7464196793E-5
4.6677514911E-5
2.8306816238E-5
3.0556647106E-5
3.5716476850E-5
2.8628716244E-5
1.2603914365E-5
9.8435557448E-6
1.5338789672E-5
1.6749452334E-5
2.3329292889E-5
3.9599533192E-5
3.8772134575E-5
3.9879302494E-5
3.5563646815E-5
2.1113210823E-5
2.1625449880E-5
1.3646739535E-5
1.3053871226E-5
1.1463277042E-5
2.5650614406E-5
3.7112168501E-5
2.4777976795E-5
3.6722992081E-5
3.3132731914E-5
3.0296633485E-5
2.2793863899E-5
2.0217127166E-5
1.2598687317E-5
1.6503315419E-5
2.2559729404E-5
2.5742105208E-5
3.5119906533E-5
2.8782768640E-5
3.2278790603E-5
3.1072692945E-5
3.0718964989E-5
2.2103323135E-5
1.7192971427E-5
2.2096966859E-5
2.1681981161E-5
2.8367154299E-5
2.6140199042E-5
3.4901977050E-5
3.3136131241E-5
2.6856490876E-5
2.4842435959E-5
2.2896227892E-5
2.4873728398E-5
2.7816381770E-5
2.1128472871E-5
2.4661375209E-5
2.5424209888E-5
2.8215162455E-5
3.1225744168E-5
2.8510880656E-5
2.9525475110E-5
3.1127140391E-5
1.6405934002E-5
1.8201163038E-5
2.1650735289E-5
1.7186778132E-5
2.8728204779E-5
3.3378147054E-5
2.7310790028E-5
1.9187654834E-5
2.0070455502E-5
1.9901595078E-5
2.4076132103E-5
1.4517211821E-5
1.8320197705E-5
1.4949019533E-5
2.7800316456E-5
2.1591002587E-5
2.3762683849E-5
2.0004657562E-5
2.9375019948E-5
2.1428719628E-5
1.9780511502E-5
2.1964649204E-5
1.1573056691E-5
1.3666297309E-5
2.1031650248E-5
1.9087514374E-5
2.4405575822E-5
2.6523612905E-5
3.8648664485E-5
3.2430724240E-5
1.9874377176E-5
3.1464092898E-5
1.3985077385E-5
1.5153305139E-5
1.8803554121E-5
2.6529491878E-5
2.5047920644E-5
2.6843091472E-5
3.3138343132E-5
3.9265549276E-5
3.6425085272E-5
2.4697766639E-5
3.0304829124E-5
1.4003517572E-5
1.7002772074E-5
1.7856364138E-5
2.3881124798E-5
3.3892714418E-5
3.8071931339E-5
4.0835572872E-5
3.0402548145E-5
2.6195123791E-5
2.3796374443E-5
1.5175121371E-5
1.8289859872E-5
1.7261411995E-5
2.4977151769E-5
2.3437093477E-5
3.0313769820E-5
3.8324133493E-5
4.3380621355E-5
3.6681035999E-5
3.0606123618E-5
1.1114345398E-5
1.9408436492E-5
1.1392263696E-5
1.9200181123E-5
1.9374850671E-5
2.9696128330E-5
4.5088946353E-5
3.4960394259E-5
3.2904406543E-5
3.6771956365E-5
2.5408400688E-5
3.3469637857E-6
7.4886949733E-6
1.4840508811E-6
2.1595566067E-5
3.0942459124E-5
2.7581362519E-5
4.2011111509E-5
3.7042878102E-5
4.7762948088E-5
2.7041230350E-5
2.2005557548E-5
6.0547376052E-6
4.8334477469E-6
1.2792542111E-5
1.8886872567E-5
3.6369101144E-5
3.9842352270E-5
4.6499224845E-5
4.4070149306E-5
3.1189189757E-5
1.9080215134E-5
1.0142067913E-5
6.7090149969E-7
7.7754957602E-7
9.1252848507E-6
2.5421753525E-5
4.2402499821E-5
4.5492278877E-5
5.4342905060E-5
4.4287065975E-5
3.5787303932E-5
1.4848483261E-5
1.7767306417E-6
-1.1939392425E-5
-1.6162404790E-6
1.5007692855E-5
4.0357559919E-5
6.1704788824E-5
6.9904886187E-5
7.3333457114E-5
5.7291798294E-5
2.4783366825E-5
-4.3603125960E-6
-2.3965665605E-5
-3.0584598425E-5
-1.2729677837E-5
2.2003729827E-5
5.1272322890E-5
7.7857600992E-5
9.4255001753E-5
7.8747561202E-5
3.6198401357E-5
-4.4266576879E-6
-4.6522275080E-5
-7.7800266446E-5
-5.3597835359E-5
1.7347419634E-5
8.8974426037E-5
1.2556314468E-4
1.1332244612E-4
8.1055052581E-5
3.3807824365E-5
-3.0079227872E-5
-1.0312614031E-4
-8.2240509803E-5
-1.5572202392E-5
7.3756591885E-5
1.1541675776E-4
6.8903539798E-5
4.2686320376E-5
2.7686741668E-5
2.9539747629E-5
2.2938544862E-5
1.2149161194E-5
-1.0954856407E-5
-3.6105059553E-5
-4.5135244728E-5
-2.3661961313E-5
3.6860629916E-5
1.2388490140E-4
2.0339010516E-4
1.4937532833E-4
-5.6717114058E-5
-2.6500253007E-4
-2.3754495196E-4
3.8990855682E-5
3.3704154193E-4
4.1294938421E-4
2.3901411332E-4
5.1389553119E-5
-7.9760525843E-5
-1.1906045256E-4
-1.0655382648E-4
-5.6053954178E-5
3.8638478145E-6
6.6571298523E-5
1.0519631906E-4
1.1080635013E-4
9.5442077148E-5
5.9242325370E-5
6.8457913586E-6
-1.9833631813E-5
-2.5550986174E-5
-2.6232167147E-5
-3.7338817492E-6
2.1937023848E-5
6.4137857409E-5
7.0062163288E-5
7.0946093185E-5
5.8469595388E-5
3.4007045905E-5
-9.2334812506E-7
2.7127447538E-6
-2.0375766325E-5
-9.0598012321E-6
5.5154552684E-6
3.8765708450E-5
5.9297925328E-5
7.0542772303E-5
6.0031749309E-5
4.0413963143E-5
1.8098112196E-5
7.0551177488E-6
-1.2612657156E-5
-1.2043165043E-7
1.0533980094E-5
2.7235457673E-5
4.0237384382E-5
5.1673804410E-5
4.8845307902E-5
4.4022977818E-5
4.1959574446E-5
7.1850721725E-6
-2.2861408070E-6
-1.3628159650E-6
-1.2564356439E-6
1.8672319129E-5
2.9507942963E-5
4.5890477486E-5
5.2887946368E-5
5.2216753829E-5
4.2098830454E-5
3.3003895077E-5
1.9607774447E-5
-9.2572299763E-7
-6.6887587309E-7
1.2571050320E-5
2.4038774426E-5
3.4784933086E-5
3.9868266321E-5
4.4340675231E-5
4.2873818893E-5
2.5323568843E-5
2.1521712187E-5
1.5252525918E-5
1.0527728591E-5
1.4204147738E-5
2.1917163394E-5
3.2662448938E-5
2.7597008738E-5
3.6277610342E-5
2.1834997460E-5
4.9273157492E-5
3.7043308838E-5
1.6939837951E-5
7.3499628343E-6
3.9707403630E-6
1.3943295926E-5
2.7294282335E-5
3.2885523978E-5
4.9695756752E-5
4.1993428021E-5
4.3458014261E-5
2.5997625198E-5
1.4026509598E-5
1.2865639292E-5
7.9403049314E-6
1.0734878015E-5
1.2577162124E-5
1.9644876010E-5
3.5374704748E-5
4.8527307808E-5
3.9368716534E-5
2.5180762167E-5
1.8880155403E-5
1.7005088739E-5
1.0373478290E-5
1.6798544675E-5
1.5199324116E-5
2.4419033434E-5
2.6653637178E-5
3.5639188717E-5
2.4414062500E-5
3.3691094721E-5
2.3685686755E-5
1.6476085875E-5
1.0145059787E-5
2.4168833624E-5
1.4764955267E-5
2.4055212270E-5
2.7476286049E-5
3.5355717409E-5
3.5873544402E-5
3.8030010182E-5
3.7297676317E-5
3.4809077623E-5
2.6324205100E-5
1.8756720237E-5
2.1149811800E-5
2.4378427769E-5
2.5088177062E-5
2.2257165983E-5
3.9425946306E-5
3.0251813586E-5
2.8197572100E-5
2.8826191555E-5
2.8773990924E-5
1.7403392121E-5
1.5788932797E-5
1.3993668836E-5
2.5118642952E-5
2.6828085537E-5
2.8687401208E-5
3.3978826831E-5
2.7958978898E-5
3.0364061239E-5
2.7155608404E-5
2.3925595451E-5
1.9936158787E-5
2.0563614089E-5
1.9529147539E-5
2.3563206195E-5
2.4196354206E-5
4.3189502322E-6
8.2766357812E-5
5.1535991951E-5
-4.1812506970E-5
3.3298216294E-5
7.6786358844E-5
6.4497208224E-5
5.2453740500E-5
3.8042897358E-5
1.3615714852E-5
1.1417362839E-5
1.7559016123E-5
2.2189039736E-5
2.3313728161E-5
2.4215073790E-5
2.2689520847E-5
3.3705506939E-5
2.4260382633E-5
2.0646315533E-5
2.7069624047E-5
2.6482040993E-5
2.7133652474E-5
2.6995351072E-5
2.6988051831E-5
1.8362095580E-5
1.6701803543E-5
2.3467175196E-5
1.9442290068E-5
2.0224996842E-5
1.7769949045E-5
3.4087570384E-5
3.3391558099E-5
2.9106822330E-5
3.0050927307E-5
2.6587443426E-5
2.2991199512E-5
2.2244465071E-5
1.5895615797E-5
1.2665195391E-5
2.0442227833E-5
1.4474918135E-5
2.8547330293E-5
3.5149685572E-5
3.8314075209E-5
3.1974422745E-5
2.9574357904E-5
1.4906516299E-5
1.4490482863E-5
4.5095104724E-6
1.8183782231E-5
2.4957151617E-5
2.8160086367E-5
3.3765065017E-5
3.3545715268E-5
3.6633561831E-5
4.1712448000E-5
2.5468610692E-5
2.4845113512E-5
2.0576256793E-5
8.8687869721E-6
1.2453808449E-5
2.6186532340E-5
3.4522556233E-5
3.9311067666E-5
3.2840773928E-5
2.9564276337E-5
2.1980085875E-5
1.6549334396E-5
1.1275801808E-5
6.0779275372E-7
1.2605835218E-5
1.3906671666E-5
2.9774324502E-5
3.5557942464E-5
3.3350416924E-5
3.9086886681E-5
3.2685440964E-5
3.1005742494E-5
1.8699804786E-5
1.4298618771E-5
1.0707695037E-5
1.9091810100E-5
2.0096963271E-5
3.5132595803E-5
4.7878641635E-5
4.7930201982E-5
3.3235654700E-5
3.0079134739E-5
2.4826452135E-5
2.6763975620E-5
1.0828243103E-5
9.9348835627E-8
1.7606711481E-5
2.7650326956E-5
3.7411029916E-5
4.9977784510E-5
4.8194150440E-5
4.6381610445E-5
2.9526848811E-5
2.1803239360E-5
-7.2416500189E-6
-1.0380451568E-5
-5.0232862123E-6
2.1070125512E-6
3.3199915196E-5
4.7186634037E-5
5.1448284649E-5
6.2059948686E-5
5.2747863811E-5
3.0330813023E-5
-7.7131087893E-6
-1.2501748279E-5
-1.1990638450E-5
-9.8611111753E-6
1.9545201212E-5
4.4532353058E-5
2.4414062500E-5
8.9069956451E-5
8.2227878741E-5
3.4307187888E-5
-1.6618147492E-5
-8.0587458798E-5
-1.2172606075E-4
-7.7415385752E-5
6.6456198694E-5
1.7938766396E-4
2.0464004483E-4
1.2958468869E-4
2.4979270529E-5
-2.3308757227E-5
-4.1574158240E-5
-8.5079227578E-5
-6.7055004185E-5
2.3129512556E-6
7.4578181377E-5
1.0861181654E-4
7.2742660997E-5
2.4669407867E-5
1.9057828467E-5
3.2561237457E-5
2.7971726376E-5
1.0576786008E-5
-4.7068810091E-6
-3.4162285737E-5
-3.7139782216E-5
-5.9479149059E-6
3.7893780972E-5
1.0253277142E-4
1.3090634020E-4
1.3071296271E-4
6.1936350540E-5
-5.2834895906E-5
-1.3876600424E-4
-1.5164791839E-4
8.6651649327E-6
2.5059601758E-4
3.5858063492E-4
2.1717678755E-4
-5.2452378441E-5
-2.5149678113E-4
-2.3270668462E-4
-1.3245429145E-4
-5.6308228523E-6
8.7897153573E-5
1.3433189597E-4
1.4030450257E-4
1.0174452327E-4
5.5909389630E-5
-4.1298684664E-6
-3.2001594081E-5
-4.8037956004E-5
-3.9873551577E-5
-2.5601475500E-6
3.3523270394E-5
5.8553728742E-5
7.5971544722E-5
7.7104137747E-5
6.2355026603E-5
3.4670566674E-5
5.2833231166E-6
-1.2901437003E-5
-1.7329968977E-5
-6.9603207522E-6
8.9401495644E-6
3.8052850868E-5
6.1786000152E-5
6.1366194859E-5
5.6376459543E-5
4.2365945410E-5
1.5401979908E-5
8.1135542133E-6
8.7810098196E-6
-8.2309124992E-6
-3.8522994148E-7
2.7895183302E-5
4.8734818119E-5
5.0556834322E-5
5.2256532944E-5
5.5094540585E-5
3.0706613324E-5
2.1110381931E-5
1.2585311197E-6
3.0013266951E-6
7.3935720139E-6
1.7960311379E-5
3.4052995033E-5
3.8960552774E-5
4.3080979958E-5
4.6756980009E-5
3.8820528425E-5
3.0410801991E-5
1.2275855988E-5
5.3097028284E-7
1.0473828297E-5
1.4017545618E-5
3.2952963374E-5
2.7205492369E-5
4.1658245027E-5
5.0201639533E-5
4.2369216680E-5
3.2455846666E-5
1.8580816686E-5
9.7119831481E-6
3.2029231079E-6
1.2284808327E-5
1.8869421910E-5
2.3628631606E-5
3.8974371273E-5
4.0961091872E-5
4.0480901952E-5
3.0190323013E-5
2.5740626733E-5
1.2813636567E-5
8.4929750302E-6
1.1854956392E-5
9.8003656604E-6
2.4245632812E-5
3.3302453811E-5
3.7890707608E-5
3.2176577951E-5
3.1739182304E-5
2.5005172937E-5
1.8840224948E-5
1.6604503617E-5
2.4759350344E-5
3.5723065957E-5
9.6317846329E-6
1.0345678311E-5
2.9299210291E-5
3.4858612343E-5
3.7067977245E-5
3.8399733602E-5
2.7005572337E-5
2.5528983678E-5
1.4795956668E-5
1.1034728959E-5
1.4178978745E-5
9.9339406007E-6
2.5076523888E-5
2.8180994558E-5
3.3621629699E-5
3.2433203886E-5
3.3937557600E-5
2.0522647537E-5
2.6174180675E-5
1.9933190196E-5
1.7395429313E-5
2.0037952345E-5
2.6564300059E-5
2.7490232605E-5
3.7300086114E-5
3.1886820215E-5
1.9244768191E-5
2.8712837956E-5
2.0766223315E-5
2.0148127805E-5
2.3277883883E-5
1.5796790831E-5
2.0373554434E-5
3.2701040617E-5
3.4235499333E-5
3.5663892048E-5
2.7129752560E-5
3.0585424974E-5
2.6859389617E-5
2.0775850862E-5
1.2998480816E-5
2.8420775197E-5
1.3854517601E-5
2.8256105724E-5
2.5771465152E-5
3.3120508305E-5
2.5727553292E-5
3.0838081147E-5
2.7805962599E-5
2.6379292830E-5
2.6361364871E-5
2.0570657216E-5
1.4887517318E-5
2.8371915686E-5
2.7987884822E-5
3.8168404716E-5
4.0055054705E-5
3.2763823400E-5
2.3399014025E-5
1.3715401292E-5
3.0714436434E-6
6.0164020397E-6
8.1602483988E-6
1.5238230117E-5
3.3917895052E-5
4.8170448281E-5
5.3126958665E-5
5.7568051852E-5
4.1183887515E-5
4.1728140787E-6
-3.9108737837E-5
-7.5225916229E-5
-3.0731782316E-5
1.0493627051E-4
5.0345819909E-5
-9.6189556644E-6
-1.6508507543E-6
-1.4699925668E-5
5.4468284362E-6
2.1352188196E-5
2.4860049597E-5
3.0276947654E-5
4.5886391308E-5
3.8865359965E-5
1.5801482368E-5
2.3873930331E-5
1.6877427697E-5
2.4844915606E-5
2.3112050257E-5
2.7585611678E-5
1.9445037469E-5
3.4115451853E-5
1.5729980078E-5
2.4368241429E-5
2.4661188945E-5
2.7717719785E-5
3.1992595176E-5
2.6908668223E-5
3.2005202955E-5
2.7706718537E-5
3.0222360510E-5
2.5281426496E-5
2.1417648531E-5
2.2337783593E-5
2.0301656332E-5
1.9854458514E-5
2.9895233455E-5
3.6726321559E-5
4.1655940003E-5
2.8872094116E-5
3.0786253045E-5
2.9508851002E-5
2.6974373031E-5
1.3510778081E-5
8.1129721366E-6
1.4431704767E-5
1.8526043277E-5
3.5673298407E-5
3.1448539811E-5
3.6157399881E-5
2.3646187037E-5
4.1241233703E-5
2.4455052334E-5
1.1691055261E-5
5.7321391069E-6
1.9640324171E-5
1.6502023209E-5
2.4767499417E-5
3.5782041959E-5
3.4362415317E-5
3.7866493221E-5
3.2804929650E-5
3.2650155480E-5
2.5189842563E-5
1.6625656281E-5
1.2564170174E-5
1.7003691755E-5
1.6151904129E-5
2.9479339718E-5
2.9805675148E-5
5.9836520814E-5
4.1561387479E-5
2.8250960167E-5
1.0566576384E-5
6.9505535067E-6
5.7824654505E-6
1.0177691001E-5
1.9892351702E-5
1.7985200975E-5
4.7418766190E-5
4.1018950287E-5
4.7047366388E-5
4.2757834308E-5
3.4179736394E-5
1.6418716404E-5
1.7523765564E-6
-2.6897294447E-6
5.7310215198E-6
1.7928832676E-5
2.1699746139E-5
5.2507664077E-5
6.2953808811E-5
6.1176344753E-5
5.1282520872E-5
2.4439708795E-5
1.5455763787E-6
-1.4161353465E-5
-1.3471872080E-5
-4.2172032409E-6
1.5297869686E-5
4.9935095012E-5
7.6083326714E-5
7.8457302881E-5
6.9747713862E-5
3.6800710949E-5
1.2513832189E-6
-5.2485975903E-5
-6.6065322609E-5
-1.9891443662E-5
3.8620049599E-5
9.4615609853E-5
1.0859208414E-4
8.1693439281E-5
5.7103985455E-5
1.8952332902E-5
-1.5917047858E-5
-7.1371113884E-5
-6.2390987297E-5
-4.6422006563E-6
9.8035624252E-5
1.7441504169E-4
1.4034819323E-4
3.0588218942E-5
-8.6635048504E-5
2.4414062500E-5
-2.2401358000E-5
2.1997862495E-5
2.8142554219E-5
2.4295353796E-5
1.3614364434E-5
1.2685905676E-5
1.7060455866E-5
6.1812391506E-5
8.5325969851E-5
2.4414062500E-5
7.7652547046E-5
1.8850725610E-5
-6.0281867627E-5
-9.3062222007E-5
-7.1159272921E-5
1.5198462643E-5
1.2492163805E-4
2.0403411472E-4
1.6620238312E-4
5.2677816712E-6
-1.8726199633E-4
-2.6144337607E-4
-1.3181213290E-4
7.8482308892E-5
2.2048400715E-4
2.1986442152E-4
1.5790883917E-4
7.2526477744E-5
1.8395483493E-6
-4.2631092947E-5
-7.3975033595E-5
-4.9979100004E-5
-1.6872712877E-5
3.1714979558E-5
6.8949651907E-5
7.3268718554E-5
8.6458201989E-5
5.8610457927E-5
3.4127791877E-5
1.0683201253E-6
-1.6657076776E-5
-1.9696063827E-5
-1.5124189667E-5
1.1628994253E-5
3.7424208130E-5
6.4510921949E-5
6.9244753105E-5
5.3933646996E-5
4.8668286763E-5
2.5872967671E-5
1.7103273421E-6
-9.7016571089E-6
-1.4983990695E-5
5.1674665883E-6
2.7356529607E-5
5.0553772598E-5
5.0198868848E-5
6.4104725607E-5
4.6814396046E-5
2.6195961981E-5
2.0303984638E-5
1.0032672435E-5
-9.6003059298E-7
4.9133435823E-6
1.8096191343E-5
3.2159348483E-5
4.8618146684E-5
4.7428987454E-5
5.7875586208E-5
4.6087137889E-5
2.4296168703E-5
6.7334854976E-6
-5.1966286265E-6
4.9690133893E-6
8.9914072306E-6
2.8289691544E-5
2.8102309442E-5
4.2531150393E-5
4.9884186592E-5
5.5241235533E-5
2.7271849103E-5
2.0440109074E-5
1.2891646475E-5
3.7968740799E-6
1.3685901649E-6
2.3403170052E-5
2.7840433176E-5
3.6774203180E-5
4.2797462083E-5
4.0937389712E-5
3.8481259252E-5
1.8091371748E-5
2.0543322898E-5
5.7350611315E-6
6.6435779445E-6
1.4717481099E-5
2.2482464555E-5
4.3525395449E-5
3.9469916373E-5
4.1212886572E-5
3.8207345642E-5
2.6790762785E-5
1.6910338309E-5
1.6872992273E-5
1.3049878180E-5
2.1011335775E-5
2.3921590763E-5
2.8725014999E-5
3.8782809860E-5
3.4957763272E-5
2.8262904379E-5
2.9762240591E-5
2.2526609245E-5
1.4541484415E-5
1.5220919158E-5
2.2698531392E-5
2.5839917361E-5
2.5962351355E-5
3.4462288021E-5
2.9181921854E-5
2.7804367709E-5
1.5764601994E-5
3.0521303414E-5
5.7712290437E-5
2.9547896701E-5
1.3908930123E-5
1.5220965725E-5
1.7814338207E-5
1.4748575632E-5
2.8814096003E-5
3.5885383840E-5
3.3527519553E-5
4.5203766786E-5
2.4539814330E-5
2.3720413446E-5
2.2891850676E-5
1.7417559866E-5
1.8200499471E-5
3.4890091046E-5
2.9375823214E-5
3.9451220072E-5
4.0129700210E-5
2.7847860473E-5
3.0177342705E-5
2.6854290626E-5
2.3155042435E-5
1.4642288443E-5
1.7590180505E-5
2.2084498778E-5
2.7568032964E-5
3.2070535234E-5
3.2725033815E-5
4.2422430124E-5
3.2144889700E-5
3.3550814259E-5
2.4212524294E-5
1.6651826445E-5
2.2871117107E-5
1.0780442972E-5
1.8942449241E-5
2.5589042343E-5
2.7031404897E-5
3.6400125827E-5
3.1386269256E-5
1.8703460227E-5
1.8521014135E-5
9.6247764306E-6
1.3821281027E-5
4.8988149501E-6
2.3490388411E-5
2.7772097382E-5
4.2151473462E-5
4.1821668855E-5
4.1405472438E-5
3.1119538470E-5
1.4314148575E-5
9.4175804407E-6
1.9915052690E-6
-1.3916636817E-6
1.2167694513E-5
3.0606286599E-5
5.1991909277E-5
5.3865369410E-5
5.8810203337E-5
4.7609244939E-5
2.5137537158E-5
-7.9107587226E-6
-3.4256605431E-5
-4.1392829735E-5
-2.7709256391E-5
2.0580261480E-5
1.1938296957E-4
6.3249422238E-5
-8.5629662502E-5
-5.6817044971E-5
-1.5633495059E-5
2.8773851226E-5
5.5616337341E-5
6.4599921462E-5
4.6033936087E-5
3.3784774131E-5
3.1308445613E-5
2.3569318000E-5
2.1622714120E-5
1.8481072038E-5
2.2525433451E-5
2.0169047638E-5
2.6340596377E-5
2.8885912615E-5
3.1132204457E-5
3.3194827847E-5
2.8518796897E-5
2.5644362904E-5
1.4971185010E-5
2.1660269703E-5
2.6028254069E-5
2.9327592346E-5
2.7328124269E-5
2.1111557726E-5
2.5006767828E-5
2.5669939350E-5
2.4420500267E-5
2.3655127733E-5
2.7866824529E-5
3.4736120141E-5
3.1242799013E-5
3.0958268325E-5
1.7338746693E-5
2.0167231559E-5
1.9686913583E-5
1.8579291645E-5
1.9344163592E-5
2.2783083841E-5
2.0428246352E-5
3.4681241959E-5
3.4451170358E-5
3.7816434633E-5
2.7616182341E-5
2.2707658354E-5
1.6166176647E-5
1.5911879018E-5
1.7141585704E-5
1.9310496282E-5
1.7550832126E-5
3.0044745653E-5
3.2319198362E-5
3.8669537752E-5
3.3105572219E-5
3.3617008011E-5
2.4639640468E-5
1.2908328790E-5
2.1181348711E-5
9.2093483547E-6
8.0595840700E-6
6.6307722591E-6
3.7224928382E-5
3.9970467332E-5
3.6756088957E-5
2.9763730708E-5
2.7719931676E-5
3.1189643778E-6
-3.8513797335E-6
2.2079213522E-6
-6.9203088060E-7
1.5493109822E-5
3.0098622664E-5
4.5615481213E-5
5.7442928665E-5
4.9962487537E-5
3.8870901334E-5
2.6097253430E-5
-2.7789268643E-6
-4.4193700887E-6
-1.7886410933E-5
-2.6918249205E-6
1.5417695977E-5
4.5382755343E-5
6.8979512436E-5
7.8725744971E-5
7.4024929202E-5
3.8205238524E-5
-6.1036786065E-6
-7.0418650286E-5
-6.1404227745E-5
-5.4807518609E-6
4.8787135165E-5
8.0112717117E-5
7.8689330259E-5
6.5472803545E-5
6.1995151919E-5
3.7390284705E-5
-2.5673303753E-6
-4.8661173788E-5
-6.4371514601E-5
-2.9308814555E-5
6.0852931347E-5
9.1056560634E-5
8.1924663392E-5
4.0717353112E-5
1.7301656771E-5
1.5884288587E-6
1.2557161972E-5
1.1602020823E-5
3.1544361263E-6
2.6196695398E-5
4.3815444224E-5
4.9026880879E-5
3.2087182625E-5
3.5119452513E-5
2.0304659847E-5
2.6426580734E-5
1.7923687119E-5
1.4732696582E-5
9.0706045740E-6
1.2110022362E-5
8.2884565927E-6
8.3269202151E-6
4.9230910372E-5
8.9427782225E-5
1.1141996365E-4
9.3301048039E-5
3.9834028575E-5
-3.0868872999E-5
-8.2655635200E-5
-1.1565645691E-4
-4.0677399374E-5
1.6446281224E-4
2.5993294548E-4
2.1614483558E-4
2.0202784799E-5
-1.2065652991E-4
-1.5132930129E-4
-1.1443671538E-4
-4.3781672139E-5
2.1636788733E-5
7.8832008879E-5
1.1415528134E-4
9.8282168622E-5
8.5197424053E-5
3.7551508285E-5
5.1575480029E-7
-2.9462762176E-5
-3.8812553976E-5
-2.1713087335E-5
2.2536725737E-6
4.2593001853E-5
6.8223988639E-5
7.6213257854E-5
5.7228666265E-5
3.8064690306E-5
1.4671089593E-5
-5.9989513829E-6
-1.6050471458E-5
-1.4676945284E-5
-4.4675660320E-6
2.0283088088E-5
2.9244937468E-5
5.8827491012E-5
6.8095070312E-5
5.0933193415E-5
3.4543196670E-5
1.4113006182E-5
-7.3697883636E-6
-2.3450702429E-6
-3.2833660953E-6
8.5379346274E-6
2.7258228510E-5
4.9865792971E-5
5.5114878342E-5
5.1357189659E-5
4.0498655289E-5
2.7152057737E-5
1.0072253645E-5
-6.0798833147E-6
-8.2111568191E-6
4.8915506341E-6
3.1145312822E-5
3.6604679189E-5
4.6648597345E-5
4.3033598922E-5
3.9212848059E-5
3.6306877154E-5
2.1563773043E-5
8.7300431916E-6
-2.5489134714E-6
1.1592148803E-5
1.9240647088E-5
2.4985370691E-5
3.8037868216E-5
4.7404970973E-5
4.9676594790E-5
3.5292853135E-5
2.2374151740E-5
1.2615928426E-6
1.5956803691E-5
7.7387434431E-6
1.5788851306E-5
2.1120964083E-5
3.6230206023E-5
4.0855864062E-5
4.2029307224E-5
3.2483495306E-5
2.9994582291E-5
1.3107678387E-5
1.4817412011E-5
1.2949341908E-5
9.5238792710E-6
2.8791732620E-5
3.3161556347E-5
3.2920716330E-5
3.2917177304E-5
4.0962651837E-5
3.0815880745E-5
2.5019003078E-5
1.5203002840E-5
2.2470613475E-5
1.6233918723E-5
2.9805058147E-5
2.5102018843E-5
3.0093675013E-5
4.0780124254E-5
3.2711098901E-5
2.7571246027E-5
1.9233138300E-5
2.1919212304E-5
1.8711481243E-5
2.6295252609E-5
2.5277410167E-5
1.8023140728E-5
3.2201339490E-5
3.8008962292E-5
2.4577358271E-5
2.3276172578E-5
2.2181519307E-5
1.5643867664E-5
3.8414809386E-5
5.6023290381E-5
2.0250957459E-5
5.0681992434E-6
1.8585857469E-5
1.9470788538E-5
3.1214952468E-5
3.2570434268E-5
3.2296532298E-5
3.0597310978E-5
3.1008757650E-5
2.7443701400E-5
2.0237348508E-5
2.7657556347E-5
2.3334764409E-5
2.6308698579E-5
2.4151324759E-5
3.5206926986E-5
2.6642717420E-5
3.9744097739E-5
2.6079977396E-5
2.4850782938E-5
2.3951067123E-5
2.3727526422E-5
1.1956156231E-5
1.6923062503E-5
2.8353638480E-5
4.6989601105E-5
3.7455186247E-5
2.8438295702E-5
1.2634857558E-5
9.7960932181E-6
1.1998368427E-5
1.2484355830E-5
2.1492934320E-5
2.5175558403E-5
3.0181161127E-5
3.8280815351E-5
3.0287681147E-5
3.5725347697E-5
2.9006262775E-5
2.1331827156E-6
7.9710036517E-6
5.1351264120E-6
3.4834141843E-6
1.9297562539E-5
2.8600811492E-5
3.7350761704E-5
4.2054965161E-5
4.3667480349E-5
3.6564283072E-5
3.0434818472E-5
1.6064278316E-5
1.6902922653E-6
-1.5311408788E-6
1.0329857469E-5
2.0710029639E-5
3.9761862717E-5
5.3304748144E-5
5.7679868769E-5
6.6549202896E-5
3.8205890450E-5
2.1490617655E-5
-2.0765664521E-5
-3.9308599662E-5
-3.2063829712E-5
-1.4359864872E-5
5.2331935149E-5
1.3707497855E-4
1.5902824234E-4
-3.9738370105E-5
-8.9785177263E-5
-1.8299242947E-5
4.2695924639E-5
6.9373182488E-5
7.5756013395E-5
6.2481535134E-5
3.6553223617E-5
2.4516228586E-5
3.5896431655E-6
8.6039653980E-6
9.7464071587E-6
2.3053865879E-5
2.7390313334E-5
3.8014748133E-5
3.0068506020E-5
3.4183578099E-5
3.3474026713E-5
2.3578735999E-5
2.3457780480E-5
1.8392247148E-5
2.6192411314E-5
2.5761674623E-5
2.8574478346E-5
1.7320725601E-5
1.7598771956E-5
2.4690025020E-5
2.2882013581E-5
3.2129802275E-5
2.9076833743E-5
2.3296475410E-5
2.6321294717E-5
2.8926972299E-5
2.3503380361E-5
3.0128716025E-5
1.5336053912E-5
2.0987307653E-5
2.1570001263E-5
1.8542481120E-5
1.9673304632E-5
2.7449778280E-5
3.4114520530E-5
2.2291415371E-5
2.9393762815E-5
2.6568886823E-5
1.6129610594E-5
1.5843217261E-5
4.1260849685E-6
7.7715376392E-6
2.0026927814E-5
2.2167491261E-5
1.8607859965E-5
4.5633944683E-5
3.8381584454E-5
3.8933777250E-5
3.1369854695E-5
2.2182741668E-5
1.2321677059E-5
3.0666938983E-6
9.7186188214E-6
2.1367485169E-5
3.0331814195E-5
5.1235617139E-5
5.9457879980E-5
4.1557545773E-5
4.0441984310E-5
2.0842638332E-5
8.0363126473E-6
-2.1012965590E-7
-3.8573634811E-6
6.3746119850E-6
1.7408223357E-5
3.1724164727E-5
6.2561326195E-5
6.8405771164E-5
6.5330532382E-5
3.4087942912E-5
-1.9570696168E-6
-4.0269037709E-5
-2.9566069133E-5
-5.5519631133E-7
4.6131282579E-5
5.9301813599E-5
5.3151394241E-5
4.5391102321E-5
4.7266483307E-5
3.5056099295E-5
7.3332339526E-6
-4.7482212540E-5
-4.7792238184E-5
-3.2236729748E-5
4.1958643123E-5
8.5253943691E-5
8.9165766261E-5
4.8319995403E-5
2.4414062500E-5
-8.6730928161E-6
2.5954679586E-6
1.2543122284E-5
1.6203697305E-5
2.8382462914E-5
1.4678668231E-5
1.8443050794E-5
3.3832143526E-5
4.0956865996E-5
5.1218608860E-5
3.6305177490E-5
3.1903863418E-5
2.4414062500E-5
1.7878634389E-5
-4.3410924263E-6
1.6449484979E-8
-6.7134387795E-7
2.6403297669E-5
5.0568615552E-5
7.6481339057E-5
6.1762961560E-5
2.8494012076E-5
-4.7156936489E-6
-1.7291703261E-5
-4.1012768634E-6
2.6176322716E-5
4.6044983901E-5
5.4612639360E-5
6.9389701823E-5
1.1161934817E-4
9.6811575351E-5
-4.3500447646E-6
-1.3630470494E-4
-1.5233498998E-4
-3.8761924952E-5
1.0638957611E-4
1.8191109411E-4
1.6915944871E-4
1.1292587733E-4
4.6524789650E-5
-1.6761536244E-5
-4.8372778110E-5
-5.6805042551E-5
-3.3826578874E-5
6.2958220952E-6
3.7500087637E-5
6.8627111616E-5
8.1337429586E-5
7.4111390860E-5
5.1987194457E-5
1.9661278929E-5
-7.4053648860E-6
-2.5531998835E-5
-1.7547723837E-5
-6.7280838267E-6
1.5831971541E-5
4.4253945816E-5
5.4598855787E-5
6.6953501665E-5
5.9435144067E-5
3.4613627940E-5
1.0191951878E-5
-1.0165350977E-5
-3.0070077627E-6
-2.6331166737E-6
2.0456640050E-5
2.5009806267E-5
4.5494327787E-5
4.9799482804E-5
4.7081045340E-5
4.0978880133E-5
2.9351178090E-5
6.7631131970E-6
7.8175333329E-6
-2.3166649037E-8
1.4060409739E-6
1.3128167484E-5
3.6885018926E-5
4.4976384379E-5
5.4231367540E-5
5.2727235016E-5
2.9713148250E-5
2.1855114027E-5
-5.1234033890E-6
-7.0177484304E-7
1.0556948837E-5
1.7607037443E-5
3.1962653156E-5
3.0625425278E-5
4.3936632573E-5
5.1923887804E-5
3.4289958420E-5
2.3817433975E-5
1.6432942357E-5
1.2313516345E-5
2.7077388949E-6
1.1785794050E-5
2.1940469741E-5
3.6661326884E-5
4.0197640192E-5
4.6549784019E-5
3.4775631502E-5
3.0517589766E-5
1.8802715931E-5
9.9575263449E-6
1.6329740174E-5
4.4188345782E-6
2.1477567497E-5
2.1415634546E-5
2.8660334646E-5
3.6412489134E-5
3.9941573049E-5
2.6729505043E-5
2.2575294133E-5
1.9394257105E-5
1.6968825366E-5
1.8802273553E-5
1.6748544294E-5
2.1621468477E-5
3.2925722188E-5
3.3677346072E-5
3.0329544096E-5
3.1989743001E-5
2.4378939996E-5
2.1382339764E-5
1.8188427202E-5
1.0278646369E-5
2.1330069285E-5
3.0111195519E-5
2.7665926608E-5
2.8546969405E-5
3.5239756106E-5
2.6127067394E-5
2.9340491163E-5
2.6703625917E-5
2.7096306439E-5
2.3713824339E-5
2.1975149866E-5
2.9888481366E-5
2.4138321168E-5
3.3425423315E-5
3.3618684392E-5
3.0111346859E-5
2.5967671535E-5
2.9803370125E-5
1.1845293921E-5
2.0600971765E-5
3.5236217081E-5
3.3369194716E-5
1.4211598318E-5
1.2978573796E-5
2.1591270342E-5
4.2487343308E-5
3.5328394732E-5
3.4754117950E-5
3.0342442914E-5
2.4465855676E-5
2.2415618877E-5
2.9610819182E-5
2.1862494759E-5
1.8640642520E-5
2.1741236560E-5
4.3708644807E-5
3.0044338199E-5
3.0174641869E-5
2.4730630684E-5
1.5331653412E-5
8.5124862381E-6
1.3747124467E-5
1.3769010548E-5
2.2715528029E-5
3.6683189682E-5
4.6172016300E-5
3.1448143999E-5
2.8520904015E-5
2.8692441992E-5
1.8532888498E-5
1.6343838069E-5
1.0987580754E-5
1.5135400463E-5
1.4752161224E-5
2.8039060998E-5
2.7052161749E-5
3.8971763569E-5
4.4615822844E-5
4.5842630789E-5
2.2641930263E-5
1.6632059123E-5
8.5231498816E-6
1.4135614038E-6
1.4038046356E-5
1.9355316181E-5
2.9616593382E-5
4.1629315820E-5
4.4722098391E-5
5.0567172002E-5
3.0647334642E-5
2.8485280927E-5
-6.0413149186E-6
-1.7208151985E-5
-6.3848914579E-6
6.8301917054E-6
3.0508043709E-5
5.2127032541E-5
6.6190143117E-5
7.3323375548E-5
6.6678831355E-5
3.2296706922E-5
-4.5861932449E-6
-3.9448740426E-5
-5.8180920315E-5
-3.7719751708E-5
1.3348809444E-5
8.4739620799E-5
1.9747688202E-4
7.9716148323E-5
-1.1873816838E-4
-7.2001118681E-5
6.3683604822E-6
6.3983607107E-5
9.3195401134E-5
7.7626679561E-5
4.7154759522E-5
3.4796446561E-5
7.2198687122E-6
2.6257126592E-6
6.4679305070E-6
1.0273361113E-5
2.0978599787E-5
3.1266955192E-5
4.4176261872E-5
3.8541830144E-5
3.5018776543E-5
3.4205464179E-5
1.8915778491E-5
2.3182248696E-5
1.7705815844E-5
2.6833533775E-5
2.3876619525E-5
2.4927721824E-5
2.2452953271E-5
1.6163627151E-5
2.3497652728E-5
1.7798051704E-5
2.9878364875E-5
3.3447612076E-5
2.6470888405E-5
2.3254100233E-5
3.6158913281E-5
3.6078412085E-5
2.1958223078E-5
2.0139175467E-5
2.5132368318E-5
2.0435091574E-5
1.9287026953E-5
2.7360417880E-5
3.3373886253E-5
2.7237308677E-5
3.4108990803E-5
3.1609483994E-5
2.5473255664E-5
2.5737949181E-5
1.3448391110E-5
8.1977574156E-6
1.6066862736E-5
1.8981657922E-5
2.8439296875E-5
4.2996311094E-5
4.8427400179E-5
4.9403973390E-5
4.0273764170E-5
2.5115418247E-5
8.4594707006E-6
-1.2288673315E-5
-1.6872165725E-5
7.2136637755E-6
2.3346068337E-5
5.9365900234E-5
6.4677081537E-5
7.0079648869E-5
5.3672178183E-5
1.8704682588E-5
-1.2641795911E-5
-2.6697851717E-5
-1.4460261445E-5
2.0098523236E-5
3.5818107425E-5
5.1675515715E-5
4.2996846605E-5
5.1842711400E-5
4.6012282837E-5
3.8140988908E-5
7.7298027464E-6
-2.3934303317E-5
-3.9814657066E-5
-3.3521174918E-5
2.5545700918E-5
7.4921955822E-5
1.0681266431E-4
7.7606388370E-5
1.4107709285E-5
-8.6936517619E-6
-1.5256472397E-5
-2.9818620535E-7
2.7575145940E-5
5.4080912378E-5
2.9564334544E-5
2.0988984033E-5
2.2196443751E-5
2.9741623438E-5
3.3010123297E-5
4.1766953654E-5
3.8785079959E-5
2.6074610650E-5
1.4008965809E-5
-4.5878114180E-7
-2.9149348848E-6
1.0099494830E-5
3.5251991357E-5
4.4607452582E-5
5.6514900644E-5
6.2531675213E-5
4.6406907495E-5
1.9241811242E-5
-8.9163426309E-6
-2.3645162582E-5
7.5058662334E-6
2.5785993784E-5
6.3231482637E-5
6.6645001061E-5
5.1850534510E-5
3.7712557240E-5
2.4076353292E-5
1.3224605937E-5
2.6648049242E-6
-1.5724857803E-5
-4.9019581638E-6
3.6980770528E-5
1.0304283351E-4
1.5622830251E-4
1.2052356033E-4
-1.0252161883E-5
-9.9285144826E-5
-1.1337675387E-4
-7.2996597739E-5
-1.5832879580E-5
4.1574542410E-5
8.8653864808E-5
1.0754917748E-4
9.6748827493E-5
5.6368031074E-5
1.4021666721E-5
-4.5101274736E-6
-2.9466475825E-5
-2.5523360818E-5
-4.3025589548E-6
1.5902949963E-5
4.8312731087E-5
7.0684321692E-5
7.8665674666E-5
6.4557883889E-5
4.1013094596E-5
1.3497425243E-5
-7.2760623880E-6
-1.2152048293E-5
-1.0400707833E-5
1.2077426072E-5
2.7323747053E-5
4.4359860476E-5
5.9963972308E-5
5.8818492108E-5
3.9707019459E-5
2.6523822452E-5
4.9816444516E-7
-2.6464462280E-6
2.3128231987E-7
1.0893039871E-5
2.0816607866E-5
3.1648448202E-5
4.7617824748E-5
5.0895649474E-5
3.7353171501E-5
3.2604497391E-5
2.1943426690E-5
6.8581313827E-6
3.8404599763E-6
1.0298402049E-5
2.0006485283E-5
3.3644225913E-5
3.9507204201E-5
4.4957571663E-5
3.9777171332E-5
3.5689701325E-5
1.8018030096E-5
1.8579571042E-5
6.5145664849E-6
1.0008190293E-5
9.7046839074E-6
2.5421404279E-5
3.5619456320E-5
3.6833074409E-5
5.4868194275E-5
3.9947265758E-5
2.2761314176E-5
1.9244686700E-5
1.3936194591E-5
1.0758487042E-5
1.2434425298E-5
2.0814675372E-5
3.4394196699E-5
4.0504324715E-5
3.3786403945E-5
4.3360178824E-5
4.3954432476E-5
3.2358197494E-5
1.4886516146E-5
9.0426183307E-6
1.6667123418E-5
1.6340031288E-5
2.8042530174E-5
3.1505676451E-5
3.2511574681E-5
4.3861230369E-5
3.3176026772E-5
3.1321379355E-5
1.5877489932E-5
1.6522756778E-5
1.4674395788E-5
1.8968491349E-5
2.4291709996E-5
3.1717750243E-5
2.7574796694E-5
3.7005019839E-5
2.8738507534E-5
3.1209294683E-5
2.6645511388E-5
1.5485729091E-5
2.5444012135E-5
2.1119334269E-5
2.0382262300E-5
2.6487431022E-5
3.4427375066E-5
3.0381511896E-5
4.1578896343E-5
3.1009421217E-5
2.5047501548E-5
2.6210071518E-5
2.6837154291E-5
2.0652881358E-5
2.2956798784E-5
2.2918102331E-5
2.9902521054E-5
2.4668918922E-5
3.7991977296E-5
3.0886929016E-5
2.1507672499E-5
1.8180895131E-5
2.0075798966E-5
3.7310086190E-5
2.4414062500E-5
1.3788766228E-5
5.5768061430E-6
2.1133141126E-5
4.1612901259E-5
3.5842461511E-5
4.2610382661E-5
1.7532100901E-5
1.1357909534E-5
-1.2802623678E-5
3.2520736568E-6
2.2223463747E-5
3.6301196086E-5
3.4238863736E-5
3.4670741297E-5
2.4884182494E-5
3.0402548145E-5
2.4556415155E-5
2.0188756752E-5
1.1775305029E-5
1.4534767252E-5
2.1917128470E-5
2.4110195227E-5
3.2517837825E-5
3.0192965641E-5
3.0786101706E-5
3.7694163620E-5
3.2039580400E-5
2.7924973982E-5
1.7754605506E-5
9.8991906271E-6
1.0277016554E-5
1.2177519966E-5
1.8632831052E-5
3.0153570696E-5
3.6194978747E-5
4.7916802578E-5
4.1729700751E-5
3.2427103724E-5
2.0832812879E-5
1.0251603089E-5
1.3299286366E-5
-4.8008165323E-6
6.0815829784E-6
2.2356840781E-5
4.0143460501E-5
4.6077673323E-5
5.2756036166E-5
4.6556477901E-5
2.9312120750E-5
1.5307380818E-5
-2.4449313060E-6
-1.4470319729E-5
-7.1847462096E-6
1.3492954895E-5
3.8450851570E-5
6.5713678488E-5
8.6189736615E-5
8.7259593422E-5
6.7558709998E-5
7.9918652773E-6
-4.5859173406E-5
-7.9148018269E-5
-9.0323970656E-5
-3.9569230284E-5
1.0250366759E-4
1.4416216872E-4
-4.2327970732E-5
-1.2164292857E-4
-6.7382899580E-5
-1.4690787066E-5
4.2737845796E-5
7.3175411672E-5
7.7217246873E-5
6.6824443639E-5
4.5734399464E-5
2.1424994338E-5
7.6677068137E-6
-4.9281166866E-6
5.3336028941E-6
7.2182505392E-6
3.2100663519E-5
2.4621794000E-5
3.7670251913E-5
3.6893412470E-5
3.1743757426E-5
3.0346401035E-5
2.6792811695E-5
2.0650366786E-5
2.4414062500E-5
1.4445045963E-5
1.8290511798E-5
2.5024579372E-5
2.5088898837E-5
2.5319727137E-5
2.4145317729E-5
2.7698348276E-5
2.8410705271E-5
2.6247743517E-5
2.3899693042E-5
2.6340864132E-5
2.3153226356E-5
1.9634910859E-5
2.9878981876E-5
2.6212516240E-5
1.5905348118E-5
1.5900598373E-5
2.1981273312E-5
3.0082394368E-5
3.3747928682E-5
2.8942292555E-5
3.7149270065E-5
3.7892814725E-5
1.8595415167E-5
1.4955527149E-5
-1.1309050024E-6
7.5571588241E-6
3.7436373532E-6
1.9315665122E-5
4.6631495934E-5
6.0962664430E-5
5.6499976199E-5
5.0348823425E-5
1.4374649618E-5
-1.7672299873E-5
-2.2527365945E-5
-4.0267361328E-6
3.2766791991E-5
7.1804691108E-5
7.7788019554E-5
3.0041032004E-5
1.2010242790E-5
1.3128179126E-5
8.1858946943E-6
1.8199696205E-5
2.4700420908E-6
1.4932476915E-6
-4.2136176489E-6
9.5125287772E-7
4.9177277833E-5
6.5125490075E-5
8.6271041074E-5
5.8480352164E-5
-1.5082326718E-5
-4.1213922668E-5
-3.1986087560E-5
2.0598736591E-5
5.2187021356E-5
5.0628720783E-5
3.5393761936E-5
3.6036304663E-5
2.2569589782E-5
3.9287924301E-5
1.7249339726E-5
2.2118969354E-5
1.7094321083E-5
2.4775566998E-5
1.0905019008E-5
1.5310128219E-5
1.5691365115E-5
3.2085215207E-5
2.7812737971E-5
4.4830096886E-5
5.2920088638E-5
4.4833321590E-5
2.5730882771E-5
5.4381787777E-6
-9.7805401310E-6
-8.1136007793E-6
1.6773410607E-5
3.5989342722E-5
6.4761808609E-5
7.3069741485E-5
4.2278203181E-5
1.2737244833E-5
-6.1753322371E-6
2.4414062500E-5
1.6681384295E-5
2.2945168893E-5
2.4704495444E-5
2.6665464974E-5
4.2175524868E-5
4.9501645845E-5
4.2184034828E-5
3.0811771284E-5
2.0890601445E-5
-2.3749982937E-5
-3.3132941462E-5
-3.8397149183E-6
8.2790630406E-5
2.4414062500E-5
1.3492435683E-4
8.7944173723E-5
2.6002270169E-5
-3.9942597505E-5
-6.7792867778E-5
-5.2126008086E-5
-2.4660793133E-5
2.0561623387E-5
5.1654851995E-5
8.1165193116E-5
8.6048920642E-5
6.8906496746E-5
2.4414062500E-5
1.1623499449E-5
-1.5351735055E-5
-2.2679171524E-5
-1.2086809147E-5
6.1412341893E-6
3.8985349237E-5
5.2383507136E-5
6.9033598995E-5
5.8466102929E-5
4.1214260272E-5
1.5695695765E-5
7.3361909018E-6
-7.1451533586E-6
-1.8288497813E-6
-1.9185710698E-6
2.1713192109E-5
3.5385368391E-5
5.7219748852E-5
4.7044665553E-5
3.8999272510E-5
3.1132402363E-5
1.3098167256E-5
5.8333855123E-6
-4.8790592700E-6
6.7726825364E-6
1.7923058476E-5
2.2892467677E-5
3.9139855652E-5
4.9348990433E-5
4.2140402365E-5
4.0798296686E-5
1.6885704826E-5
1.4024972916E-5
1.0003044736E-5
1.5122815967E-6
1.5722680837E-5
2.8994469903E-5
2.8196116908E-5
5.2170816344E-5
4.2982352897E-5
3.3820152748E-5
2.9318151063E-5
2.0284613128E-5
1.2964894995E-5
7.5518968516E-6
1.4545919839E-5
2.5325478054E-5
3.7596665788E-5
4.4622784480E-5
4.1110534221E-5
3.6245374939E-5
3.2995827495E-5
2.0509818568E-5
1.8180592451E-5
1.0937801562E-5
1.9255501684E-5
1.9138457719E-5
2.5156757328E-5
2.2482278290E-5
3.7699250970E-5
3.2872089650E-5
3.5329663660E-5
2.7430930640E-5
1.7298199236E-5
1.6344361938E-5
9.3578360976E-6
2.5895924772E-5
2.3060117382E-5
3.0053965746E-5
3.6196561995E-5
3.7116021848E-5
3.3914262893E-5
2.8459657914E-5
2.5263603310E-5
2.6474671903E-5
5.1496899687E-6
2.4956825654E-5
1.2955768034E-5
2.4036760441E-5
3.4152611623E-5
3.2304739578E-5
3.1549332197E-5
2.5049911346E-5
3.4051376860E-5
2.7901958673E-5
1.5896663535E-5
2.6390503626E-5
3.2241316511E-5
2.7833634521E-5
2.2494117729E-5
3.6621664184E-5
2.9461004305E-5
2.8183811809E-5
3.1688995658E-5
2.9910786542E-5
2.2244197316E-5
2.6801868807E-5
2.3363193031E-5
2.4644087534E-5
2.9278243891E-5
3.5136821679E-5
2.3479270748E-5
3.7374824751E-5
3.2586732413E-5
2.6070128660E-5
1.8091057428E-6
-4.1443272494E-6
9.8384800368E-6
1.3170787133E-5
2.1987350191E-5
2.6289781089E-5
4.7540629748E-5
4.2628240771E-5
4.5299786143E-5
2.6469142176E-5
1.7682462931E-5
5.5789714680E-6
-2.4071894586E-6
1.2692878954E-6
1.5278114006E-5
3.7013634573E-5
4.4255808462E-5
5.0704658497E-5
4.9317989033E-5
3.2843416556E-5
-1.9372557290E-6
5.6221964769E-6
1.6738544218E-6
1.5453097876E-5
3.2213318627E-5
1.6349542420E-5
3.4276861697E-5
3.8058741483E-5
4.0190399158E-5
3.5679980646E-5
3.1250331084E-5
2.4194631259E-5
4.9768364989E-6
2.4414062500E-5
1.3804121409E-5
2.1393364295E-5
3.4607294946E-5
3.4351146313E-5
4.1249312926E-5
4.1222013533E-5
3.5021302755E-5
2.6859855278E-5
8.5842679256E-6
-2.7831527404E-6
-1.4045624994E-6
3.7547433749E-7
1.8059392460E-5
2.8206792194E-5
5.4352555890E-5
6.0078804381E-5
6.8268121688E-5
5.1625934430E-5
1.4543486759E-5
-3.0288007110E-6
-1.5489605721E-5
-3.3199053723E-5
-5.6093558668E-7
1.6649428289E-5
6.5003056080E-5
1.0517579503E-4
1.3029167894E-4
9.8370388152E-5
3.6541360895E-5
-7.4956123719E-5
-1.4395883772E-4
-5.4877228104E-5
1.4785790117E-4
1.6203167615E-4
3.8662995211E-5
-3.8527895231E-5
-6.0740497429E-5
-5.0645170268E-5
-2.1026353352E-6
2.1804694552E-5
5.0081696827E-5
6.2352791429E-5
5.1825225819E-5
5.3748639766E-5
2.9365066438E-5
1.9392534159E-5
1.2060976587E-5
4.5982422307E-6
1.4734221623E-6
2.2405420895E-5
3.1454744748E-5
3.9583852048E-5
3.0147610231E-5
3.7007371429E-5
2.4216528981E-5
2.1031254436E-5
1.4385906979E-5
1.7241388559E-5
1.1855678167E-5
2.3167615290E-5
2.9991497285E-5
2.8914085123E-5
2.8876354917E-5
2.2028002422E-5
2.7043395675E-5
3.0412490013E-5
2.2865296341E-5
3.0218332539E-5
3.2932858448E-5
2.0486011635E-5
2.5893258862E-5
2.0933779887E-5
1.3529160060E-5
1.2877502013E-5
1.4452368487E-5
2.0092749037E-5
1.6509054694E-5
3.6384619307E-5
4.2199436575E-5
4.4063979294E-5
2.7486390899E-5
1.2935441919E-5
3.1583476812E-6
-2.4225213565E-6
1.3939826749E-5
2.9487535357E-5
4.2480230331E-5
4.6500633471E-5
3.4523732028E-5
2.5671708863E-5
3.2905139960E-5
2.1193409338E-5
1.1612998787E-5
8.5296574981E-6
1.9443582278E-5
1.5923951287E-5
2.7937756385E-5
2.9344763606E-5
4.5315967873E-5
6.4163422213E-5
6.2911433634E-5
5.6612258777E-5
-8.3204591647E-6
-7.9339405059E-5
-4.2747403495E-5
2.8016837313E-5
9.4944937157E-5
8.5393537304E-5
5.0522747915E-5
2.1681853104E-5
9.7217969597E-6
1.5716068447E-5
1.0739953723E-5
1.0468589608E-5
2.4622504133E-5
2.4458114057E-5
2.6414741296E-5
3.0336028430E-5
3.3738301135E-5
3.6438554525E-5
3.0299823265E-5
3.5142328124E-5
3.7122552748E-5
2.4625263176E-5
1.3601698447E-5
4.8803281971E-6
4.0576211177E-6
1.1416117195E-5
2.9863009694E-5
4.4680188875E-5
5.3929572460E-5
4.7368835658E-5
3.5887013654E-5
3.4908531233E-6
-1.5533284750E-5
-4.7944486141E-6
2.0300818141E-5
5.3472258151E-5
5.8718537913E-5
4.4097180944E-5
2.8113764710E-5
2.9035750776E-5
1.9496958703E-5
2.3073935881E-5
1.5076075215E-5
1.7076113727E-5
1.1799822096E-5
1.0464026127E-5
1.8165446818E-5
3.0254258307E-5
3.9344548713E-5
5.3897267208E-5
3.9557623677E-5
-1.7385906540E-5
-7.2903989350E-5
-7.7577074993E-5
-1.2340839021E-5
6.7716557533E-5
1.1720772600E-4
1.3622138649E-4
1.0133762844E-4
5.2126147784E-5
5.2070012316E-6
-2.6626687030E-5
-4.1811179835E-5
-2.0983768627E-5
-5.1779090427E-6
3.6014814394E-5
6.0938217212E-5
6.9506117145E-5
7.2076404468E-5
5.0017319154E-5
2.8731790370E-5
3.5306788050E-6
-1.1899590027E-5
-6.7689223215E-6
3.5294215195E-6
1.7021002713E-5
4.2107712943E-5
5.0023570657E-5
5.9713853989E-5
5.9584609699E-5
4.1506369598E-5
5.8874953539E-6
2.5933608413E-6
-5.2256975322E-6
9.8432647065E-6
1.6812840477E-5
3.0194967984E-5
3.5956210922E-5
4.2244372889E-5
4.0454743430E-5
3.4601811785E-5
2.1094304975E-5
9.2382542790E-6
2.4732900784E-6
-2.2109015845E-6
1.3040343765E-5
2.5570834986E-5
4.5288540423E-5
4.0603626985E-5
4.2842188850E-5
4.0501321200E-5
2.4371349718E-5
2.0560331177E-5
1.2568384409E-5
9.2821195723E-6
1.8260581419E-5
2.2154801990E-5
3.0985102057E-5
3.5316206048E-5
4.3743790593E-5
3.4729891921E-5
2.9331422410E-5
2.1334283519E-5
2.0909204613E-5
1.7623882741E-5
1.6282522120E-5
2.3801834322E-5
2.6537105440E-5
3.2519595697E-5
4.0558562614E-5
3.3045024610E-5
3.2751716207E-5
3.5624636802E-5
3.0750443692E-5
1.9691989291E-5
2.2533035371E-5
2.6232411618E-5
1.6152916942E-5
3.3659732434E-5
3.4914712886E-5
3.3604993950E-5
4.0880753658E-5
3.8068892899E-5
2.8360274154E-5
2.7588219381E-5
2.0904804114E-5
1.5478697605E-5
1.9709370099E-5
2.4965207557E-5
2.8510461561E-5
2.9033340979E-5
2.6238942518E-5
3.5903020761E-5
3.2708689104E-5
2.8082437347E-5
1.8694088794E-5
1.3703457080E-5
2.9469281434E-5
2.2851233370E-5
2.2613350301E-5
2.7511932421E-5
3.1479133758E-5
2.1999294403E-5
2.4262943770E-5
2.5782175361E-5
2.2095628082E-5
1.9589147996E-5
3.1056848819E-5
2.5839044246E-5
2.5951268616E-5
3.0837475787E-5
3.9433466736E-5
3.8879550993E-5
3.5014573949E-5
1.7801276408E-5
1.6176479403E-5
3.9855600335E-6
1.0938919149E-5
1.3757054694E-5
1.7069664318E-5
3.0224991496E-5
3.4753454382E-5
5.1352591254E-5
4.7396996524E-5
2.9536208603E-5
2.9852206352E-5
1.4089723118E-5
-4.1225343010E-6
1.0311859660E-5
1.6380858142E-5
2.8248003217E-5
3.8837827742E-5
4.6235974878E-5
4.6532752457E-5
3.4387735649E-5
2.0844559185E-5
2.2876809816E-5
6.2370207161E-6
3.5119941458E-6
1.4691741671E-5
1.7537188250E-5
3.1943083740E-5
5.0922145602E-5
4.9968797248E-5
4.5996520202E-5
2.8050760738E-5
2.1276134066E-5
-1.3876706362E-6
-1.4843291137E-5
-9.7728800029E-6
3.2447732518E-5
5.5363716092E-5
4.3826340697E-5
4.0915433783E-5
3.1824817415E-5
3.3669383264E-5
3.2925500999E-5
2.6417803019E-5
1.8813123461E-5
1.4496466611E-5
8.1492704340E-6
2.2635166533E-5
3.1172309536E-5
4.4434086885E-5
5.3991866298E-5
5.5223633536E-5
3.9601803291E-5
2.4443294387E-5
3.9109261707E-6
-1.8693762831E-5
-1.7825711984E-5
1.7701182514E-6
3.0294654424E-5
4.4720235746E-5
6.9877784700E-5
8.5310300350E-5
7.0580432659E-5
4.5792001765E-5
-5.5804499425E-6
-3.0574435367E-5
-5.6360743475E-5
-5.5099732709E-5
-4.1112769395E-6
8.3866214848E-5
1.5483084135E-4
1.8877621042E-4
7.4919417967E-5
-1.0608037701E-4
-8.1464531834E-5
6.7446264439E-5
1.3570599258E-4
1.3381115859E-4
1.0630128673E-4
5.7307363023E-5
7.2440016085E-6
-1.5560211614E-5
-2.7414830401E-5
-2.0063808187E-5
6.9462810644E-6
3.0489568598E-5
4.2777438648E-5
5.3783890326E-5
5.4148433265E-5
3.4894549753E-5
2.7429580222E-5
1.3581675012E-5
1.8911552616E-6
1.4658051077E-5
1.5990191605E-5
2.1102128084E-5
3.1406898051E-5
3.9488088805E-5
3.3668277319E-5
3.0631932895E-5
2.5372428353E-5
3.4713186323E-5
2.7410627808E-5
1.7722882331E-5
2.7280964422E-5
2.7013628277E-5
3.5796128213E-5
1.9998278003E-5
1.5570328105E-5
1.3010774273E-5
2.7195096481E-5
3.1245744321E-5
2.8968625701E-5
5.3760013543E-5
3.0856439843E-5
2.2352871019E-5
8.4902858362E-6
1.7123587895E-5
2.4442735593E-5
2.5640171952E-5
4.2957451660E-5
3.0896696261E-5
3.0961527954E-5
2.4944567121E-5
2.5663629639E-5
1.7275544815E-5
2.1201395429E-5
2.0614650566E-5
1.7343671061E-5
2.1480838768E-5
2.0187790505E-5
2.1550268866E-5
2.3662054445E-5
4.0293973870E-5
5.1143614110E-5
4.9287802540E-5
3.2108672894E-5
9.6483854578E-6
-6.3479878008E-6
-3.2622984144E-5
-2.5118805933E-5
2.1700328216E-5
9.0906571133E-5
1.1518799001E-4
8.3105696834E-5
-1.1793221347E-6
-2.2402079775E-5
-1.4127884060E-5
6.4736232160E-7
2.7918303385E-5
3.3601827453E-5
3.7207151763E-5
3.7224020343E-5
2.6084028650E-5
3.0314165633E-5
2.6997143868E-5
2.8144847601E-5
2.5543209630E-5
2.5885074864E-5
1.7173320521E-5
1.9112962764E-5
1.2344436254E-5
2.7158600277E-5
3.0460429842E-5
3.3194140996E-5
4.1659013367E-5
5.4396933411E-5
4.7370966058E-5
2.5051995180E-5
4.8382556998E-6
-6.9806119427E-6
7.3839211837E-6
2.6200246065E-5
6.4913253301E-5
7.4340007270E-5
5.6422455236E-5
1.3033731375E-5
-6.9621019065E-7
-1.1549564079E-6
1.5268567950E-6
1.4943885617E-5
2.3410154972E-5
2.7258892077E-5
3.4908659290E-5
2.6676699053E-5
3.8525264244E-5
2.9067322611E-5
2.4411093908E-5
2.2549810819E-5
2.7109973598E-5
2.4988129734E-5
1.9943062216E-5
1.1461065151E-5
2.0004739053E-5
7.8242155724E-6
3.8750155363E-5
7.6783960688E-5
1.1098351097E-4
1.4571205247E-5
-1.1392626912E-4
-1.3391770190E-4
-5.6454422884E-5
3.0588742810E-5
8.7434775198E-5
1.1231017998E-4
9.5647817946E-5
5.8052164969E-5
3.1314045190E-5
-1.6812246758E-5
-2.4982786271E-5
-1.9488076213E-5
-5.9793237597E-6
1.9976997282E-5
4.4778909068E-5
6.3727330418E-5
6.3573603985E-5
5.8449851350E-5
3.5801483317E-5
1.4962174464E-5
5.5704731492E-7
-1.1433812324E-5
-8.4788189270E-6
8.9186010883E-6
2.3135077208E-5
4.4660631101E-5
5.5897072889E-5
5.3619267420E-5
4.4254155364E-5
3.0393467750E-5
9.3136448414E-6
1.7123657744E-5
-1.9936473109E-6
1.4640518930E-5
2.7852377388E-5
3.0345702543E-5
4.6551448759E-5
4.6070525423E-5
4.5222288463E-5
3.0465377493E-5
1.5276658814E-5
3.8180733100E-6
3.2444484532E-6
1.4769635163E-5
2.6028917636E-5
3.4174846950E-5
4.0855177212E-5
4.1990354657E-5
4.4706917833E-5
3.2609875778E-5
2.3373856674E-5
1.2845988385E-5
1.4968484175E-5
1.7490133177E-5
2.3417174816E-5
2.5449041276E-5
2.6631844229E-5
4.2586808558E-5
3.3591093960E-5
3.4515431616E-5
2.5970279238E-5
1.4902278781E-5
2.1661503706E-5
1.6178260557E-5
1.7867446877E-5
2.7880747802E-5
2.9673124663E-5
3.2331410329E-5
3.4819380379E-5
3.8686580955E-5
3.2544904388E-5
2.4273258168E-5
2.4930620565E-5
1.3349344954E-5
2.1789409220E-5
2.2156361956E-5
2.5371194351E-5
3.2637419644E-5
3.0197575687E-5
2.4782842956E-5
2.3819890339E-5
3.3474166411E-5
3.2995396759E-5
2.2992270532E-5
2.1535181440E-5
1.1009303853E-5
1.6677135136E-5
2.3047637660E-5
3.2139837275E-5
3.2320700119E-5
3.7015089764E-5
3.1661684624E-5
2.8023868798E-5
1.7394172028E-5
1.6939418856E-5
2.3865094408E-5
2.1818303503E-5
3.1024194322E-5
2.7351977769E-5
3.7753535434E-5
4.4377660378E-5
3.1539751216E-5
2.1877652034E-5
1.1445663404E-5
3.9784936235E-6
-4.9545196817E-7
1.9031181000E-5
2.2127502597E-5
2.7954683173E-5
4.5722199138E-5
3.4789869095E-5
3.6972097586E-5
2.6589189655E-5
1.9409367814E-5
9.6287578345E-6
-2.3347558454E-6
3.8180965931E-6
1.5539862216E-5
2.7502467855E-5
5.1460089162E-5
5.1399075892E-5
4.2766053230E-5
3.1186977866E-5
2.2049108520E-5
8.7882974186E-6
1.2493261602E-5
1.3008015230E-5
1.1841778178E-5
2.0375684835E-5
3.3793353940E-5
4.1941332165E-5
4.2188866064E-5
4.1058822535E-5
3.3127528149E-5
1.6325991601E-5
1.3679196127E-5
2.7556321583E-6
3.6765588448E-6
8.6789834314E-6
2.1858466789E-5
4.0561193600E-5
6.5958837514E-5
5.8328628075E-5
4.5447982847E-5
3.5278813447E-5
1.3154861517E-5
-1.0510743596E-5
-1.6108306590E-5
-1.2012629304E-5
2.2646388970E-5
5.6493293960E-5
7.9986662606E-5
6.3687434887E-5
2.4500337894E-5
7.5650634245E-6
1.5859154519E-5
9.9901342765E-6
1.6467890237E-5
4.2266910897E-7
1.0073976591E-5
2.4186621885E-5
5.3382897750E-5
5.2628351841E-5
6.1307172292E-5
6.1973067932E-5
3.4478062298E-5
4.9756607041E-6
-1.3072090223E-5
-2.3913267068E-5
-2.8004636987E-5
-1.8982798793E-6
5.0235236995E-5
7.8822823709E-5
1.1344220257E-4
1.1500596302E-4
8.9400610889E-5
-5.8409175836E-6
-8.7604299191E-5
-1.3133194298E-4
-7.9879013358E-5
1.1917232769E-4
1.6852066619E-4
3.5844848025E-5
-7.6206168162E-5
-1.1184372707E-4
-6.7331083120E-5
-1.9609252922E-5
2.5041867047E-5
7.1278435645E-5
6.9086463193E-5
6.8811548409E-5
5.4283742793E-5
2.6950088795E-5
1.3759126887E-7
2.8346315957E-6
-1.2168218382E-5
-5.2450224757E-6
4.5306398534E-6
3.3185142092E-5
4.6960136387E-5
4.6137988102E-5
4.3679901864E-5
3.4215755294E-5
1.8065096810E-5
2.0788377150E-5
9.8588410765E-6
1.0897789616E-5
2.6194006204E-5
1.8045818433E-5
2.7197203599E-5
2.0497490186E-5
2.4101894814E-5
3.2898818608E-5
3.4499936737E-5
3.2010884023E-5
3.0209193936E-5
2.1398055832E-5
1.0471290443E-5
1.3160961680E-5
1.5330058522E-5
3.6235037259E-5
3.8176798261E-5
3.3986626658E-5
3.1801965087E-5
1.7441157252E-5
2.9238371644E-5
2.2440496832E-5
7.8230747022E-6
1.9950023852E-5
2.2397772409E-5
2.4597172159E-5
3.1841150484E-5
2.2175279445E-5
2.1571177057E-5
2.8515711892E-5
2.1942530293E-5
2.8228154405E-5
2.9805826488E-5
3.3557275310E-5
3.2381259370E-5
9.7211333924E-6
3.3963005991E-7
7.4539566412E-7
1.3266783208E-5
4.3002958409E-5
7.3675683236E-5
5.3647090681E-5
4.8081262502E-5
1.8907804042E-5
7.7310716735E-6
-6.2033417635E-6
-8.7889609858E-6
2.3725675419E-6
4.3251528404E-5
7.0327916185E-5
4.8967974726E-5
3.4155859611E-5
3.0897173564E-5
1.2006738689E-5
1.6259134281E-5
1.8309766892E-5
1.8638058100E-5
2.4831772316E-5
2.3075356148E-5
3.0540418810E-5
2.5460741017E-5
4.0232192259E-5
3.2840273342E-5
3.1868007499E-5
2.7628394309E-5
1.4616211411E-5
2.5960768107E-5
7.0828711616E-6
5.7047232986E-6
1.7074227799E-5
2.3504812270E-5
5.4398004432E-5
7.3007959875E-5
4.8732839059E-5
1.0369461961E-6
-1.8711842131E-5
-2.1030032076E-5
-2.7482979931E-6
3.1609076540E-5
4.4406217056E-5
4.6853686217E-5
4.0104507934E-5
4.1736033745E-5
1.9494316075E-5
1.6985891852E-5
1.0097667109E-5
2.4414062500E-5
1.5366694424E-5
2.7317681815E-5
2.6047416031E-5
4.3505395296E-5
2.4883449077E-5
2.9822415671E-5
2.8117164037E-5
3.0236202291E-5
2.0813720766E-5
2.6774918660E-5
3.0460057313E-5
1.7970777116E-5
1.1373218149E-5
-7.2377733887E-6
-3.6965706385E-5
-3.4558272454E-5
5.1465409342E-5
1.3963474193E-4
6.6049199087E-5
-9.8055088894E-5
-1.0815308197E-4
-5.5669224822E-5
-3.4185359255E-6
5.7672779076E-5
9.4899989201E-5
9.3117437792E-5
7.2749052199E-5
3.9761280641E-5
1.4421145897E-5
-9.1024790890E-6
-1.9524653908E-5
-8.0796540715E-6
9.7582349554E-6
3.4788518678E-5
4.7378451563E-5
6.1701110099E-5
5.5140536279E-5
5.5317673832E-5
2.3546593729E-5
1.2748024892E-5
-1.5688710846E-6
8.8871456687E-8
1.0922539514E-5
2.0132400095E-5
3.6983576137E-5
4.3652858585E-5
4.4039066415E-5
4.0419993456E-5
2.9200839343E-5
1.7068849411E-5
9.8139280452E-7
6.7121465691E-6
1.0568718426E-5
2.2263161372E-5
3.6904111038E-5
3.8027158006E-5
4.6419142745E-5
4.0861172601E-5
2.9076030477E-5
2.9755604918E-5
9.4281509520E-6
1.7900310922E-5
1.0823190678E-5
2.0191958174E-5
2.4080811999E-5
2.8663675765E-5
3.9878278038E-5
3.7383241578E-5
3.1619472428E-5
2.9499980154E-5
2.3175892419E-5
1.5019427519E-5
1.6034429427E-5
2.6332039851E-5
2.4127273354E-5
2.8882804325E-5
2.9581540729E-5
3.9122230373E-5
3.9568147622E-5
3.3188343513E-5
3.3748743589E-5
2.5068002287E-5
2.3820775095E-5
2.1808256860E-5
1.9829603843E-5
2.4875742383E-5
2.8356420806E-5
3.2824650406E-5
2.7585215866E-5
2.9373168944E-5
3.2807176466E-5
2.4644157383E-5
2.0309246611E-5
1.7723615747E-5
2.2709520999E-5
2.8580555226E-5
2.9574322979E-5
3.5719003062E-5
3.4864619373E-5
3.1562475487E-5
2.2553931921E-5
2.2488553077E-5
2.4634751025E-5
2.8813863172E-5
2.1905475296E-5
1.6422430053E-5
2.6468466967E-5
2.6021117809E-5
3.5761424805E-5
4.0545803494E-5
2.9164832084E-5
2.7369288727E-5
1.4439411461E-5
9.8162214273E-6
8.0642173999E-6
1.1324149091E-5
8.9793116787E-6
3.6850327160E-5
4.0405243635E-5
4.5393139589E-5
3.2543577253E-5
2.9855652245E-5
2.8256908989E-5
7.2266324424E-6
6.4222840592E-6
1.6360473819E-5
1.6130111180E-5
2.7639127801E-5
3.8398336618E-5
4.5350496657E-5
4.3583509978E-5
4.3833721429E-5
2.4373957421E-5
6.6797481851E-6
7.7730510388E-8
1.4425837435E-6
1.8905114848E-5
3.1963293440E-5
2.7592317200E-5
4.3428153731E-5
4.3462694157E-5
4.0760554839E-5
2.7406669687E-5
2.5516678579E-5
1.2345670257E-5
1.1503230780E-6
6.2090810389E-6
9.2754373327E-6
1.7900462262E-5
4.4690992217E-5
4.1141104884E-5
6.1853788793E-5
3.8720201701E-5
2.8742593712E-5
1.6793108079E-5
-1.0209740140E-6
-2.0043225959E-7
-1.2556207366E-6
1.7726456281E-5
2.7309323194E-5
5.6039122865E-5
6.9257977886E-5
6.2379264274E-5
4.7853961587E-5
1.9323034212E-5
8.5265724920E-6
-2.7444888837E-5
-1.0824995116E-6
-4.5064371079E-6
3.5220093559E-5
7.8269501685E-5
1.0202539852E-4
7.3834415526E-5
1.6265152954E-5
-6.8422872574E-6
6.8713445217E-6
-3.0055758543E-6
-4.5272754505E-7
3.4466851503E-6
6.3569052145E-6
4.1027599946E-5
7.5391272551E-5
8.6672382896E-5
7.0689443966E-5
4.1984801646E-5
1.9392266404E-5
-1.8713099416E-5
-5.1411008463E-5
-6.1808596366E-5
-4.5124953613E-5
2.4409580510E-5
1.3299231650E-4
2.0052519394E-4
7.7850895471E-5
-9.3526870480E-5
-1.3189224992E-4
-8.6080981423E-7
1.0136812925E-4
1.3501608046E-4
1.2122733751E-4
7.9814030325E-5
3.1206384300E-5
-1.1760392226E-6
-2.3415777832E-5
-2.2240437101E-5
-3.8636266254E-6
1.3797241263E-5
2.9799761250E-5
5.1220518072E-5
5.6417868473E-5
4.6055729035E-5
3.4136767499E-5
2.2596330382E-5
1.1264404748E-5
5.4332893342E-6
3.7552788854E-6
1.6639335081E-5
2.4503504391E-5
2.7022324502E-5
2.6289408560E-5
4.5252742711E-5
3.7133856676E-5
4.1464460082E-5
4.3286255095E-5
2.8388318605E-5
8.9158420451E-6
1.1093588546E-5
5.5739190430E-6
1.7656094860E-5
3.9426225703E-5
3.6935310345E-5
3.5076693166E-5
2.9745860956E-5
3.1341344583E-5
2.4638161994E-5
1.2125901412E-5
2.0782637875E-5
1.7739064060E-5
1.4816666953E-5
3.1051179393E-5
2.5850953534E-5
2.7162348851E-5
2.9115309007E-5
3.2704474870E-5
2.5695422664E-5
1.3515853789E-5
1.6879651230E-5
1.1535326485E-5
2.6086810976E-5
1.8438172992E-5
2.1246878896E-5
1.3130181469E-5
2.4556042626E-5
3.2606418244E-5
4.9902894535E-5
5.5404286832E-5
4.9821869470E-5
2.4879747070E-5
-9.4968592748E-6
-4.8569403589E-6
2.1242070943E-5
2.8583069797E-5
2.6122981216E-5
3.6916218232E-5
3.3782643731E-5
3.7488527595E-5
4.1611352935E-5
3.8770958780E-5
3.3173582050E-5
1.4462613035E-5
-4.9205729738E-6
1.2066320051E-5
3.4509319811E-5
4.9535627477E-5
4.9743568525E-5
4.6440318693E-5
3.8413004949E-5
2.1238299086E-5
2.0939507521E-5
1.7163529992E-5
1.1928705499E-5
1.9736634567E-5
2.1394528448E-5
2.2858276497E-5
2.5475281290E-5
3.6953168455E-5
5.1297922619E-5
4.5430008322E-5
5.1682873163E-5
2.4284992832E-5
-3.7642079405E-6
-7.1987160482E-6
7.8097102233E-6
4.1929364670E-5
7.7029794923E-5
7.0209149273E-5
4.5196746941E-5
2.9391888528E-5
8.2798884251E-6
2.0150677301E-6
4.7719920986E-6
6.5000029282E-6
2.3650785442E-5
3.0210369731E-5
3.5555695649E-5
4.6741159167E-5
3.5003677475E-5
2.9355066362E-5
1.8778431695E-5
1.5720992815E-5
2.0235823467E-5
6.2150764279E-6
1.1224055197E-5
2.4821574333E-5
3.4666422288E-5
3.6914041265E-5
3.4311239141E-5
2.9951753094E-5
3.3874250948E-5
3.3201510086E-5
4.4790492393E-5
4.8425723798E-5
3.0080403666E-5
2.3546186275E-5
-7.8368932009E-6
-4.9230374862E-5
-6.6674244592E-5
-9.0054236353E-7
1.3957577757E-4
8.4333610723E-5
-6.3892267645E-5
-8.9954747821E-5
-6.1376823579E-5
-1.7360260244E-5
2.6354589499E-5
6.6407094711E-5
8.1134622452E-5
7.5149908663E-5
6.2104058452E-5
2.9991345945E-5
3.9090518840E-6
-3.2731681131E-6
-8.1862555817E-6
2.3937784135E-6
1.5966023784E-5
3.5093573387E-5
4.3696619104E-5
6.3363590744E-5
3.9926939643E-5
3.3916370011E-5
2.5024521164E-5
1.3732921798E-5
7.2815339082E-6
7.9700606876E-6
9.9753262476E-6
3.6952691152E-5
3.5172037314E-5
3.7134357262E-5
4.2849336751E-5
4.0095648728E-5
1.9989046268E-5
1.7804070376E-5
1.4122342691E-5
1.3924983796E-5
1.6472698189E-5
3.2164901494E-5
3.9908557664E-5
3.8154807407E-5
3.5722518804E-5
2.8588518034E-5
2.8541940263E-5
2.2112054284E-5
1.5931378584E-5
2.1005608141E-5
2.2024416830E-5
2.4727848358E-5
3.1424034386E-5
3.3458066172E-5
3.2059790100E-5
3.4594722091E-5
3.5867781843E-5
3.4807575866E-5
2.3303751367E-5
1.3378786389E-5
2.1999096497E-5
1.5346764121E-5
1.8080184236E-5
2.7817208319E-5
3.1023414339E-5
3.5091687459E-5
2.6726233772E-5
2.9373646247E-5
2.1274853497E-5
2.4393142666E-5
1.5855976380E-5
2.3020803927E-5
2.4570524692E-5
2.9264797921E-5
3.3622083719E-5
3.1296687665E-5
3.4275103825E-5
2.9426778200E-5
2.7808884623E-5
2.3592449724E-5
2.7392455376E-5
1.9935460295E-5
2.5118782650E-5
3.3426820300E-5
3.1025765928E-5
3.7247885484E-5
3.7125800736E-5
2.8764538000E-5
2.3771030828E-5
1.3534910977E-5
2.5602872483E-6
1.2568535749E-5
3.9482256398E-6
2.9942695982E-5
3.3702142536E-5
4.4126505963E-5
4.2183278128E-5
3.7306337617E-5
4.0221097879E-5
2.1863169968E-5
6.2364037149E-6
3.1222240068E-6
4.5672408305E-6
1.1332961731E-5
2.8469786047E-5
3.0384364071E-5
4.1357812006E-5
4.5155524276E-5
2.5803514290E-5
1.6900966875E-5
1.0070251301E-5
4.6184170059E-6
8.6201820523E-6
1.6596284695E-6
2.5940581690E-5
5.0830747933E-5
5.6884193327E-5
4.3886573985E-5
2.7984753250E-5
3.1445431522E-5
2.5133078452E-5
2.3396289907E-5
1.1944351718E-5
1.5411234926E-5
2.3734802380E-5
3.1224451958E-5
4.2916147504E-5
3.8377777673E-5
3.9071124046E-5
4.0828157216E-5
3.8809655234E-5
1.9049760885E-5
4.1860621422E-6
3.4594209865E-6
9.7925076262E-6
1.7302366905E-5
3.4982140641E-5
5.1148014609E-5
5.8285321576E-5
5.2279850934E-5
3.8746278733E-5
1.4719669707E-5
3.4925411455E-6
8.8429078451E-8
-2.2909371182E-7
8.9668901636E-7
2.4770398158E-5
4.0169386193E-5
6.9699401504E-5
7.3405634614E-5
5.4468086455E-5
3.6003009881E-5
-3.9380858652E-6
-2.9927666764E-5
-3.6688044202E-5
-2.3258780129E-5
8.5875857623E-6
7.8363693322E-5
1.0189362802E-4
7.8298477458E-5
3.7456897553E-5
2.6131200138E-5
1.4996749815E-5
-1.5794835053E-5
-2.9469968285E-5
-2.8772419318E-5
-7.1013346314E-6
3.3164408523E-5
7.1825133638E-5
1.1725537479E-4
1.4471154427E-4
1.3212562771E-4
3.7029269151E-5
-1.0891505517E-4
-8.2212151031E-5
9.4930909110E-5
2.3646580521E-4
1.7181185540E-4
7.1360822769E-5
-2.2788927890E-5
-6.1243970414E-5
-6.7811156625E-5
-3.4042075276E-5
5.3291674704E-6
3.0040310229E-5
6.8947835828E-5
8.1364635845E-5
6.8183592522E-5
5.6733970996E-5
2.0755210426E-5
6.6475826316E-6
-6.9589354098E-6
9.4213639387E-6
1.0727054905E-5
2.5015685241E-5
4.0139548946E-5
3.6245107185E-5
4.1671970393E-5
5.1485770382E-5
4.4435542077E-5
3.1248829327E-5
2.7915672399E-5
1.4207500499E-5
5.7560158894E-6
2.7620582841E-6
1.8705730326E-5
4.4864532538E-5
4.3803639710E-5
4.9679784569E-5
2.6465044356E-5
3.1046790536E-5
1.8239289056E-5
9.5960567706E-6
1.3533921447E-5
1.2359337416E-5
2.4405331350E-5
3.2838224433E-5
3.7178152706E-5
3.7365558091E-5
3.3281324430E-5
2.6043644174E-5
2.9234681278E-5
1.5100347809E-5
1.4642789029E-5
2.0052283071E-5
7.1740592830E-6
2.4052045773E-5
2.9533880296E-5
3.1613057944E-5
3.3883436117E-5
2.6794930454E-5
3.4836598206E-5
4.4802227057E-5
4.0460960008E-5
2.0800519269E-5
3.6218552850E-6
-5.1042530686E-6
7.2904280387E-6
2.4094502441E-5
4.5516563113E-5
5.3636811208E-5
4.5620277524E-5
3.3746450208E-5
2.3905630223E-5
3.3216632436E-5
2.0606862381E-5
1.9714108202E-5
3.0464713927E-5
2.0084762945E-5
1.4886958525E-5
1.6920478083E-5
1.2481736485E-5
2.4999200832E-5
3.7715258076E-5
4.9505883362E-5
4.0512520354E-5
1.5809549950E-5
-3.5648699850E-6
-1.1800532229E-5
1.5179172624E-5
3.6954961251E-5
4.3397175614E-5
4.2913318611E-5
4.3034099508E-5
3.1800626311E-5
2.2310379426E-5
2.0213983953E-5
2.2122228983E-5
1.4152098447E-5
5.9239449911E-6
-5.3209252656E-6
2.8161681256E-5
6.2262907160E-5
7.2770344560E-5
4.5560882426E-5
1.3071752619E-5
-1.2805231381E-5
-8.5602165200E-6
1.8184422515E-6
2.1498079877E-5
4.3572718277E-5
4.1212141513E-5
4.3798913248E-5
3.9588043000E-5
3.4798658452E-5
2.2230588365E-5
9.0680900030E-6
1.9892468117E-6
9.7992015072E-6
6.9897971116E-6
2.5101308710E-5
4.7363224439E-5
3.8540200329E-5
4.1357008740E-5
3.0904123559E-5
2.4867057800E-5
1.5708117280E-5
4.0171085857E-6
1.2001942378E-5
1.7190829385E-5
2.9534450731E-5
2.2246281150E-5
2.5147199630E-5
1.8535996787E-5
1.8804613501E-5
3.2395857851E-5
3.7117174360E-5
3.8422120269E-5
5.7846598793E-5
4.9039802980E-5
5.1741581411E-5
1.1314859148E-5
-3.5370467230E-5
-8.7792752313E-5
-1.5873613302E-5
1.4177464182E-4
2.4414062500E-5
-1.5589944087E-5
-5.9266097379E-5
-5.1891827025E-5
2.4414062500E-5
1.4845689293E-5
4.1555438656E-5
6.3838018106E-5
6.5295037349E-5
5.9521582444E-5
3.5029859281E-5
1.3309717178E-5
-4.3882755565E-7
6.0616875999E-6
-7.2329072282E-6
1.6506377142E-5
3.3494899980E-5
4.3058220763E-5
5.1509367768E-5
4.2180239688E-5
3.7820648867E-5
2.5896204169E-5
2.3806036915E-5
1.4091050252E-5
7.6018739492E-6
1.6177596990E-5
2.6216136757E-5
3.1030899844E-5
4.2247911914E-5
3.4664035774E-5
4.0330411866E-5
2.7645053341E-5
2.6717316358E-5
2.1062488667E-5
2.1149136591E-5
2.3815629537E-5
2.7504458557E-5
3.3844157587E-5
3.4639250952E-5
3.5244086757E-5
3.2211898360E-5
3.0189868993E-5
3.1623570248E-5
1.6380217858E-5
1.6718287952E-5
2.1797267254E-5
1.8852332141E-5
2.4845078587E-5
3.0969316139E-5
3.7607725244E-5
2.1664600353E-5
3.4652871545E-5
2.2490462288E-5
2.5990034918E-5
2.6921008247E-5
2.3402064107E-5
2.3077416699E-5
1.9206851721E-5
2.3635488469E-5
2.2796797566E-5
3.0372047330E-5
3.5760260652E-5
2.9083224944E-5
2.7204421348E-5
3.3647601958E-5
2.5817519053E-5
2.0280841272E-5
2.2029108367E-5
2.8413464314E-5
2.7453748043E-5
3.1783431768E-5
3.1277048401E-5
3.5192025825E-5
2.5897810700E-5
2.0786270033E-5
8.4599014372E-6
-5.3897965698E-7
2.4545611813E-5
2.8781779110E-5
3.7210248410E-5
4.4350861571E-5
4.4120079837E-5
3.5669177305E-5
3.1561660579E-5
1.7068139277E-5
9.7433105113E-6
1.2760318350E-5
1.2440374121E-5
1.9054010045E-5
2.9611506033E-5
3.9990851655E-5
4.2050925549E-5
4.7226389870E-5
4.0112470742E-5
3.0643097124E-5
1.2888538186E-5
-8.5362698880E-7
4.9221795053E-6
1.3038131874E-5
3.2181723508E-5
3.6335096229E-5
4.9568910617E-5
5.9202418198E-5
4.6844291501E-5
2.9580201953E-5
8.3681661635E-7
1.3676704839E-6
1.4428270515E-5
2.6554532814E-5
2.4517066776E-5
2.3300678003E-5
3.5591167397E-5
3.1903700437E-5
3.9760069921E-5
4.4121313840E-5
3.2633543014E-5
2.3986108135E-5
5.9780431912E-6
7.4023148046E-6
1.4820951037E-5
1.1453218758E-5
4.2232801206E-5
4.6889064834E-5
4.8200786113E-5
5.0964311231E-5
4.1997595689E-5
2.0727142691E-5
7.2419177741E-6
-6.5356842242E-6
-6.8730325439E-6
9.0603367426E-6
2.9357569291E-5
3.3814553170E-5
5.9759023134E-5
6.0593208764E-5
5.6293816306E-5
2.9436405747E-5
1.2490747031E-5
-1.0847451631E-5
-2.3570121265E-5
-1.3829430100E-5
6.3802464866E-6
3.5255309194E-5
7.5510819444E-5
9.5156522005E-5
9.1938732660E-5
6.4936373383E-5
2.5135639589E-5
-2.0878028590E-5
-5.8005098254E-5
-4.9692217726E-5
5.7560740970E-6
5.5115052964E-5
7.5992324858E-5
1.0264980374E-4
1.1412723689E-4
7.1661721451E-5
1.9423046615E-5
-4.1372620034E-5
-1.0200417601E-4
-1.1580914725E-4
5.6326156482E-6
1.6323839081E-4
1.7243744805E-4
2.0780623890E-5
-1.3211288024E-4
-1.5454726526E-4
-9.3981740067E-5
-1.4352379367E-5
5.1187968347E-5
9.4048050235E-5
1.0873735883E-4
8.2390161699E-5
5.1399564837E-5
2.2889778483E-5
-1.3767217752E-5
-1.0167853907E-5
-1.0868220124E-5
2.9991380870E-6
1.8833449576E-5
3.5058578942E-5
5.4047198501E-5
6.4873252996E-5
5.4657505825E-5
2.5047990493E-5
2.0933814812E-5
1.4225626364E-5
4.7704903409E-6
3.1880568713E-6
9.1495574453E-6
1.7704756465E-5
4.2697158642E-5
4.9238279462E-5
4.7994661145E-5
3.7294288631E-5
2.5127292610E-5
2.0993966609E-5
1.1641765013E-6
1.0683527216E-5
8.4167346359E-6
1.0382279288E-5
2.5174720212E-5
3.5008287522E-5
3.8226169999E-5
3.9150146767E-5
3.8579967804E-5
2.5062111672E-5
9.3663460577E-6
1.7273786943E-5
1.1612894014E-6
1.5631096903E-5
1.4828820713E-5
2.1279195789E-5
3.2821786589E-5
3.8486160337E-5
3.1629332806E-5
2.6361469645E-5
2.9971473849E-5
2.3543811403E-5
1.6709673218E-5
1.1042098049E-5
9.9734053948E-6
8.9886016214E-6
2.8570462017E-5
4.3762545101E-5
5.1889393945E-5
4.8695260194E-5
3.8351351395E-5
1.5715591144E-5
1.5589059331E-5
9.4279530459E-6
1.1922046542E-5
2.0828575361E-5
2.5401404127E-5
2.4414912331E-5
2.4220126215E-5
2.4750863667E-5
2.6066007558E-5
2.8983457013E-5
3.0171556863E-5
3.4640904049E-5
2.8784829191E-5
1.4861812815E-5
1.7575069796E-5
1.5808711760E-5
2.2267573513E-5
2.2541498765E-5
3.7855317350E-5
3.9878021925E-5
3.6052230279E-5
4.7765532509E-5
3.2830308190E-5
2.2814946714E-5
-4.6875560656E-6
6.3891755418E-6
1.0720780119E-5
2.2658228408E-5
3.4656689967E-5
4.4829375110E-5
4.9066625070E-5
4.6538375318E-5
1.4037569054E-5
-2.6279815938E-5
-1.4348700643E-5
1.3578357175E-5
3.0961236915E-5
5.5189477280E-5
5.4382951931E-5
5.5429595523E-5
4.2833690531E-5
1.7782917712E-5
-1.0143150576E-6
-3.9772712625E-6
3.3947173506E-6
1.5787244774E-5
2.5010586250E-5
4.7068134882E-5
5.1146117039E-5
4.7405972145E-5
4.1567196603E-5
2.4800642859E-5
1.2771727052E-5
5.1075709053E-6
1.0860955808E-5
1.4797761105E-5
1.1924165301E-5
3.2723869662E-5
3.6406726576E-5
3.4256500657E-5
3.3208157400E-5
3.2941368408E-5
2.1418428514E-5
2.0065566059E-5
2.1843903232E-5
2.2964214440E-5
2.7255085296E-5
3.2687396741E-5
1.8105772324E-5
1.4693592675E-5
1.7405371182E-5
1.6759079881E-5
2.0910054445E-5
4.0990067646E-5
5.0631689374E-5
6.6512974447E-5
3.7071190308E-5
2.0219222642E-5
-1.7590029165E-5
-8.5643620698E-5
-5.4000760429E-6
1.4279186725E-4
1.0114342440E-4
1.1341215577E-5
-2.8829067014E-5
-3.5903381649E-5
-1.6171985771E-5
1.1358223855E-5
3.3323757815E-5
5.3932669107E-5
5.8868015185E-5
4.8476958181E-5
4.4105527922E-5
2.7287611737E-5
1.4379119966E-5
8.3705992439E-6
1.9784318283E-6
9.7596668639E-6
2.2053683642E-5
2.5600031949E-5
4.9119151663E-5
3.9917044341E-5
3.6132114473E-5
2.9317650477E-5
2.3360399063E-5
2.0992103964E-5
1.8923718016E-5
1.7754768487E-5
2.2213626653E-5
3.3067143522E-5
3.3450569025E-5
3.5374332219E-5
2.7631479315E-5
2.6539852842E-5
2.7861935086E-5
2.2028747480E-5
2.1413934882E-5
1.4330039267E-5
2.9025168623E-5
2.6311085093E-5
2.6893382891E-5
2.8146849944E-5
3.3262278884E-5
3.2360176555E-5
4.1430082638E-5
3.0407623852E-5
2.6335497386E-5
1.2984580826E-5
2.7288973796E-5
1.7459050286E-5
1.8303690012E-5
2.7738325297E-5
3.2912672031E-5
3.5760598256E-5
3.2238441053E-5
3.1456188298E-5
3.0143919866E-5
9.3905138784E-6
2.1986814681E-5
2.5771860964E-5
2.1221907809E-5
3.3979199360E-5
4.1472178418E-5
2.9454263858E-5
3.2388919498E-5
2.5971094146E-5
1.4710123651E-5
1.5867187176E-5
6.4879073762E-6
3.8796802983E-6
2.0953093189E-5
3.1272321939E-5
3.3402908592E-5
4.5079784468E-5
3.9378763176E-5
3.3763167448E-5
2.5795015971E-5
1.4267873485E-5
-2.3471424356E-6
8.9085195215E-6
1.4544150326E-5
2.4569162633E-5
4.0983315557E-5
4.7193304636E-5
3.6496028769E-5
3.8721028249E-5
1.9353954121E-5
1.4032085892E-5
1.0140554514E-5
-5.7949218900E-7
8.3138351329E-6
2.4155806749E-5
3.0672387219E-5
3.5902904346E-5
5.8195029852E-5
4.8229284584E-5
3.2522436231E-5
1.8419057596E-5
6.8673049100E-6
-4.6758446843E-6
-1.4437595382E-6
1.5795417130E-5
4.4000858907E-5
5.2991893608E-5
3.3290882128E-5
3.4156511537E-5
2.7489080093E-5
3.3459963742E-5
1.8826674204E-5
-3.8421014324E-6
7.6553318650E-6
1.2399745174E-5
1.9126024562E-5
2.8502417262E-5
3.9579300209E-5
5.0931214355E-5
4.6632939484E-5
2.1309242584E-5
2.6727386284E-5
1.1331622954E-5
4.0716491640E-6
-3.3539836295E-6
-2.6044435800E-7
2.3898330982E-5
5.2188581322E-5
6.4934114927E-5
5.5085017812E-5
4.7914881725E-5
3.1792535446E-5
1.0349752847E-5
-9.9616008810E-6
-1.9161123782E-5
-1.6046874225E-5
1.1791009456E-5
2.6571471244E-5
6.1055412516E-5
7.7936111486E-5
7.7686761507E-5
5.8371294290E-5
2.8787076006E-5
-1.1638901196E-5
-4.3843477033E-5
-4.3625384569E-5
-2.0422192756E-5
1.1424825061E-5
7.7038013844E-5
1.2488119537E-4
1.2940807501E-4
8.4186613096E-5
1.5900796279E-5
-4.0309014731E-5
-7.6469383204E-5
-7.1372708773E-5
-4.8594211694E-5
3.5692285746E-5
1.4082303969E-4
1.5635297168E-4
2.0589667838E-5
-1.7071249895E-4
-2.1827832098E-4
-7.2093529162E-5
5.4596143309E-5
1.2204458471E-4
1.5041480074E-4
1.2276165653E-4
8.1782229246E-5
2.6551238261E-5
-1.0513106827E-5
-3.5715848207E-5
-3.5467231646E-5
-1.7366604879E-5
2.4735543411E-5
5.1514175721E-5
5.7434581686E-5
6.6625652836E-5
5.1905924920E-5
4.4725183397E-5
1.7721985932E-5
5.0282804296E-6
1.5112338587E-6
1.0047783144E-5
1.7693080008E-5
1.9967544358E-5
2.4179974570E-5
4.1760841850E-5
4.2306841351E-5
4.7881912906E-5
2.6318349409E-5
1.5967839863E-5
5.5205309764E-6
-2.4232780561E-6
8.8808592408E-7
1.2752576731E-5
2.5717285461E-5
3.4855026751E-5
4.8731500283E-5
4.6952790581E-5
3.4556165337E-5
1.5171582345E-5
2.2943969816E-5
9.0273329990E-6
1.0289344937E-5
1.1076638475E-5
2.1011813078E-5
3.8747384678E-5
2.8273521456E-5
3.0070182401E-5
2.4959060829E-5
3.4850160591E-5
2.6175274979E-5
2.4148402735E-5
2.0741473417E-5
1.3174500782E-5
1.2473331299E-5
1.2887478806E-5
1.2034131214E-5
3.8778665475E-5
4.4419802725E-5
5.1430612803E-5
4.1419081390E-5
3.0349020380E-5
1.0861153714E-5
1.6886740923E-6
6.6134962254E-6
1.6054126900E-5
3.3480906858E-5
4.5990280341E-5
2.4414062500E-5
3.6573840770E-5
2.4059542920E-5
3.0603818594E-5
2.3371400311E-5
2.0466209389E-5
2.8062658384E-5
2.2399437148E-5
2.4764449335E-5
2.8438156004E-5
2.2443418856E-5
2.9852555598E-5
4.1172304190E-5
3.7448108196E-5
4.2098411358E-5
2.5589240249E-5
1.4209025540E-5
1.5046517365E-5
1.3935624156E-5
1.8078309949E-5
1.6643700655E-5
1.1276849546E-5
2.5861803442E-5
2.2734946105E-5
3.3990293740E-5
4.3644104153E-5
5.2064738702E-5
4.4811097905E-5
1.9223149865E-5
-2.3216428235E-5
-2.0232598763E-5
3.4709635656E-5
9.2002190651E-5
8.4840075581E-5
4.9986864906E-5
1.6180973034E-5
-3.6761863157E-6
-2.6833382435E-6
-3.3532036468E-6
1.3984309044E-5
1.4392158482E-5
2.8480379841E-5
5.6384934579E-5
5.5022758898E-5
4.9770472106E-5
2.1178973838E-5
1.2902799062E-5
8.6733489299E-6
-1.2193340808E-6
2.4414062500E-5
1.7674558330E-5
2.6216509286E-5
3.8415985181E-5
4.4603738933E-5
2.6763114146E-5
3.1081936321E-5
2.9563205316E-5
9.1316760519E-6
1.4543265570E-5
1.2249092106E-5
2.0415405742E-5
1.5102012549E-5
2.0920415409E-5
3.2752228434E-5
3.3500592689E-5
1.6299425624E-5
2.0616548136E-5
1.9821862224E-5
2.1245982497E-5
1.6280356794E-5
2.8528086840E-5
2.5792291853E-5
2.4178437888E-5
2.2526050451E-5
1.1551659554E-5
1.3406982180E-5
2.2273627109E-5
2.7463561854E-5
4.0289782918E-5
5.0454738085E-5
4.5249727555E-5
2.8462079352E-5
2.0743114874E-6
-6.3426292037E-5
1.3685075101E-5
1.4673903351E-4
8.7520980744E-5
3.1942257191E-5
3.1687901355E-6
-2.1596311125E-5
-1.6216875520E-5
-1.9616330974E-6
1.3607589062E-5
4.0191423614E-5
4.4330151286E-5
4.2906089219E-5
4.2995763943E-5
3.0884228180E-5
1.6539602075E-5
8.3055463620E-6
1.5138811432E-5
1.8168729730E-5
2.0119745750E-5
2.8337037656E-5
3.7802348378E-5
4.1496101766E-5
3.7295918445E-5
3.6648660897E-5
2.1913053933E-5
2.1087506320E-5
1.4536257368E-5
1.2382515706E-5
2.2046465892E-5
2.0390294958E-5
2.3771624546E-5
3.2464182003E-5
3.0480115673E-5
3.0016095842E-5
3.3726217224E-5
2.9007240663E-5
2.5830441154E-5
2.9230583458E-5
9.7715063021E-6
1.4881347306E-5
2.1061254665E-5
2.9889401047E-5
3.0513643286E-5
2.6522681582E-5
2.9610912315E-5
3.3158564474E-5
3.0127190984E-5
2.8100039343E-5
1.7126055900E-5
1.6082695220E-5
2.8611603192E-5
2.3723556659E-5
3.4360738936E-5
2.7303956448E-5
3.1285244039E-5
2.3694848641E-5
1.7303170170E-5
1.8132664263E-5
1.2873089872E-5
1.4495127834E-5
2.7604459319E-5
3.3709988929E-5
4.2012834456E-5
4.0266499854E-5
3.2741203903E-5
2.8706621378E-5
1.9070913549E-5
1.0184210260E-5
4.4692889788E-6
5.4662232287E-6
1.9033066928E-5
1.8617196474E-5
3.9115257095E-5
3.3584400080E-5
4.2858789674E-5
3.2649631611E-5
2.2823980543E-5
1.9221252296E-5
1.1511729099E-5
4.1570048779E-6
6.7343818956E-6
2.6189954951E-5
3.9718439802E-5
4.4676184188E-5
4.6273681801E-5
4.5141321607E-5
3.1797797418E-5
1.0663038120E-5
1.3448100071E-5
-1.0808813386E-6
-5.6322431192E-6
8.8690198029E-6
3.2341037876E-5
5.2276684437E-5
6.9988204633E-5
6.6417467316E-5
3.8378278259E-5
8.3624618124E-7
-2.0113890059E-6
1.2220127974E-5
2.7191767002E-5
2.4595274589E-5
3.2828829716E-5
3.5603449214E-5
4.4472480658E-5
4.7247565817E-5
4.2616494465E-5
2.9945059213E-5
1.8333771732E-5
5.2251503803E-6
1.1189049110E-5
4.6021188609E-6
1.2009963393E-5
2.5885610375E-5
5.7684921194E-5
5.1323452499E-5
4.9280037638E-5
4.8660603351E-5
3.2289687078E-5
1.6398460139E-5
-5.4393429309E-6
-1.7416116316E-5
-1.4453427866E-5
1.9671244081E-5
3.9900466799E-5
5.2932184190E-5
7.0849934129E-5
6.1493110843E-5
5.3464039229E-5
3.4079223405E-5
-2.3935805075E-6
-1.7218117136E-5
-3.2906141131E-5
-1.4842220116E-5
1.1249154340E-5
6.1428220943E-5
9.8822650036E-5
1.2673186138E-4
8.7032851300E-5
5.2054354455E-5
-3.0808814335E-5
-7.9650129194E-5
-9.8656665070E-5
-6.4781494440E-5
2.1221966016E-5
1.1513158679E-4
1.7246683128E-4
1.6995368060E-4
8.0447294750E-6
-1.5190750128E-4
-1.7024422996E-4
4.7071487643E-6
1.5966971404E-4
2.0540914266E-4
1.7424126854E-4
9.4709871338E-5
1.8031697254E-5
-2.9118079691E-5
-5.7242938784E-5
-5.1576516126E-5
2.4414062500E-5
9.2817004771E-6
5.1382312086E-5
6.4685335384E-5
7.3168496602E-5
5.6774099358E-5
4.3334509246E-5
6.1499536970E-6
-1.3139285147E-5
-1.6230659094E-5
3.7712976336E-6
5.7305907831E-6
3.1937367748E-5
4.4521654490E-5
4.3677364010E-5
4.5188935473E-5
4.0261493995E-5
2.8911721892E-5
1.5955569688E-5
9.5250084997E-6
1.1796655599E-5
5.6362710894E-6
2.1446729079E-6
1.2020324357E-5
4.2896345258E-5
4.1184236761E-5
5.4710125551E-5
4.1199813131E-5
2.5610276498E-5
7.3902076112E-6
1.7959624529E-6
9.5390598290E-6
1.5703588724E-5
2.9475172049E-5
3.8266985211E-5
3.3870409242E-5
4.0249433368E-5
3.0840176622E-5
2.9949459712E-5
1.9515189342E-5
1.6749545466E-5
2.5130924768E-5
1.5981995966E-5
1.3645016588E-5
1.8536811694E-5
2.8120412025E-5
3.1126418616E-5
4.0057301521E-5
4.2501138523E-5
3.5951251629E-5
1.6986893024E-5
2.0677084103E-5
1.5737337526E-5
7.3144095951E-6
1.5376438387E-5
2.3986794985E-5
4.3619435746E-5
4.4807454105E-5
4.4558499939E-5
3.0955637339E-5
3.3048714976E-5
2.2016023285E-5
1.5290593728E-5
1.8200126942E-5
1.3733771630E-5
2.3105286527E-5
2.7461128774E-5
2.7439335826E-5
3.0080042778E-5
3.2768666278E-5
3.5677268169E-5
3.5058287903E-5
2.6378745678E-5
1.2691249140E-5
1.9422033801E-5
1.6916939057E-5
3.0431919730E-5
2.6563927530E-5
2.9043806716E-5
2.9193598311E-5
3.3160380552E-5
2.2088573314E-5
2.6702659670E-5
2.7362478430E-5
2.3110455367E-5
2.1718523930E-5
1.6099459026E-5
5.3625553847E-6
2.5086221285E-6
1.0746717453E-5
4.0471844841E-5
6.9048081060E-5
4.0060305036E-5
4.1287741624E-6
-2.6845640968E-5
-8.7025342510E-6
1.4415674377E-5
2.0658446010E-5
3.3464550506E-5
3.3911759964E-5
4.3210200965E-5
5.2365602460E-5
4.0785572491E-5
1.9185966812E-5
2.0923977717E-5
1.2138276361E-5
-1.8934090621E-5
-7.9779303633E-6
3.6262674256E-5
4.7469569836E-5
5.5145937950E-5
4.4001336210E-5
3.1323707661E-5
1.8798245582E-5
9.2703732663E-6
1.4497956727E-5
1.1202518363E-5
1.5058834106E-5
2.8165907132E-5
3.1212018802E-5
3.4065393264E-5
2.9633205849E-5
1.8555077258E-5
2.1052954252E-5
1.1433148757E-5
2.1788536105E-5
1.4927564189E-5
2.4211010895E-5
1.8750142771E-5
2.5888963136E-5
3.2219663262E-5
1.7451483291E-5
2.6374310254E-5
2.7406646404E-5
2.1038879640E-5
2.5094510056E-5
2.1053920500E-5
2.6966934091E-5
1.9923993386E-5
2.9444822575E-5
3.1405768822E-5
1.9039108883E-5
1.8652621656E-5
1.3998372015E-5
2.2449542302E-5
3.7205859552E-5
5.2042165771E-5
6.1645521783E-5
5.0088565331E-5
1.6627961304E-5
-4.6943943016E-5
6.5767613707E-5
1.0762057500E-4
7.2422181259E-5
4.4584018178E-5
2.1089043002E-5
1.0242196731E-5
4.6253670007E-6
-4.0902756155E-6
1.3741373550E-5
2.5806727353E-5
3.7024181801E-5
4.4275517575E-5
4.5073055662E-5
2.7941493316E-5
3.0491035431E-5
2.1479674615E-5
1.4527724125E-5
2.2630160674E-5
2.6765279471E-5
1.9766506738E-5
3.0389218590E-5
3.4150038845E-5
3.0169263481E-5
3.3413246273E-5
2.5496818124E-5
2.2120284847E-5
2.8467632364E-5
1.7889379523E-5
1.8104386981E-5
2.7243490330E-5
2.2898765746E-5
1.9937905017E-5
2.3517617955E-5
2.9214750974E-5
3.3617927692E-5
2.8031948022E-5
2.5010318495E-5
1.4055415522E-5
2.3696071002E-5
1.5764357522E-5
3.0418194364E-5
2.3883790708E-5
