<| "Configuration" -> <| "Acquisition device" -> "UHFLI",  "Start time" -> "10/26/2021 16:42:23",  "Finish time" -> "10/26/2021 17:55:03", "Comments" -> "" |>, "Dimensions" -> {<| "Name" -> "Frequency 1", "Start" -> 6.200000*^+9, "Stop" -> 6.800000*^+9, "Step size" -> 2.000000*^+6 |>, <| "Name" -> "DC Voltage 1", "Start" -> -6.600000*^+0, "Stop" -> -7.400000*^+0, "Step size" -> -5.000000*^-2 |>}, "DataInfo" -> <| "Measured Spots" -> 3.457000*^+3,  "Samples" -> 1,  "Segments" -> 1,  "dFactor" -> 1,  "Sampling Time" -> 7.111111*^-8|>|>
2.3576349485E-5
4.0842359885E-5
6.2078388875E-5
6.5686914605E-5
5.9366843198E-5
3.7748843897E-5
1.5270512085E-5
-7.4655981735E-6
-2.6493624318E-5
-2.4873518850E-5
-9.4147399068E-6
8.3483755589E-6
4.9822079018E-5
6.1402062421E-5
6.6301808694E-5
4.8733374570E-5
2.1678383927E-5
-9.4167189672E-6
-3.4534244332E-5
-4.9433636014E-5
-3.9622839540E-5
-1.1133437511E-5
2.4071300867E-5
5.7324662339E-5
8.5101835431E-5
7.5418897907E-5
3.3253838773E-5
-8.9589739219E-7
-3.6237924359E-5
-6.2703702135E-5
-5.6501675864E-5
-2.3959134705E-5
1.7204263713E-5
5.4842419923E-5
8.1888667776E-5
9.1302103832E-5
7.4186967688E-5
4.0435546543E-5
-1.6740348656E-5
-3.8948666770E-5
-5.3062266671E-5
-5.0477322657E-5
-1.2747000437E-5
3.9330252911E-5
7.5666641353E-5
1.0519825155E-4
1.0378623847E-4
7.1259296967E-5
3.1877995934E-5
-2.1175586153E-5
-5.4432684556E-5
-5.1257433370E-5
-2.8589926659E-5
2.3962382692E-5
6.8023020868E-5
1.1789090932E-4
1.2170204427E-4
1.1660807068E-4
5.9927394614E-5
1.6531674191E-6
-4.2770465370E-5
-7.5529015160E-5
-5.3691782523E-5
-9.6361502074E-6
5.6812283583E-5
1.0457194876E-4
1.3653249480E-4
1.3082455844E-4
9.1837125366E-5
2.7632073033E-5
-3.5178696271E-5
-8.0964120573E-5
-9.8682753744E-5
-6.6165882164E-5
3.6174664274E-6
8.3304906731E-5
1.3105035759E-4
1.5289582079E-4
1.2802744750E-4
7.1758776905E-5
-3.8958969526E-6
-6.4221897630E-5
-1.0428092210E-4
-8.8704004886E-5
-5.0096749328E-5
2.3086101282E-5
1.0545857949E-4
1.3626103755E-4
1.6233606730E-4
1.3339212164E-4
5.7152169757E-5
-3.2376032322E-5
-1.1318665929E-4
-1.4903316041E-4
-1.3345124898E-4
-5.4920674302E-5
4.8305629752E-5
1.4105183072E-4
2.0357852336E-4
2.0402551163E-4
1.3269173214E-4
2.4414062500E-5
-9.4881921543E-5
-1.9098904450E-4
-2.1944110049E-4
-1.6562006203E-4
-4.4109649025E-5
1.1576439720E-4
2.4077733979E-4
3.0350640881E-4
2.8199303196E-4
1.4236809220E-4
-2.8334290254E-5
-2.1714094328E-4
-3.2368494430E-4
-3.2194276572E-4
-1.8879552372E-4
3.7535326555E-5
2.8774425154E-4
4.8067393946E-4
5.3211087359E-4
3.8035711041E-4
3.8567301817E-5
-3.5234780516E-4
-6.6589871421E-4
-7.0424849400E-4
-3.8902198431E-4
1.2115025893E-4
6.1232111184E-4
8.2908223849E-4
7.9178360757E-4
3.2605304150E-4
-5.6107356213E-4
-9.1350708390E-4
-7.5543050189E-4
-1.8881540746E-4
7.0198007161E-4
9.8584238441E-4
8.0288113095E-4
4.3083808852E-4
-5.1372159505E-4
-1.6162799438E-3
-2.3778333096E-3
-1.8969054799E-3
-3.0071125365E-4
1.3610304450E-3
2.2647847538E-3
2.1104579675E-3
1.2876456138E-3
2.0296586445E-4
-6.9480070377E-4
-1.1528394185E-3
-1.1219745385E-3
-7.2151996429E-4
-1.5679224161E-4
3.4931084373E-4
6.6053842894E-4
7.0347209694E-4
5.2333279744E-4
2.1507604979E-4
-1.2175844749E-4
-3.5063001560E-4
-4.4884734090E-4
-3.7257306977E-4
-1.8293729518E-4
5.2075472195E-5
2.4453380611E-4
3.6387498258E-4
3.5103250993E-4
2.4749045260E-4
6.8601930981E-5
-1.1251578108E-4
-2.3130701156E-4
-2.7198271127E-4
-2.0626529586E-4
-7.4121600485E-5
9.2036521530E-5
2.1400962723E-4
2.7792209293E-4
2.5589459110E-4
1.5288736904E-4
1.4028942678E-5
-1.1606318876E-4
-1.8558922457E-4
-1.8847013125E-4
-1.0228836909E-4
2.3355707526E-6
1.2651230209E-4
2.0659287693E-4
2.4281629594E-4
1.9063227810E-4
9.4641069884E-5
-2.3269315715E-5
-1.3417626032E-4
-1.9146197010E-4
-9.6763216427E-5
-2.0332809072E-5
5.9475819581E-5
1.5207128599E-4
1.7886599526E-4
1.7671235837E-4
1.1833780445E-4
4.0376081596E-5
-5.9890025296E-5
-1.1106558377E-4
-1.2876737164E-4
-7.9946767075E-5
-2.8308480978E-6
8.9735421355E-5
1.4578286791E-4
1.7237612046E-4
1.4116924722E-4
8.0926786180E-5
5.0656031817E-6
-6.9217092826E-5
-1.0087353876E-4
-1.0231565684E-4
-3.9096607360E-5
2.2245955187E-5
1.0255129310E-4
1.5289434232E-4
1.4791794820E-4
1.2444243766E-4
5.0837011077E-5
-2.1297438070E-5
-7.4955972380E-5
-9.1548846105E-5
-7.3816417719E-5
-9.9429977127E-6
6.2032823917E-5
1.1642622994E-4
1.4152362710E-4
1.2728139991E-4
7.8344740908E-5
7.8899785877E-6
-5.1554269158E-5
-8.6838414430E-5
-8.0701697154E-5
-4.4629001059E-5
1.2226053514E-5
7.4093590959E-5
1.1838843348E-4
1.1962566059E-4
8.9949893303E-5
3.5589607432E-5
-2.3197825066E-5
-5.8173947037E-5
-7.5422611556E-5
-5.7825213299E-5
-9.0426648966E-6
4.0197721682E-5
7.9677253964E-5
9.7752956209E-5
9.3030545399E-5
6.1384716537E-5
1.8986186478E-5
-2.0610122010E-5
-4.7207716853E-5
-5.7616771665E-5
-2.7670687995E-5
7.7054603026E-6
5.2860495635E-5
8.1467570274E-5
9.6165994185E-5
8.6871476380E-5
5.3512817249E-5
1.4157814439E-5
-3.2419711350E-5
-5.1818869543E-5
-4.7792948317E-5
-2.1123804617E-5
1.6785773914E-5
6.0004543048E-5
8.7887293197E-5
8.5805507844E-5
7.9380569517E-5
4.6020548325E-5
-9.7849406299E-7
-2.6674557011E-5
-4.2564421892E-5
-4.5538996346E-5
-4.3755397201E-6
3.9713282603E-5
7.0599629545E-5
8.4134202918E-5
9.2410598884E-5
6.9787481336E-5
3.4688645973E-5
4.1434657760E-6
-2.8481346089E-5
-3.7562998477E-5
-3.1468993983E-5
-6.8930094131E-6
4.3352658395E-5
7.4851443062E-5
9.5320388211E-5
7.7728868930E-5
5.7340040803E-5
2.0272913389E-5
-8.6178653873E-6
-3.6888732575E-5
1.8912786617E-5
3.3129379152E-5
4.5382615645E-5
5.8364949655E-5
4.7175725922E-5
3.6965066101E-5
1.0649219621E-5
-6.1884755269E-6
-2.1350407041E-5
-2.2154406178E-5
-1.1191749945E-5
8.6050829850E-6
4.1601713747E-5
5.8078207076E-5
5.7843094692E-5
4.3158116750E-5
1.6920408234E-5
-8.3239516244E-6
-4.3089839164E-5
-5.1439716481E-5
-3.4938158933E-5
-1.5605124645E-5
2.6390887796E-5
5.0354062114E-5
6.0848298018E-5
6.3118198888E-5
4.6967412345E-5
6.0286838561E-7
-2.9432703740E-5
-4.9244414550E-5
-4.6894501429E-5
-1.9411777612E-5
1.8560281023E-5
5.3613597993E-5
7.7079341284E-5
8.7260256990E-5
6.7636137830E-5
3.1573418527E-5
-1.0113988537E-5
-3.1201622914E-5
-5.2566197701E-5
-5.0330231898E-5
-3.1374045648E-6
3.5487138666E-5
8.5775263144E-5
1.0457326425E-4
1.0201936821E-4
7.1812106763E-5
1.8180918414E-5
-1.7899216618E-5
-4.6325928998E-5
-5.0993764307E-5
-2.5440088938E-5
2.4246796965E-5
6.7428266631E-5
9.9464040251E-5
1.1845435947E-4
1.0362770409E-4
6.0570763891E-5
-1.1780299246E-6
-4.4880248606E-5
-7.0217729082E-5
-4.3993582949E-5
-1.0017328896E-5
5.0437776372E-5
9.0260733853E-5
1.3712317450E-4
1.3716476969E-4
8.6988753177E-5
4.1073258034E-5
-2.4123082403E-5
-7.0225261154E-5
-8.5751607552E-5
-5.6528742426E-5
8.6154439488E-6
5.8496987913E-5
1.3054260053E-4
1.3739339774E-4
1.4112048084E-4
7.9370616007E-5
1.3076886535E-5
-5.5088591762E-5
-9.2494406274E-5
-8.9606759140E-5
-5.0901155919E-5
1.8292712047E-5
9.5123169014E-5
1.5329425223E-4
1.7214586260E-4
1.3898452744E-4
5.9927802067E-5
-4.2205583304E-5
-1.2839825358E-4
-1.5450122300E-4
-1.3354903785E-4
-6.3292658889E-5
3.7527515087E-5
1.4135261299E-4
1.9596822094E-4
2.0148184849E-4
1.2640486238E-4
2.7308415155E-5
-7.7912467534E-5
-1.6882497585E-4
-1.9665423315E-4
-1.4618553687E-4
-2.3783126380E-5
1.1054056231E-4
2.3476429051E-4
2.9370639239E-4
2.6864332612E-4
1.4061161782E-4
-2.8355093672E-5
-2.2219419480E-4
-3.1498799798E-4
-3.0595479765E-4
-1.7037937650E-4
4.7962530516E-5
2.8705208096E-4
4.6861779411E-4
5.1409135338E-4
3.5424749367E-4
3.7707597948E-5
-3.3528489293E-4
-6.0853402828E-4
-6.4601468621E-4
-3.7855920382E-4
1.2214174494E-4
5.1489841425E-4
7.4272053315E-4
7.4026681250E-4
3.6928768968E-4
-4.4972571778E-4
-9.0920845978E-4
-6.9500453537E-4
-1.4102078276E-4
7.1070329286E-4
7.9009715701E-4
3.8640853018E-4
2.6407282566E-4
-4.9478956499E-5
-6.8036534358E-4
-1.4457701240E-3
-1.5214935644E-3
-3.8859102643E-4
1.1649217573E-3
2.3712550406E-3
2.3759945761E-3
1.5747853671E-3
3.2318518496E-4
-8.0764583545E-4
-1.4149752562E-3
-1.4407389564E-3
-9.5461532474E-4
-2.4235416204E-4
4.2098781561E-4
8.2148201765E-4
8.7660299613E-4
6.3850184670E-4
2.5382508756E-4
-1.3392535038E-4
-4.1435908062E-4
-5.1879293750E-4
-4.3252386387E-4
-2.0823040977E-4
4.5723922085E-5
2.7988338842E-4
4.0569860722E-4
3.9924957092E-4
2.6527500012E-4
7.3282723317E-5
-1.2180061312E-4
-2.4957170244E-4
-2.7695856988E-4
-2.1221748320E-4
-6.4102059698E-5
1.0039648041E-4
2.3003615206E-4
2.9454806353E-4
2.6738946326E-4
1.6215315554E-4
1.4753511641E-5
-1.1456460925E-4
-1.8814328360E-4
-1.9218806411E-4
-1.2042765738E-4
1.5933671966E-5
1.1867434951E-4
2.2356084082E-4
2.4654450826E-4
1.9000369357E-4
9.3531166205E-5
-2.5528634432E-5
-1.2227635598E-4
-1.6445590882E-4
-1.3781025773E-4
-5.4394442123E-5
4.3058686424E-5
1.5491232043E-4
2.0634366665E-4
1.9426833606E-4
1.4892085455E-4
4.2087200563E-5
-5.8940530290E-5
-1.1752160499E-4
-1.3118979987E-4
-9.6083630344E-5
-1.2775219511E-5
8.2446774470E-5
1.6347863711E-4
2.1130883833E-4
1.9464017824E-4
1.1681178585E-4
-3.7358375266E-5
-8.1259734000E-5
-8.7447476110E-5
-7.8367919198E-5
-2.7172814588E-5
4.6350504272E-5
1.1300351471E-4
1.4928361634E-4
1.4909136807E-4
1.0205663275E-4
5.0126470159E-5
-3.2395811285E-5
-7.5801531786E-5
-8.7786850056E-5
-5.9372722172E-5
-1.7704325728E-6
7.0150254762E-5
1.1548966868E-4
1.5195658198E-4
1.1869280133E-4
2.4414062500E-5
1.4573289082E-5
-4.5702478383E-5
-7.8476162164E-5
-7.5854884929E-5
-4.0616444312E-5
1.4809484128E-5
7.6797825753E-5
1.1462102411E-4
1.1848758441E-4
9.5072167462E-5
3.7231843452E-5
-1.6069121193E-5
-6.0813315213E-5
-7.7378959397E-5
-5.2861857694E-5
-1.1025159620E-5
4.4186855666E-5
8.4600888661E-5
1.0005080840E-4
9.7475061195E-5
6.4524670598E-5
1.2917618733E-5
-1.9810011144E-5
-4.8035779037E-5
-4.7298299615E-5
-2.7773587498E-5
7.2931987234E-6
4.8601615708E-5
8.6447841025E-5
9.1764749961E-5
7.9850177283E-5
5.0363445188E-5
1.1244858615E-5
-2.6040535885E-5
-4.9064750783E-5
-5.0074781757E-5
-1.3127899729E-5
2.4663400836E-5
6.2745634933E-5
8.4160361442E-5
9.8051235548E-5
7.6327985154E-5
4.2638566810E-5
3.5894336179E-6
-3.2867328263E-5
-4.4067995623E-5
-3.3690035342E-5
-1.3760291048E-8
2.7270975987E-5
7.0763262921E-5
8.7005470416E-5
9.8206277473E-5
6.3878612129E-5
3.9767439011E-5
-1.9029364921E-6
-3.5319942980E-5
-3.6257121246E-5
-2.6595417875E-5
6.1745522544E-6
4.8425653949E-5
7.6096935666E-5
9.4007991722E-5
7.6333945620E-5
5.6763563771E-5
2.7502526063E-5
-7.9327030108E-6
-3.5090220626E-5
2.0914932247E-5
4.2528251651E-5
3.8293073885E-5
4.0705827996E-5
2.3964978754E-5
2.3378047626E-5
1.7648504581E-5
-8.1887817942E-6
-5.7113356889E-7
-7.5586605818E-6
1.4262623154E-6
6.6889333539E-6
3.4511124249E-5
4.8533792142E-5
5.6230567861E-5
4.1448546108E-5
2.2527819965E-5
1.2555392459E-6
-2.1628104150E-5
-2.8646399732E-5
-2.5917903985E-5
1.0474468582E-6
2.7395319193E-5
5.1909161266E-5
6.0573907104E-5
5.0640990958E-5
3.6893086507E-5
9.0633751825E-6
-3.0367297585E-5
-2.5668344460E-5
-3.8469419814E-5
-2.0141329150E-5
1.3716053218E-5
4.5799138024E-5
6.9558527322E-5
7.5130979532E-5
5.6796090213E-5
3.4608913119E-5
-7.8046112322E-6
-2.9220560099E-5
-3.5128346644E-5
-2.4742481764E-5
8.7100430393E-6
3.7591147702E-5
7.5391517023E-5
9.5646886623E-5
8.9439528531E-5
6.2446086669E-5
1.8763728439E-5
-1.0856054723E-5
-3.6599044688E-5
-4.6663812828E-5
-2.0304869395E-5
3.0720245558E-5
6.7978666632E-5
9.8406977488E-5
1.1402609525E-4
1.0337745771E-4
4.8795994371E-5
8.3377002739E-6
-2.5402789469E-5
-4.7596555669E-5
-3.7229305599E-5
-3.5591539927E-6
4.8278644681E-5
9.6009380651E-5
1.1902793776E-4
1.2141828192E-4
9.2852266973E-5
4.1304563637E-5
-1.4365662355E-5
-5.5843184237E-5
-6.3259166201E-5
-3.3662712666E-5
1.9669730682E-5
5.8444042225E-5
1.2050885707E-4
1.3653185451E-4
1.2259655632E-4
8.1184285230E-5
1.2164842337E-5
-5.1228830125E-5
-8.0679368695E-5
-9.0114586057E-5
-4.7962774988E-5
1.8824648577E-5
1.0399365565E-4
1.4472511830E-4
1.4841066440E-4
1.2354598148E-4
5.8951904067E-5
-3.1984981615E-5
-9.5841311852E-5
-1.3304395834E-4
-1.1649269145E-4
-5.0800468307E-5
4.6900170855E-5
1.3665661681E-4
1.8528903602E-4
1.7619493883E-4
1.2776264921E-4
3.3737544435E-5
-8.4547849839E-5
-1.7026354326E-4
-2.0514054923E-4
-1.6224564752E-4
-4.8660498578E-5
1.3114947360E-4
3.0093729728E-4
3.7478142186E-4
3.1276959925E-4
1.3897959143E-4
-4.5884086285E-5
-2.3122954881E-4
-3.4612278686E-4
-3.2275597331E-4
-1.8008934567E-4
5.7928706520E-5
3.6180301104E-4
6.0330639825E-4
6.1046781484E-4
3.9295202587E-4
1.8138217274E-5
-4.1076579365E-4
-6.8137095077E-4
-6.6923709819E-4
-3.3855928340E-4
1.7142707948E-4
5.5007186019E-4
6.8211770850E-4
6.4979039599E-4
3.9454031504E-4
-3.1051399419E-4
-9.0165341971E-4
-7.3949699290E-4
-1.2178401230E-4
7.1905456717E-4
8.4688435309E-4
5.4851192980E-4
2.1061009029E-4
-1.2423004955E-5
-2.8804503381E-4
-6.0406702105E-4
-7.9652821878E-4
-3.7966003874E-4
7.9970886000E-4
1.9508155994E-3
2.3533256259E-3
1.7415593844E-3
4.6690360178E-4
-8.3247745643E-4
-1.6075549298E-3
-1.7524445546E-3
-1.2060569017E-3
-3.4341631690E-4
4.8067225144E-4
1.0048098862E-3
1.1064397870E-3
8.1183987205E-4
3.2640042481E-4
-1.5931368107E-4
-4.9389101332E-4
-6.2438221649E-4
-5.2166938548E-4
-2.5592274032E-4
5.6741072331E-5
3.1876087886E-4
4.4744714397E-4
4.4069277357E-4
3.0154752311E-4
8.7097252255E-5
-1.3515091268E-4
-2.7067994233E-4
-3.1211903551E-4
-2.2880901816E-4
-7.2194496172E-5
1.0267392500E-4
2.5432674447E-4
3.0349601292E-4
2.7533310931E-4
1.6313605010E-4
1.5968841035E-5
-1.2229866115E-4
-2.1272797603E-4
-1.9657966914E-4
-1.2863716110E-4
-5.4737785831E-6
1.2104003690E-4
2.2217272781E-4
2.4091493105E-4
1.9607802387E-4
9.5088453966E-5
-2.2740371059E-5
-1.2581944466E-4
-1.7140437849E-4
-1.5140773030E-4
-6.6646549386E-5
5.4169795476E-5
1.4528769534E-4
1.9826175412E-4
2.0269579254E-4
1.3700259151E-4
4.7134037595E-5
-5.6139915251E-5
-1.2356531806E-4
-1.4474443160E-4
-8.9599215429E-5
-1.3410125393E-5
8.3835434636E-5
1.6598475631E-4
1.9758141134E-4
1.6543256352E-4
9.3056948392E-5
7.2057591750E-7
-6.4889737407E-5
-1.2649531709E-4
-1.0503138183E-4
-6.0527352617E-5
2.7766905258E-5
1.1413220782E-4
1.6320644645E-4
1.7374006566E-4
1.3981855009E-4
5.9988256545E-5
-1.9457214512E-5
-9.5153192527E-5
-1.2852359796E-4
-1.0602386901E-4
-5.9217750096E-5
6.2728987542E-5
1.5643996885E-4
1.2490157969E-4
8.6035171992E-5
4.8442196567E-5
-1.6892643180E-5
-5.0398800522E-5
-6.7535869313E-5
-6.0957355891E-5
-3.8296380080E-5
2.7992983813E-5
8.7087042632E-5
1.2997555314E-4
1.1769637931E-4
8.7080406959E-5
3.0770350712E-5
-2.3587862961E-5
-6.0219038279E-5
-6.1854033266E-5
-3.9334176108E-5
-3.2613635995E-6
5.6549801957E-5
9.0300501327E-5
1.1289225658E-4
9.6920703075E-5
6.1181560160E-5
1.7400889192E-5
-3.3701048232E-5
-3.8746593054E-5
-4.7239218838E-5
-2.6784115470E-5
5.5554206483E-6
5.5113993585E-5
7.6302792878E-5
9.3724206093E-5
7.9337391073E-5
5.2447139751E-5
1.0589580052E-5
-2.4372618645E-5
-4.2719906196E-5
-4.0087406523E-5
-2.6133994105E-5
1.7067068256E-5
5.4961256683E-5
8.7659130808E-5
8.8645657528E-5
8.2804262640E-5
4.6830251812E-5
5.4634059780E-6
-2.3148651234E-5
-3.6296038888E-5
-3.1575723550E-5
-2.1284911781E-6
2.2503954824E-5
6.5943133087E-5
9.3505834231E-5
9.0944173282E-5
7.5999868571E-5
4.0513090789E-5
-2.7948990464E-7
-2.0750786643E-5
-3.6547170020E-5
-2.0120362751E-5
1.0802631732E-5
4.0277291554E-5
7.7101541685E-5
9.0811122211E-5
9.1741501821E-5
5.5615697056E-5
2.7864647563E-5
-6.5842294134E-6
-3.2438035122E-5
4.3842371087E-5
7.3210406119E-5
9.9028903061E-5
6.4828456381E-5
1.7107301391E-5
-6.9482484833E-7
1.2303260155E-5
3.9170752278E-5
6.9418794011E-5
6.0598249548E-5
3.8831925485E-5
3.0782446264E-5
1.5086727217E-6
1.0214035865E-5
-4.8343674280E-6
5.9910234996E-6
1.4738307800E-5
5.9617217631E-6
-1.4415849000E-5
1.4522694983E-6
1.0831945110E-5
8.3784223535E-6
2.6566023006E-5
2.5818170979E-5
2.9211642686E-5
3.4601788501E-5
3.0837452504E-5
-1.7114682123E-6
-1.2676813639E-6
-1.7173227388E-5
-1.8030568026E-5
-1.6515806783E-5
1.7209281214E-5
4.2716390453E-5
5.7571311482E-5
6.4767978621E-5
4.7243235167E-5
2.3247057106E-5
-4.0894025006E-6
-1.9547785632E-5
-1.7933454364E-5
-1.6206782311E-5
5.6026619859E-6
3.6384956910E-5
6.4051768278E-5
7.9673132861E-5
7.5022282545E-5
5.2513612900E-5
2.2131530568E-5
-8.5663283244E-6
-2.8351426589E-5
-2.6378664188E-5
-7.5182993896E-6
2.5199411902E-5
7.1186339484E-5
9.0660678691E-5
9.2706026046E-5
8.6885329804E-5
4.8209365923E-5
1.1271587573E-5
-2.1940562874E-5
-4.1691260412E-5
-3.1489133834E-5
-5.2157556640E-7
4.5834132470E-5
8.8302663064E-5
1.0807422223E-4
1.1272353586E-4
8.0276187512E-5
3.1512521672E-5
-4.5272870921E-6
-3.7596735637E-5
-4.5593292453E-5
-2.3309607058E-5
1.9636470824E-5
5.9464899823E-5
1.0715738172E-4
1.1759119807E-4
1.1012364412E-4
6.6934525969E-5
3.5605626181E-6
-3.8264819886E-5
-6.1393261422E-5
-7.4846437203E-5
-2.6393763255E-5
2.7550256345E-5
8.3952536808E-5
1.3006135123E-4
1.3317283010E-4
1.0965738911E-4
5.4841476958E-5
-1.3449788093E-5
-8.2669942643E-5
-1.1133346707E-4
-9.2143623626E-5
-3.3124489709E-5
4.4610083568E-5
1.2415618403E-4
1.8531766255E-4
1.9304353045E-4
1.2713060714E-4
2.2878602612E-5
-6.6646805500E-5
-1.5349835157E-4
-1.7773852451E-4
-1.1698782910E-4
-2.3613951634E-5
1.0448581306E-4
2.1007176256E-4
2.7303593233E-4
2.4216065649E-4
1.1932743946E-4
-3.9975496475E-5
-1.8659393536E-4
-2.9959700768E-4
-2.9031469020E-4
-1.6963062808E-4
6.0211704113E-5
3.4025096101E-4
5.8068252400E-4
6.3897386426E-4
4.5314361342E-4
-3.7423567846E-5
-6.6274049459E-4
-1.0289515136E-3
-9.6409147373E-4
-3.5459174541E-4
4.6708093724E-4
9.9617723609E-4
1.0717731202E-3
8.0174944597E-4
2.9770341935E-4
-4.8191865208E-4
-1.0333617684E-3
-8.0617838540E-4
-1.5520377783E-4
5.9164412087E-4
1.0161119979E-3
6.7377109081E-4
2.0039025694E-4
-1.0563647375E-4
-3.8679469144E-4
-5.3716724505E-4
-5.6494277669E-4
-2.5788006606E-4
4.3075986906E-4
1.2548328028E-3
1.7533451785E-3
1.5023923596E-3
5.1064190920E-4
-7.6535489644E-4
-1.6757241916E-3
-1.9405622384E-3
-1.4153486001E-3
-4.5725872043E-4
4.8266875092E-4
1.1838480248E-3
1.3620516285E-3
1.0409329669E-3
4.5179062291E-4
-1.8187715905E-4
-6.4985046629E-4
-8.0778746634E-4
-6.7532770336E-4
-3.3510590437E-4
5.4039165843E-5
3.8467550186E-4
5.3593385963E-4
5.1669069797E-4
3.4825754118E-4
9.1263058132E-5
-1.5554218553E-4
-3.2512671313E-4
-3.5756415455E-4
-2.6400580536E-4
-8.2749046854E-5
1.0001317133E-4
2.6597357355E-4
3.3999393926E-4
3.0651997075E-4
1.8490699585E-4
1.5058356803E-5
-1.4688196825E-4
-2.2456283914E-4
-2.1375095239E-4
-1.3146657729E-4
-5.5705895642E-7
1.3161408715E-4
2.3572733626E-4
2.5413738331E-4
2.0799456397E-4
9.2953362040E-5
-3.8132758345E-5
-1.3896744931E-4
-1.7855254700E-4
-1.5183036449E-4
-5.5134284777E-5
4.9361004495E-5
1.6021056799E-4
2.1094381809E-4
2.0511255134E-4
1.4121072600E-4
4.1459966450E-5
-6.4297963401E-5
-1.3296421384E-4
-1.5080238227E-4
-1.0150312446E-4
-8.2685844973E-6
8.8370870801E-5
1.6215384239E-4
1.9206230063E-4
1.6123016830E-4
9.2784885785E-5
-1.4891847968E-7
-7.9194281718E-5
-1.1664459016E-4
-1.1945804581E-4
-5.2089651582E-5
3.5213131922E-5
1.1524099391E-4
1.7566436436E-4
1.6981312074E-4
1.2675439939E-4
5.1465595607E-5
-2.5075627490E-5
-8.8106771002E-5
-1.0784633924E-4
-8.2934193782E-5
-1.3484188821E-5
5.8698665817E-5
1.2925757328E-4
1.5666206600E-4
1.4004808618E-4
1.0048275581E-4
2.5608984287E-5
-5.8236788028E-5
-9.8444358448E-5
-1.0233573849E-4
-6.7340780517E-5
-1.2739910744E-6
7.5927050786E-5
1.3432204723E-4
1.7095742514E-4
1.5563813504E-4
8.4272958341E-5
-6.0820078944E-5
-8.5338717328E-5
-6.2414619608E-5
-2.9850949067E-5
1.6256247181E-5
7.4808986394E-5
1.0373763508E-4
1.0576558998E-4
7.1002519693E-5
3.8095714990E-5
6.7404820584E-6
-2.3204088211E-5
-4.7791760881E-5
-3.2270688097E-5
-1.8691795412E-5
1.7152167857E-5
6.2363920734E-5
7.5734336863E-5
8.3879067099E-5
8.2711561120E-5
5.1026220899E-5
1.6206339933E-5
-2.5375687982E-5
-4.4299860019E-5
-4.2041507550E-5
-1.6116979532E-5
1.5398650430E-5
6.7654636224E-5
8.2526379268E-5
9.8622892986E-5
8.1141630657E-5
5.1608739887E-5
1.1413125321E-6
-2.7500628493E-5
-3.9541348815E-5
-3.1631637830E-5
-9.7456853837E-6
3.5347195808E-5
6.4257322811E-5
8.9857343121E-5
9.1096165127E-5
6.9193472157E-5
2.8168957214E-5
-2.4590059184E-6
-2.9679248109E-5
-3.7144299130E-5
-1.6850221436E-5
1.2877699919E-5
4.9167929683E-5
7.3231896387E-5
9.7282021309E-5
8.5019762630E-5
5.8687862475E-5
2.7834379579E-5
-6.7757791840E-6
-3.2308779191E-5
1.6762572340E-5
6.1924348121E-5
1.0657402454E-4
1.2069938239E-4
1.1086439481E-4
7.6015037486E-5
1.3471697457E-6
-7.8125379516E-5
-1.2071597157E-4
-1.1550831841E-4
-5.8293156326E-5
2.3740821052E-5
1.1061031837E-4
1.7572632059E-4
1.6298214905E-4
1.1399980867E-4
1.0286888573E-5
-2.1034653764E-5
-3.0794623307E-5
9.7252544947E-6
4.0534231812E-5
4.9198104534E-5
3.0728406273E-6
-2.7335563208E-5
-4.6343589202E-5
-2.7886452153E-5
-2.1732866298E-5
1.1161365546E-5
3.1932175624E-5
3.6921573337E-5
4.2011076584E-5
3.7989055271E-5
2.3607513867E-5
2.4372886400E-5
1.4283217024E-5
4.0557095781E-5
1.1743360665E-5
1.4821451623E-5
4.0432903916E-6
1.0181334801E-5
8.5787149147E-6
1.2521841563E-5
2.2017082665E-5
2.9779376927E-5
3.9953889790E-5
6.1078276486E-5
5.7499774267E-5
3.9160856977E-5
3.1085172667E-5
1.1532986537E-5
-6.9833011367E-6
-4.1095539928E-6
-1.9413768314E-6
2.2399309091E-5
5.9534842149E-5
7.8253343237E-5
8.3848217039E-5
6.8617716900E-5
5.5727653671E-5
1.6754679382E-5
-7.1581802330E-6
-2.0214472897E-5
-6.5933912993E-6
7.5426651166E-6
4.7087052371E-5
7.4676703664E-5
8.0280890690E-5
9.0456893670E-5
7.3657871692E-5
3.5436241887E-5
-8.5168401711E-6
-3.2295694109E-5
-3.2463122624E-5
-2.8598809148E-5
1.7793627921E-5
6.4850121272E-5
9.7374746111E-5
9.9543505350E-5
9.6733169631E-5
5.5035832338E-5
8.8526285254E-6
-3.3471966162E-5
-5.2927993238E-5
-5.4670660757E-5
-2.3797596804E-5
1.3644213323E-5
7.7569787393E-5
1.0661063716E-4
1.0998495855E-4
9.9540513476E-5
4.2097503319E-5
-2.5900301989E-5
-6.5835809802E-5
-8.9883594777E-5
-9.0874615126E-5
-3.1023891642E-5
3.7745083682E-5
1.0580047965E-4
1.3673644280E-4
1.5000267885E-4
9.4482523856E-5
2.7192349079E-5
-5.7924131398E-5
-1.2421390274E-4
-1.5663240338E-4
-1.1297691381E-4
-1.9365549087E-5
9.6275191756E-5
1.9583092071E-4
2.5866370415E-4
2.2823305335E-4
1.2251381995E-4
-2.5694095529E-5
-1.7484003911E-4
-2.6580318808E-4
-2.5054654107E-4
-1.3623263221E-4
6.0909416061E-5
2.6771730045E-4
4.2836826762E-4
4.6030449449E-4
3.0267096589E-4
2.1812040359E-6
-3.4094103612E-4
-5.6659900583E-4
-5.3328829816E-4
-2.4899878772E-4
2.0225385670E-4
5.2873657550E-4
6.0000887606E-4
5.4946374147E-4
3.1895423307E-4
-1.6872280976E-4
-1.0437392048E-3
-1.0621513124E-3
-2.0879623480E-4
9.4363655662E-4
1.9537101034E-3
1.3192201033E-3
1.8082639435E-4
-5.3021968341E-4
-6.9918838562E-4
-6.4939766889E-4
-4.2758719066E-4
-1.2062215246E-4
2.7913277736E-4
7.1595009649E-4
9.6240008714E-4
9.4719716580E-4
4.3825485046E-4
-4.7300070292E-4
-1.4560776530E-3
-1.8490683636E-3
-1.5225295211E-3
-6.1069970253E-4
4.7862851061E-4
1.3183234143E-3
1.5985190868E-3
1.3102649362E-3
6.0948716709E-4
-1.8772315234E-4
-8.0443104962E-4
-1.0475280462E-3
-9.1900954721E-4
-4.8572567757E-4
3.8488104473E-5
4.7277639388E-4
7.0130983368E-4
6.8037816091E-4
4.3985793602E-4
1.1629918590E-4
-1.9932441646E-4
-3.9469676559E-4
-4.4222710423E-4
-3.2013939926E-4
-8.9764001316E-5
1.2582454365E-4
3.0370735330E-4
3.7462391193E-4
3.3729943679E-4
1.9148199353E-4
2.2782373707E-5
-1.5533077530E-4
-2.3998956895E-4
-2.3423277307E-4
-1.4825905673E-4
4.3123262003E-6
1.4637985732E-4
2.5678692618E-4
2.7369991876E-4
2.2486480884E-4
8.5394864435E-5
-3.5579921678E-5
-1.4107552124E-4
-1.8795393407E-4
-1.6428794479E-4
-6.7959143783E-5
5.0184503198E-5
1.6389244702E-4
2.2972209845E-4
2.1229280392E-4
1.4734936412E-4
4.0388747584E-5
-6.3670962119E-5
-1.4270488172E-4
-1.4976836974E-4
-1.0939091444E-4
-1.2700539082E-5
9.0266868940E-5
1.6372095561E-4
1.9156057387E-4
1.7055411590E-4
9.4874063509E-5
4.3495674618E-6
-7.4732117357E-5
-1.1792915175E-4
-1.0412731208E-4
-5.5314868224E-5
2.5988603010E-5
1.1073611677E-4
1.7575455131E-4
1.7840667861E-4
1.3525976101E-4
5.3665495943E-5
-2.3966049775E-5
-9.7685155926E-5
-1.0836198926E-4
-8.4071268796E-5
-1.4559098054E-5
6.6016579514E-5
1.2683912646E-4
1.5726699494E-4
1.3384810882E-4
9.2371541543E-5
6.4362422564E-6
-5.3222419229E-5
-8.3338760308E-5
-9.5655512997E-5
-5.2262272221E-5
1.1488946620E-5
7.9865311275E-5
1.2067767093E-4
1.2908558128E-4
1.1492620688E-4
4.9964874052E-5
-6.3275569118E-6
-6.3524756117E-5
-8.3020224705E-5
-6.8024091890E-5
-1.8232490401E-5
3.3321464434E-5
8.9717714585E-5
1.2978103477E-4
1.3994431356E-4
9.7505957821E-5
4.5092101209E-5
-3.4698471426E-5
-8.4535311910E-5
-8.2734890751E-5
-5.7604641189E-5
7.6144933701E-6
6.9608772175E-5
1.3202200644E-4
8.0208305737E-5
2.2451917175E-5
-6.2071019784E-6
-1.0867882520E-5
-2.7895462699E-5
-3.0886440071E-5
-2.2477516904E-5
3.0619441531E-6
2.5413546245E-5
5.4234301206E-5
7.9299125359E-5
9.7858498340E-5
8.0048991369E-5
3.7485442590E-5
3.2450770959E-6
-3.3057457767E-5
-4.2348261923E-5
-3.0723272356E-5
-1.4014192857E-6
3.7299329414E-5
6.6923466513E-5
8.2027807370E-5
8.1132142806E-5
6.3054810745E-5
3.0039169359E-5
-5.4192612879E-6
-2.1264259703E-5
-3.8859643973E-5
-2.3774069268E-5
1.3858079910E-5
4.5102252625E-5
7.7842199245E-5
8.8971899825E-5
7.4935855813E-5
5.7599321007E-5
1.6529939603E-5
-9.0915244073E-6
-2.6015425100E-5
1.7433776520E-5
5.0107168500E-5
9.1888743922E-5
9.9860352932E-5
8.4037648050E-5
4.2171240784E-5
3.0168215744E-6
-3.7931359839E-5
-7.9650338742E-5
-7.4112077711E-5
-4.1654508095E-5
2.3025739938E-5
7.4110855351E-5
1.2817142997E-4
1.3595382916E-4
9.5730938485E-5
3.5790866240E-5
-4.4854625594E-5
-1.2359193060E-4
-1.4247026993E-4
-1.1764458614E-4
-3.6616693250E-5
6.4437359107E-5
1.5235805185E-4
2.0166127943E-4
1.8329793820E-4
8.1697676798E-5
-4.2419927195E-5
-1.0969582945E-4
-1.3691066997E-4
-8.1566290468E-5
-9.0230023489E-7
3.9356260094E-5
1.3216340449E-5
-3.3110019285E-5
-6.0925411527E-5
-5.5732822512E-5
-1.7236731946E-5
4.0251249447E-5
7.3362642434E-5
9.1127550697E-5
7.4975308965E-5
4.4235249515E-5
2.4681724608E-5
8.5930805654E-6
-8.8469940237E-6
6.1662285589E-6
8.0654281192E-6
2.8076907619E-5
2.7483422309E-5
3.2791122794E-5
3.6587018985E-5
2.2276921663E-5
3.6049331538E-5
3.8652273361E-5
3.8005143869E-5
4.7778035514E-5
4.5236840379E-5
3.3718883059E-5
2.8198014478E-5
1.9349704962E-5
1.3387121726E-5
1.9483570940E-5
1.9706785679E-5
4.6137534082E-5
6.6741404591E-5
6.4236973414E-5
7.4864248747E-5
5.2392832004E-5
2.4414062500E-5
3.4782860891E-5
-2.4931586813E-5
2.4414062500E-5
-2.6121549308E-5
1.5733460896E-5
6.0594081879E-5
7.9203245698E-5
9.9307764323E-5
7.9783308321E-5
4.8315967433E-5
1.1424405966E-5
-2.8188037685E-5
-4.3315987568E-5
-4.3383461889E-5
-1.1609878857E-5
8.9185195976E-6
6.5549358261E-5
9.2295091602E-5
1.0000468465E-4
7.9795729837E-5
3.6581011954E-5
-1.6922783106E-5
-5.7760230267E-5
-6.7528476940E-5
-7.0102210158E-5
-3.0224432702E-5
3.6457169335E-5
9.7401882525E-5
1.3745087199E-4
1.2040677248E-4
9.5570180569E-5
2.6753277052E-5
-4.8849533778E-5
-9.7991945224E-5
-1.2127652299E-4
-8.1371294801E-5
-5.4948846810E-6
9.6234551168E-5
1.6928565456E-4
2.0794584416E-4
1.8799455138E-4
1.1049992172E-4
-1.4534662478E-5
-1.4131116913E-4
-2.1288527642E-4
-2.1531601669E-4
-1.1429884471E-4
5.3611898329E-5
2.6275212876E-4
4.2198358570E-4
4.3354079827E-4
2.8899873140E-4
-2.7955975384E-7
-3.0957197304E-4
-5.0587356091E-4
-5.0252376822E-4
-2.4158455199E-4
1.5181874623E-4
4.8756772885E-4
5.4145527537E-4
4.3281727705E-4
2.8632314642E-4
3.8994732312E-5
-4.4908450219E-4
-7.0212302962E-4
-2.6398989139E-4
7.0830695331E-4
1.2849916704E-3
1.1678760056E-3
2.9275774723E-4
-5.3659700788E-4
-7.3378741508E-4
-6.5233230126E-4
-4.1392180139E-4
-7.3823833375E-5
3.1190646113E-4
6.0314899310E-4
7.1466143709E-4
6.4009896014E-4
3.2415982568E-4
-3.1662164255E-4
-1.0134474957E-3
-1.3940252014E-3
-1.2514482602E-3
-5.5958984885E-4
3.9271148854E-4
1.1994636618E-3
1.6137845814E-3
1.4046435360E-3
6.9108031458E-4
-1.5921017621E-4
-8.6280941031E-4
-1.1820833664E-3
-1.0766026215E-3
-6.1293038307E-4
1.3092765585E-5
5.6117835919E-4
8.7364185601E-4
8.7861659703E-4
5.8552861446E-4
1.5055398689E-4
-2.5336083490E-4
-5.2877410780E-4
-5.7617321144E-4
-4.2590930827E-4
-1.5697730705E-4
1.4251234243E-4
3.6849096650E-4
4.6489718371E-4
4.0850936204E-4
2.3585218005E-4
1.4326639939E-5
-1.8400717527E-4
-2.9155096271E-4
-2.8588511049E-4
-1.7927634763E-4
-1.8906197511E-6
1.6136366176E-4
2.7997294673E-4
3.0910476343E-4
2.4130624952E-4
1.1549157789E-4
-4.1309779044E-5
-1.7339535989E-4
-2.2716596723E-4
-1.6493734438E-4
-6.7768106239E-5
5.7943852153E-5
1.7286427319E-4
2.2727013566E-4
2.2263830761E-4
1.4919157838E-4
4.9171864521E-5
-7.5421412477E-5
-1.4426588314E-4
-1.6319443239E-4
-1.1315599550E-4
-1.1537654791E-5
9.4844552223E-5
1.3931030408E-4
2.4414062500E-5
1.7203681637E-4
1.0235498194E-4
-2.2952444851E-7
-8.8142615280E-5
-1.2440242572E-4
-1.1698931921E-4
-4.6962616035E-5
3.2438465859E-5
1.1653625406E-4
1.6928644618E-4
1.8185942899E-4
1.3537633931E-4
5.5935536512E-5
-3.1105242669E-5
-9.3995744831E-5
-1.1460630922E-4
-8.5371523167E-5
-1.0878953617E-5
5.7109701448E-5
1.3485752279E-4
1.4835600741E-4
1.4698401792E-4
9.3220372221E-5
1.2454390526E-5
-5.6722701994E-5
-1.0121393716E-4
-9.3962263785E-5
-5.4480787367E-5
2.6581017300E-5
8.5196644070E-5
1.3428077800E-4
1.2951020617E-4
9.8364392764E-5
4.6146137174E-5
-1.8059683498E-5
-6.6204392353E-5
-8.2780118103E-5
-7.2307488884E-5
-1.9873259589E-5
3.9200251921E-5
8.0941757190E-5
1.1247937800E-4
1.1001095409E-4
7.2288035883E-5
2.6533822528E-5
-2.3456162307E-5
-5.9181347025E-5
-7.6501735023E-5
-5.0703913439E-5
-6.2702922151E-6
4.7634518705E-5
1.0284401942E-4
1.2614296284E-4
1.1034680065E-4
6.6193868408E-5
1.0826229118E-5
-4.0983106009E-5
-7.3826115114E-5
-7.9335144258E-5
-5.9073464946E-5
-3.5793287680E-6
7.1896472947E-5
1.4024035772E-4
1.6656693770E-4
7.9151720277E-5
-7.9188728706E-6
-2.2521091159E-5
-1.9171624444E-5
-3.1783478334E-5
-1.7999496776E-5
1.2096948922E-6
3.3969793002E-5
6.8964797540E-5
9.0449524581E-5
7.9044245652E-5
6.4006994945E-5
2.2739579435E-5
7.2658294811E-7
-3.5311386454E-5
-2.9194704256E-5
-4.5898370445E-6
1.3711245265E-5
5.2336347289E-5
2.4414062500E-5
8.7838456969E-5
8.0027722291E-5
4.8806972336E-5
2.7206283993E-5
-6.3350540586E-6
-2.6272458489E-5
2.7684425003E-5
5.8155169245E-5
8.7638117842E-5
1.0204582941E-4
7.9039414416E-5
5.5216031615E-5
3.5729026419E-7
-2.5246164295E-5
-5.5493554101E-5
-4.8091565259E-5
-1.8839549739E-5
2.0624359604E-5
6.5650267062E-5
9.1052392965E-5
1.0663744761E-4
8.2083395684E-5
2.9584730509E-5
-3.5730144009E-5
-7.4041471819E-5
-1.0283485754E-4
-6.4733787442E-5
-2.4807394947E-5
4.7247682233E-5
1.1891721515E-4
1.3593912590E-4
1.2330652680E-4
7.1947404652E-5
-1.0805972852E-5
-9.0345263019E-5
2.4414062500E-5
-1.3974320609E-4
-8.2506495530E-5
2.2629357408E-5
1.2696585618E-4
2.0250288071E-4
2.2098594345E-4
1.5622264473E-4
2.4414062500E-5
-6.9479679225E-5
-1.5269663418E-4
-1.6386297066E-4
-8.9186476544E-5
1.3222300913E-5
5.6037842297E-5
5.0769699737E-5
-1.1518259998E-5
2.4414062500E-5
-3.7845352199E-5
1.2426369358E-5
8.2411186307E-5
1.1406163685E-4
1.1545259040E-4
9.3776220458E-5
5.0962693058E-5
7.6095922851E-6
-1.0122952517E-5
-1.9770453218E-5
4.7532143071E-6
1.6006513033E-5
3.6779034417E-5
5.5925932248E-5
5.8224215173E-5
5.2848760970E-5
4.5751407742E-5
5.0712667872E-5
3.7379609420E-5
4.8979534768E-5
6.6250539386E-5
3.8149033207E-5
3.0298018827E-5
2.0395696629E-5
1.6934471205E-5
2.4460919666E-5
1.4416791964E-5
3.3837161026E-5
4.9636512995E-5
5.4854375777E-5
7.9499324786E-5
5.7911861223E-5
4.5556074474E-5
1.2020126451E-5
-8.9629320428E-7
-1.4955026563E-5
-1.3944075908E-5
-3.9004138671E-6
2.4880131240E-5
5.4691208061E-5
1.0050476995E-4
9.9217798562E-5
7.7870837415E-5
3.7890882231E-5
-7.5307441875E-6
-5.6930619758E-5
-8.6802872831E-5
-6.5321684816E-5
-2.5035184807E-5
4.1285087354E-5
8.8765902912E-5
1.2313302141E-4
1.1658460135E-4
8.3316420207E-5
1.5489035286E-5
-4.5463407878E-5
-8.2161568573E-5
-9.9465565291E-5
-7.0195284208E-5
4.1180173867E-6
7.7481870541E-5
1.4767850516E-4
1.6840543831E-4
1.4605271863E-4
8.3362113221E-5
-1.6622350085E-5
-1.0908490513E-4
-1.8321061507E-4
-1.6670193290E-4
-8.6477841252E-5
5.5448489729E-5
2.0743926289E-4
3.2710890517E-4
3.3714611781E-4
2.2142548114E-4
-7.8985816800E-6
-2.9584589646E-4
-4.8319322523E-4
-4.7278499697E-4
-2.0129448967E-4
1.5923497267E-4
4.1728707730E-4
5.0773202674E-4
4.0084678914E-4
2.0550022600E-4
-2.3648526985E-5
-3.8330121898E-4
-7.1512159193E-4
-3.6624930799E-4
4.3417962735E-4
1.0437268298E-3
1.2140721199E-3
3.7169801071E-4
-3.2040522200E-4
-5.1022099796E-4
-3.9673993596E-4
-2.4353229674E-4
-8.3280191760E-5
1.8268892309E-4
4.5260929038E-4
5.7504142168E-4
5.7676722062E-4
2.8473614947E-4
-2.6166718453E-4
-8.7902968516E-4
-1.1957372771E-3
-1.0263787932E-3
-4.7832016135E-4
3.0433932552E-4
1.0073815938E-3
1.3682900346E-3
1.2019149610E-3
6.4359024400E-4
-1.0255490197E-4
-7.8740771860E-4
-1.1381883174E-3
-1.1141642579E-3
-6.6839620704E-4
-2.8717052191E-5
5.6065854150E-4
9.1764508977E-4
9.3911299481E-4
6.5621761605E-4
1.8979026936E-4
-2.6911696186E-4
-6.0934175271E-4
-7.0563498884E-4
-5.5365574080E-4
-2.2463620408E-4
1.6480507329E-4
4.6307852027E-4
5.9407249791E-4
5.1545219029E-4
2.9286053031E-4
6.7703891546E-6
-2.3391915020E-4
-3.7083929637E-4
-3.5299916053E-4
-2.2294494556E-4
-7.8128650785E-6
1.8615924055E-4
3.2383153447E-4
3.4801639849E-4
2.6169446064E-4
1.1456654174E-4
-5.8597128374E-5
-1.9126884872E-4
-2.4389934261E-4
-2.0727420924E-4
-9.3424553054E-5
5.0829595421E-5
1.8153784331E-4
2.6036589406E-4
2.4595154682E-4
1.6818115255E-4
4.0975888259E-5
-8.7029172576E-5
-1.6184723936E-4
-1.8536861753E-4
-1.1452597100E-4
-1.3331824448E-5
9.9969503938E-5
1.8909131177E-4
2.2392027313E-4
1.8582810881E-4
1.0836572619E-4
-6.4170337283E-6
-1.0264873272E-4
-1.3485568343E-4
-1.1090888875E-4
-5.3322676104E-5
3.4999730996E-5
1.2376655359E-4
1.6611666651E-4
1.8532690592E-4
1.2576954905E-4
4.9946364015E-5
-3.3730035647E-5
-1.0176002979E-4
-1.1158636771E-4
-8.1825326200E-5
-1.0656181257E-5
7.4549915736E-5
1.3236381346E-4
1.5775846550E-4
1.3380896998E-4
7.6835812073E-5
4.7555426136E-6
-6.4335402568E-5
-1.0496514151E-4
-9.9217705431E-5
-4.7087122221E-5
2.3325451184E-5
9.0132001790E-5
1.2310509337E-4
1.3985771220E-4
1.0386642535E-4
4.7553470358E-5
-2.1787011064E-5
-6.9988588805E-5
-9.0091384484E-5
-7.2245043705E-5
-1.7016986385E-5
4.6202982776E-5
9.1877963862E-5
1.1662759353E-4
1.1357796611E-4
6.9418223576E-5
2.0522030536E-5
-3.1742372084E-5
-6.1047344935E-5
-5.9564854019E-5
-4.3949671090E-5
-8.6590880531E-7
3.9005605504E-5
8.8245200461E-5
1.1766834650E-4
9.9542585669E-5
6.9573055956E-5
2.2410170640E-5
-2.9900379012E-5
-6.3741148917E-5
-7.0033257364E-5
-4.7757511493E-5
1.6562337987E-5
6.8495562302E-5
1.0245360900E-4
1.1381020304E-4
9.9102547396E-5
6.2717008405E-5
3.0015362427E-6
-4.4759397861E-5
-5.8509723750E-5
-6.6330225674E-5
-3.3078202977E-5
2.0727131050E-5
8.6582649969E-5
1.3307359768E-4
1.4786175452E-4
1.2758169323E-4
1.9766588229E-5
-3.3723784144E-5
-2.9843882657E-5
-1.7313717399E-5
6.7768152804E-6
3.1597691121E-5
4.6681577805E-5
6.7219370978E-5
6.4981798643E-5
6.3286989463E-5
3.9019365794E-5
1.3993296307E-5
-1.0613747872E-5
-2.0560924895E-5
2.2427446674E-5
5.6933483575E-5
7.6020602138E-5
9.5630076250E-5
7.9322571402E-5
4.4442189392E-5
-3.1495699659E-6
-3.9019971154E-5
-6.5211707261E-5
-4.2474095244E-5
-2.4794414639E-5
2.1045724861E-5
5.3321849555E-5
7.6257635376E-5
7.9898501283E-5
5.1372183953E-5
1.6107410193E-5
-3.0727474949E-5
-5.9489032720E-5
-8.4611494097E-5
-6.5522815568E-5
-8.9949578978E-6
4.1232677177E-5
8.5238239264E-5
1.1030375026E-4
1.0335304542E-4
5.9891806450E-5
-8.7678781711E-6
-7.5806037060E-5
-1.0305837495E-4
-1.0081796209E-4
-6.1647151598E-5
1.8517696298E-5
9.2233042235E-5
1.5296881320E-4
1.6641292023E-4
1.2244532118E-4
3.8141978438E-5
-4.0471495595E-5
-1.3162111863E-4
-1.6253350768E-4
-1.3082678197E-4
-4.5797484927E-5
8.1649282950E-5
1.9031917909E-4
2.4594627321E-4
2.3158317199E-4
1.3662674464E-4
1.4167395420E-6
-1.2169497786E-4
-1.8049889477E-4
-1.3537723571E-4
-3.5474426112E-5
4.6632264275E-5
7.4158108330E-5
1.7671019304E-5
-2.4573912378E-5
-4.8718822655E-5
-9.3257520348E-6
4.7206401359E-5
1.0992035968E-4
1.3774507679E-4
1.2050991645E-4
8.2154991107E-5
4.3975119479E-5
-8.9635141194E-7
-1.9058713223E-5
-1.3553129975E-5
-1.5388359316E-6
2.6567326858E-5
4.2069912888E-5
5.7608436328E-5
6.5855565482E-5
5.2196905017E-5
4.9981090706E-5
2.6565452572E-5
2.5746284518E-5
1.4724524226E-5
1.9414466805E-5
2.2203626576E-5
1.9955227617E-5
1.2266798876E-5
-1.2209068518E-5
1.1256511789E-5
2.8694036882E-5
2.5403755716E-5
3.5035714972E-5
4.5003416016E-5
5.4719706531E-5
4.0956295561E-5
2.2522953804E-5
-4.5036314987E-6
-4.0655827615E-5
-5.9744203464E-5
-3.3192255068E-5
-2.6289257221E-6
4.2129226494E-5
6.8069843112E-5
7.8911997846E-5
8.1713427792E-5
5.7902082335E-5
1.4240154997E-5
-3.1722721177E-5
-6.5916473979E-5
-7.3325994893E-5
-4.6911998653E-5
-1.0716496036E-6
9.4505038581E-5
1.6679542605E-4
2.1813695785E-4
2.1685913671E-4
9.4343710228E-5
-4.2222219054E-5
-1.7270523822E-4
-2.7295901673E-4
-2.7276098262E-4
-1.3755921973E-4
9.9740293810E-5
3.1340419081E-4
4.6287548031E-4
4.2484794978E-4
2.0621436415E-4
-6.1495404226E-5
-2.9979858081E-4
-3.9570261725E-4
-3.0573643743E-4
-1.0551693850E-4
1.1717533926E-4
2.8770285425E-4
3.4281257539E-4
2.6000293437E-4
1.5378870303E-4
2.2993062157E-5
-1.6660207184E-4
-4.1225242896E-4
-3.4035735297E-4
2.4394653738E-4
9.4187093199E-4
1.0715379729E-3
5.6543571408E-4
-4.6354022344E-4
-9.0017090551E-4
-7.1690639015E-4
-2.9434674652E-4
-4.2994215618E-5
1.2010477949E-4
2.4592649425E-4
3.2024796818E-4
3.0791006283E-4
1.7799766501E-4
-9.1696344318E-5
-3.9908648470E-4
-6.3809849089E-4
-5.8052468812E-4
-3.3835222711E-4
2.1919471910E-4
9.0128231094E-4
1.3077618555E-3
1.1893801624E-3
6.1819594121E-4
-6.5567111597E-5
-6.0389777646E-4
-8.5210959661E-4
-8.1539930543E-4
-5.0281231524E-4
-4.6805385500E-5
4.0647659918E-4
7.1251062910E-4
7.8882968520E-4
5.7145475875E-4
2.1216974128E-4
-1.9801232265E-4
-5.1187912467E-4
-6.3332874561E-4
-5.2385963498E-4
-2.2001942852E-4
1.3576931087E-4
4.3803181035E-4
5.9194125933E-4
5.6287904735E-4
3.3750436268E-4
1.3995869085E-5
-2.9519418021E-4
-4.6553038993E-4
-4.6289933381E-4
-2.8069018153E-4
-2.7777405921E-5
2.4164763745E-4
4.0397715058E-4
4.2843393750E-4
3.1185245606E-4
1.3078413904E-4
-8.9680007663E-5
-2.3426864063E-4
-2.9350059339E-4
-2.3896143539E-4
-9.9121371752E-5
7.0694659373E-5
2.0771680866E-4
2.9341548215E-4
2.7611956466E-4
1.8531989772E-4
3.4973770379E-5
-9.3698711137E-5
-1.9120726502E-4
-1.9598193467E-4
-1.3255418744E-4
-1.4443928376E-5
1.0490254499E-4
1.9938405603E-4
2.3475550115E-4
2.0269507077E-4
1.0506610852E-4
-1.5924684703E-6
-1.1102936696E-4
-1.5334095806E-4
-1.3243894791E-4
-6.3823687380E-5
4.2309379205E-5
1.3537433697E-4
1.8768963637E-4
2.0377543988E-4
1.4029041631E-4
5.2428431809E-5
-4.1010556743E-5
-1.1053817580E-4
-1.2719671940E-4
-9.3984440902E-5
-1.6148621216E-5
7.7769660858E-5
1.3575685443E-4
1.8045594916E-4
1.5569728566E-4
6.8815087436E-5
-1.2643518858E-6
-6.7897827832E-5
-1.0353908874E-4
-8.7433273441E-5
-4.1630561463E-5
2.6906130369E-5
1.0025015800E-4
1.2775406940E-4
1.3492834987E-4
9.9144654817E-5
3.2593577633E-5
-1.3450183906E-5
-6.4676417971E-5
-9.1739161874E-5
-6.1138265301E-5
-2.1266285330E-5
4.7104211989E-5
9.8398863340E-5
1.3135758927E-4
1.2140272884E-4
7.0612423589E-5
2.1026190370E-5
-2.8554454911E-5
-6.7064852923E-5
-6.3417048661E-5
-4.1378918104E-5
8.5387262517E-6
6.0811848381E-5
9.8707585133E-5
1.0440924671E-4
1.0046246462E-4
6.9299992176E-5
7.3660979980E-6
-3.4022342879E-5
-5.3707836197E-5
-5.1099807024E-5
-3.4048815723E-5
1.9116024486E-5
6.2967604027E-5
1.0062637739E-4
1.1563380249E-4
1.0037843604E-4
4.6723650303E-5
5.8743171394E-7
-4.6427734196E-5
-5.1983329468E-5
-4.8342288938E-5
-1.3555772602E-5
3.1719671096E-5
8.4547337612E-5
1.0404482018E-4
1.2039171997E-4
9.4819697554E-5
4.7360116150E-5
-3.3458811231E-6
-5.7522405406E-5
-7.1465305522E-5
-5.2546814550E-5
-6.0822465457E-6
5.3551420570E-5
1.0794495465E-4
1.5612627612E-4
1.5687490813E-4
6.2329298818E-5
-3.3611000980E-5
-2.4221139028E-5
-5.0018192269E-6
3.2526720314E-5
6.8841385657E-5
1.1514817597E-4
1.2562531046E-4
1.0449257679E-4
4.8857158981E-5
-8.4984814749E-6
-5.6626647712E-5
-7.1594293696E-5
-4.6798470430E-5
-9.5266033896E-6
2.5196955538E-5
6.2586972491E-5
7.1610126180E-5
6.8010622637E-5
5.0352816470E-5
4.3960870243E-6
-1.0861549526E-5
-4.6756607481E-5
-5.1572092344E-5
-3.9248529356E-5
-1.4992314391E-6
4.1067367419E-5
7.4510672132E-5
8.9773791845E-5
8.7992637420E-5
5.6065898389E-5
-1.1418468785E-5
-6.1644124799E-5
-8.9781382124E-5
-8.3345326132E-5
-4.1509571020E-5
3.0553003307E-5
9.0825883674E-5
1.4071029145E-4
9.5118372704E-5
6.7499571016E-5
3.5780353937E-5
-2.9281305614E-5
-7.1012962146E-5
-1.0807013605E-4
-8.0210715534E-5
-1.3209343888E-5
7.7758450063E-5
1.3996532653E-4
1.9464282086E-4
1.7571670469E-4
1.1489928002E-4
1.2177438475E-5
-9.3669828496E-5
-1.6018798342E-4
-1.6521076905E-4
-9.5321284608E-5
2.2253138013E-5
1.5481743030E-4
2.4253608426E-4
2.7504331665E-4
1.9789788639E-4
6.9730996621E-5
-5.4995319807E-5
-1.1546992464E-4
-9.7583793106E-5
-1.4752440620E-5
5.6795612909E-5
5.1772454754E-5
1.4486967120E-5
-5.6291685906E-5
-8.0995843748E-5
-5.4679659661E-5
1.5695346519E-5
8.1376265736E-5
1.3900615740E-4
1.4188834466E-4
1.1596756522E-4
6.2585785055E-5
1.2140395120E-5
-2.1263700909E-5
-4.0433253162E-5
-1.7605430912E-5
3.6016572267E-6
3.5189336631E-5
5.9372442775E-5
6.6019268708E-5
6.2423723285E-5
5.2997411695E-5
3.0763307585E-5
1.5320547391E-5
1.5844416339E-5
8.9973444120E-6
6.7497603595E-6
1.9318354316E-5
1.9236851949E-5
1.2620608322E-5
1.1991010979E-5
-6.3803978265E-6
-4.2824191041E-6
2.8879416640E-5
5.6320091244E-5
8.2307832784E-5
7.4510660491E-5
3.9920478593E-5
7.8241224401E-6
-2.6729574892E-5
-3.7445221096E-5
-4.0254124906E-5
-1.8388428725E-5
1.8635659944E-5
6.3083111310E-5
1.0637063533E-4
1.2533343397E-4
1.1523232097E-4
5.7274603751E-5
-2.6052817702E-5
-1.0198850651E-4
-1.2916286941E-4
-1.3523766538E-4
-6.5713259393E-5
9.1937708205E-5
2.7292135637E-4
4.3876249111E-4
4.7571909381E-4
2.4376851506E-4
-2.1886305185E-4
-6.4966550562E-4
-7.5880435760E-4
-5.1957896211E-4
-5.8907060885E-5
3.3567961072E-4
4.6307267623E-4
3.4098561154E-4
1.0095884791E-4
-1.3904087245E-5
-5.1633513068E-5
-1.0995313059E-4
-1.7455127090E-4
-2.3265717318E-4
1.1007715948E-4
6.8348225905E-4
8.6569191190E-4
5.3669519256E-4
-4.1689139327E-4
-1.0197511059E-3
-9.1986077605E-4
-4.7595506768E-4
-5.2926212084E-5
1.8649734557E-4
2.7308983262E-4
2.8586074477E-4
2.2540524369E-4
1.1669575470E-4
-3.8046750706E-5
-2.5741601130E-4
-3.5545844584E-4
-3.9446963929E-4
-2.1966540953E-4
1.2445619795E-4
5.4066878510E-4
8.1756819273E-4
7.5672512176E-4
4.7524221009E-4
-4.3664127588E-5
-6.4723684919E-4
-9.6643730067E-4
-9.1485339216E-4
-5.1808112766E-4
-3.7201645318E-5
3.3462618011E-4
5.4964211303E-4
5.7621389860E-4
4.0997980397E-4
1.5508896904E-4
-1.2398173567E-4
-3.7278671516E-4
-4.4926656412E-4
-3.8559880341E-4
-1.8014661037E-4
7.7315920501E-5
3.2706161727E-4
5.2373447687E-4
5.2340260007E-4
3.2900790683E-4
3.4483871422E-5
-2.4268903071E-4
-3.8311530371E-4
-4.0275951616E-4
-2.7407252928E-4
-3.2696186098E-5
2.2215882782E-4
4.3475663990E-4
5.0087968120E-4
3.9013861679E-4
1.6635145294E-4
-1.0340076406E-4
-3.0501410364E-4
-3.7734626094E-4
-3.0294584575E-4
-1.3558495557E-4
8.5078156556E-5
2.5672897464E-4
3.4569044364E-4
3.2094829947E-4
2.0737451268E-4
3.8805231451E-5
-1.2212500442E-4
-2.1812053165E-4
-2.3441949161E-4
-1.4760155463E-4
-2.7526018675E-5
1.1856011115E-4
2.1476729307E-4
2.6471011806E-4
2.1025649039E-4
1.1518425308E-4
-1.4696375001E-5
-1.1523450958E-4
-1.6923616640E-4
-1.5456737019E-4
-6.9870240987E-5
3.0798965598E-5
1.3400224270E-4
1.9902846543E-4
1.9881080371E-4
1.4791582944E-4
5.6355132256E-5
-5.3909095005E-5
-1.1623669416E-4
-1.3384645572E-4
-1.0058016051E-4
-1.9206979777E-5
7.8350352126E-5
1.4825087274E-4
1.7488637241E-4
1.5967432409E-4
9.5731543845E-5
7.0959329606E-6
-7.0309266450E-5
-1.1086545419E-4
-1.0693965014E-4
-5.5177137257E-5
1.7983850557E-5
9.2636223419E-5
1.4869520673E-4
1.4201879967E-4
1.2460307917E-4
4.3495977297E-5
-3.1345011666E-5
-7.8576756644E-5
-9.9052092995E-5
-7.3186261582E-5
-2.1445925813E-5
4.7237786930E-5
1.0509889107E-4
1.3376235729E-4
1.2444006279E-4
6.6816003529E-5
3.5762554034E-6
-3.6575330886E-5
-6.7688093989E-5
-6.8050739357E-5
-4.4884590898E-5
-2.6219291612E-6
5.0983624533E-5
8.6424476470E-5
1.0572636966E-4
9.4543455637E-5
5.2990624681E-5
9.0763787740E-6
-3.3139972947E-5
-5.7666993236E-5
-5.1286024973E-5
-2.2627634462E-5
2.2798543795E-5
6.3096010128E-5
1.0145201814E-4
1.1369922431E-4
9.3463447413E-5
5.3138204385E-5
-3.5599572583E-6
-4.0597317275E-5
-5.6648219471E-5
-4.9729540479E-5
-1.8305215053E-5
3.3925229217E-5
8.1548118035E-5
9.8017475105E-5
1.0007928359E-4
7.9044105953E-5
3.4499343018E-5
-8.4253842942E-6
-5.2247813438E-5
-6.2506354881E-5
-4.9154192675E-5
-5.8261561208E-6
4.9670832232E-5
9.6145691353E-5
1.2445786269E-4
1.2255860493E-4
8.4979063834E-5
3.0745880212E-5
-2.8548261615E-5
-6.3624978067E-5
1.7255765851E-5
7.0318905639E-5
9.9557486831E-5
1.0598873487E-4
9.7088259647E-5
5.5450783111E-5
2.8167734854E-6
-5.2634405438E-5
-8.0937112218E-5
-7.6723541137E-5
-3.2860215287E-5
2.2668438032E-5
8.0505595545E-5
1.2758236844E-4
1.2431218056E-4
1.0055955500E-4
1.9602931570E-5
-5.1422801335E-5
-9.6187891906E-5
-1.1183589231E-4
-7.8669737561E-5
-3.2014679164E-6
5.8911694214E-5
1.1599990539E-4
1.1933274800E-4
9.8582217472E-5
4.1232863441E-5
-2.8047664090E-5
-5.7314033621E-5
-6.3454278281E-5
-6.0944654980E-5
-1.7520633992E-5
2.7254992164E-5
7.1890000256E-5
9.7208656373E-5
1.1360774515E-4
8.1660179423E-5
3.1917158048E-5
-2.7719466015E-5
-7.5252179525E-5
-9.5535023140E-5
-6.4579304309E-5
-5.0750095397E-6
7.4868835512E-5
1.4967240859E-4
1.8184909131E-4
1.6754992539E-4
5.4037617520E-5
3.0365074054E-6
-5.1205826459E-5
-1.0658900719E-4
-1.0339511791E-4
-5.6708883495E-5
2.3773708380E-5
1.2714815093E-4
2.1593848942E-4
2.2155123297E-4
1.7675661948E-4
8.4898911884E-5
-5.3611909971E-5
-1.1907431762E-4
-2.0702262409E-4
-1.6571666347E-4
-4.4237100519E-5
9.7790488510E-5
2.0828262204E-4
2.4629953550E-4
1.9024494104E-4
9.0478966016E-5
-6.8353023380E-6
-2.1641817875E-5
3.1427363864E-5
1.0394038400E-4
1.2411102653E-4
8.4397289905E-5
-8.5335457698E-6
-8.0628239085E-5
-1.1355672032E-4
-9.1880583207E-5
-3.0390475876E-5
3.6488112527E-5
1.0757492855E-4
1.4063686831E-4
1.3124883408E-4
8.7870028804E-5
3.8893637247E-5
-1.0877149180E-5
-3.2667582854E-5
-4.6164996457E-5
-3.0992901883E-5
1.2818141840E-6
3.3928931224E-5
5.4226478096E-5
5.5571948178E-5
5.2500015590E-5
2.6158080436E-5
2.9883102978E-5
2.0223041065E-5
1.8892541993E-5
2.2535247262E-5
1.3712118380E-5
4.3295905925E-6
-2.9355287551E-7
-3.6533072125E-5
-6.4746069258E-5
-4.0546921082E-5
1.7189385835E-5
6.7660259085E-5
6.4161885531E-5
8.3856971471E-5
8.1759330353E-5
4.5650580432E-5
-1.8463202286E-5
-4.7904602252E-5
-7.9126097265E-5
-7.4426829817E-5
-1.7775245942E-5
7.1154977196E-5
1.6472085845E-4
2.2796666017E-4
2.1138919983E-4
1.0770926019E-4
-6.9105648436E-5
-2.2526717512E-4
-2.6927135186E-4
-1.9777112175E-4
-3.9394956548E-5
1.9322205335E-4
3.6117947893E-4
3.6394377239E-4
1.7820951762E-4
-9.6717383712E-6
-1.3216627994E-4
-1.0990269948E-4
-1.0375030106E-4
-1.0962410597E-4
2.1175073925E-5
4.6183035010E-4
7.9052596121E-4
5.4132370277E-4
-2.9702616156E-4
-1.4041861752E-3
-1.5776176704E-3
-9.5614017919E-4
-1.5560934553E-4
3.7451210665E-4
5.2368270698E-4
4.5582883759E-4
2.8982107760E-4
1.0375340935E-4
-6.9658469877E-5
-2.1897382103E-4
-2.9507516883E-4
-2.7562681352E-4
-1.3741723960E-4
8.7706092748E-5
3.2952526816E-4
4.9555023433E-4
5.0434910226E-4
3.2070430460E-4
-7.9399906099E-6
-3.7754363148E-4
-6.3570224447E-4
-6.7412727512E-4
-4.5744434466E-4
-6.0250132811E-5
3.9990262595E-4
7.0092641982E-4
7.3238735785E-4
4.9778571119E-4
1.5313908225E-4
-1.2461780571E-4
-2.9717533615E-4
-3.3504223683E-4
-2.5306263706E-4
-1.2570386752E-4
6.6156324466E-5
2.4083169410E-4
3.3217619638E-4
3.1501568154E-4
1.9035252044E-4
5.3389894311E-5
-1.1637184070E-4
-2.8215447673E-4
-3.5940627567E-4
-2.6875244220E-4
-5.4170936347E-5
1.7781126080E-4
2.9259349684E-4
3.2937153009E-4
2.7638229075E-4
1.3328668428E-4
-5.6162755937E-5
-2.4611345725E-4
-3.5638855770E-4
-3.4302425337E-4
-1.6803977778E-4
7.8459968793E-5
3.0975411645E-4
4.3361835417E-4
4.1457740592E-4
2.5862816255E-4
4.5447587035E-5
-1.6197712394E-4
-2.8507191454E-4
-2.9082080581E-4
-1.9039718900E-4
-2.9627582989E-5
1.4873906039E-4
2.5562773226E-4
2.8449408709E-4
2.4009050103E-4
1.1624965118E-4
-2.7722236700E-5
-1.3892166316E-4
-1.9116201438E-4
-1.6544061946E-4
-8.4328500091E-5
4.3073727283E-5
1.5248970594E-4
2.0283905324E-4
2.1983322222E-4
1.5576685546E-4
5.0708511845E-5
-4.6216580086E-5
-1.2471936643E-4
-1.3834438287E-4
-9.9292432426E-5
-1.9618950318E-5
8.0368365164E-5
1.5003621811E-4
1.7655874835E-4
1.4951794874E-4
1.0012465064E-4
2.8739916161E-6
-8.1378931648E-5
-1.1597067351E-4
-1.0550224688E-4
-5.9418950697E-5
2.1361547988E-5
9.9591456822E-5
1.4163166052E-4
1.5564467758E-4
1.2219593627E-4
4.4484226964E-5
-2.8655200730E-5
-8.5543585012E-5
-9.8373286895E-5
-6.5933854786E-5
-2.6324659120E-5
4.9368478358E-5
9.9170987962E-5
1.3334671967E-4
1.2988987146E-4
7.2753557471E-5
1.0395306163E-5
-3.7712103221E-5
-7.1633909831E-5
-8.2236016172E-5
-4.1472783778E-5
6.2798731961E-6
4.9538188614E-5
8.8208448144E-5
1.0750882793E-4
8.8519765998E-5
5.3851422854E-5
3.0286610126E-7
-3.8378487806E-5
-5.6422094350E-5
-4.0017557330E-5
-1.4812150039E-5
2.9365811496E-5
7.3510652876E-5
9.4525620809E-5
9.7632873805E-5
8.5790932647E-5
4.1500199586E-5
-2.0896666683E-6
-3.8887944538E-5
-5.2859843708E-5
-4.7044979874E-5
-3.8821715862E-6
3.0303443781E-5
7.4615131601E-5
9.4993016685E-5
1.0105925612E-4
7.8668759673E-5
3.8737489375E-5
-1.0328763165E-5
-4.2937567923E-5
-5.3827697412E-5
-3.8391060661E-5
5.3429976106E-6
4.4472166337E-5
8.2539324651E-5
1.1999655981E-4
1.1151892832E-4
7.7462731863E-5
3.7852965760E-5
-2.7462537400E-5
-6.1920168811E-5
9.4548566268E-6
6.2265689485E-5
1.0346862255E-4
1.1366077233E-4
9.8709214947E-5
5.3467648104E-5
6.7263375969E-6
-4.9658503850E-5
-7.8211736402E-5
-8.1505882557E-5
-3.1527772079E-5
3.1515071168E-5
8.1096997021E-5
1.2165254448E-4
1.1824790854E-4
7.2757888121E-5
1.4253624249E-5
-4.3283146806E-5
-9.0282107706E-5
-9.9579629025E-5
-7.8460550869E-5
-8.0607016571E-6
4.9658399075E-5
1.0945957620E-4
1.2080128072E-4
1.0490574641E-4
6.0941756238E-5
-1.2710981537E-5
-8.1065890847E-5
-1.1114667868E-4
-1.1254827259E-4
-5.3664203734E-5
3.2966211437E-5
1.0906601092E-4
1.4710332034E-4
1.5979473246E-4
1.1584835593E-4
3.6454387009E-5
-4.9049383961E-5
-9.1783551035E-5
-1.1060347315E-4
-6.8787380589E-5
-8.5264211521E-6
7.3370651809E-5
1.2936631683E-4
1.3640815159E-4
1.3432040578E-4
7.8261969613E-5
5.7934434154E-6
-6.4748048318E-5
-1.0672444478E-4
-1.1423995020E-4
-6.2426680235E-5
2.6878365315E-5
1.3158789370E-4
2.0053158514E-4
2.2974814055E-4
1.4210439985E-4
4.3191597797E-6
-1.3612210750E-5
-7.4411742392E-5
-1.0529862484E-4
-9.3198288233E-5
-3.2205181196E-5
8.7249861101E-5
1.9130969886E-4
2.5037623709E-4
2.3201314034E-4
1.3390062377E-4
4.9713999034E-6
-1.0827305960E-4
-1.7895638011E-4
-1.6465695808E-4
-6.2019296457E-5
3.8739212322E-5
1.2086987263E-4
1.0849543614E-4
1.8054153770E-5
-5.4721196649E-5
-5.6377483998E-5
2.0619097631E-5
1.1963170255E-4
1.9767308841E-4
1.9446485676E-4
1.2879382120E-4
3.7816388067E-5
-5.3265993484E-5
-1.1725554941E-4
-1.2372836936E-4
-8.3052972334E-5
-1.5127228107E-5
5.5673776660E-5
1.0036649183E-4
1.2206851970E-4
9.7098702101E-5
4.7985895072E-5
3.5137636588E-6
-1.6477308236E-5
-4.6895816922E-5
-3.7803314626E-5
-1.6005279031E-5
1.0770501103E-5
3.0021148267E-5
3.0748825519E-5
3.9504468441E-5
2.8575723990E-5
2.8097804170E-5
4.7665124293E-5
6.6331634299E-5
9.2622276863E-5
9.6083921382E-5
3.6196247674E-5
-3.5016378387E-5
-4.1606824380E-5
-4.7125865240E-5
-2.9045122209E-5
5.2173272707E-6
7.9172535336E-5
1.5825044829E-4
2.0746220834E-4
1.8011567881E-4
7.8561226839E-5
-6.8929686678E-5
-1.7969894689E-4
-2.0465144189E-4
-1.2051545782E-4
3.3715623431E-6
1.1715539731E-4
2.0231818780E-4
2.0009997534E-4
1.2977421284E-4
3.6541605369E-7
-6.8379880396E-5
-9.6418068281E-5
-6.4187136014E-5
-2.4456018582E-5
6.6713930575E-5
2.1800016984E-4
4.2671258562E-4
3.5025693941E-4
-1.7400817014E-4
-1.0278269416E-3
-1.5823457856E-3
-1.1877968209E-3
-2.8735122177E-4
5.2393475779E-4
8.9889386436E-4
8.6281637195E-4
5.1469475729E-4
1.4798321063E-4
-1.3865503715E-4
-3.0647097155E-4
-3.4351364011E-4
-2.6145053562E-4
-1.0949699208E-4
9.6135924106E-5
3.0492243822E-4
4.0752015776E-4
3.8360618055E-4
2.3104235297E-4
-2.5959068443E-5
-2.4746485288E-4
-4.0763034487E-4
-4.5529794881E-4
-3.2221390865E-4
-4.4639513363E-5
3.0033334623E-4
5.4684146306E-4
6.0923569835E-4
4.5718600742E-4
1.6678372631E-4
-1.5336319338E-4
-4.0520486656E-4
-4.9819062697E-4
-3.9098140552E-4
-1.2819309486E-4
8.4080256059E-5
2.4791471660E-4
3.0844142892E-4
3.0323175014E-4
1.9023353234E-4
4.5946671162E-5
-9.1749290006E-5
-1.6818573931E-4
-1.9204779528E-4
-9.7070739141E-5
-1.1991418432E-5
7.1820570158E-5
1.8576605944E-4
2.8783177258E-4
2.8934305300E-4
1.5291569289E-4
-3.7918216549E-5
-1.7173711676E-4
-1.9367169589E-4
-1.6092929291E-4
-7.5635488614E-5
3.3317168709E-5
1.7660792219E-4
2.7931178919E-4
3.2504303380E-4
2.4803420529E-4
6.1447371264E-5
-1.5712612076E-4
-3.4637914504E-4
-3.7599666976E-4
-2.8033263515E-4
-5.2017392591E-5
1.7783694202E-4
3.4193048485E-4
3.8903820097E-4
3.0394877539E-4
1.4898671070E-4
-4.2574142572E-5
-1.7714104615E-4
-2.5192203466E-4
-2.2983128438E-4
-1.0602192488E-4
3.9619405288E-5
1.6868720995E-4
2.5237132795E-4
2.5009358069E-4
1.7620881554E-4
5.0162174739E-5
-6.6720321775E-5
-1.4441784005E-4
-1.7414347967E-4
-1.2121599866E-4
-1.8803274724E-5
8.1267685167E-5
1.6982259694E-4
1.9661594415E-4
1.7003050307E-4
9.3604845463E-5
8.1407837570E-6
-8.7630213241E-5
-1.1773384176E-4
-1.2067022035E-4
-6.1066634954E-5
2.9696489218E-5
9.9043594674E-5
1.4472127659E-4
1.6262738500E-4
1.1401267257E-4
4.8443616834E-5
-3.1356420367E-5
-8.5407192822E-5
-9.8494067790E-5
-8.1814581066E-5
-2.3455906193E-5
4.6834163368E-5
1.0798621224E-4
1.3778994325E-4
1.2707135174E-4
7.7855878046E-5
2.0003539976E-5
-3.5601959097E-5
-7.3531467935E-5
-7.0673250595E-5
-4.9580330961E-5
-5.2697258070E-6
6.8674562501E-5
1.0282837320E-4
1.1641861638E-4
9.2895969286E-5
5.3326389752E-5
7.7127944678E-6
-4.0941510815E-5
-5.9103907553E-5
-5.9820804746E-5
-3.1245592981E-5
2.9608875046E-5
7.0637266619E-5
1.0573139880E-4
1.0622321861E-4
1.0164208943E-4
5.7678215672E-5
-1.0094058234E-5
-5.6240207051E-5
-7.5761321935E-5
-7.7570206488E-5
-2.4105724878E-5
5.3662864957E-5
1.0391661199E-4
1.0908757104E-4
8.1893976314E-5
5.8023899328E-5
2.7908186893E-5
-5.6011253036E-6
-4.3738447130E-5
-5.0898105838E-5
-3.6970246583E-5
1.3176945504E-5
6.5311731306E-5
9.3583180572E-5
1.0545798577E-4
1.0448908434E-4
7.4242975099E-5
2.3723754565E-5
-2.0511355251E-5
-5.1165709738E-5
9.5696188510E-6
5.1562557929E-5
9.5879228322E-5
1.0146517307E-4
9.3809841203E-5
5.1623815671E-5
-2.8720358387E-6
-3.5550678148E-5
-7.8167102767E-5
-7.0132827389E-5
-4.0460203309E-5
1.5661737416E-5
8.5908244366E-5
1.1185195763E-4
1.2931055389E-4
8.9451810347E-5
2.4646904785E-5
-4.1770958341E-5
-8.9490949179E-5
-1.0026742239E-4
-6.7746767311E-5
-2.7739908546E-6
5.1005650312E-5
1.1146434117E-4
1.1843184475E-4
9.5485907516E-5
5.2955863066E-5
-1.0185199790E-5
-6.5352139065E-5
-9.0105342681E-5
-7.5816770552E-5
-3.8952229079E-5
2.3159873671E-5
8.6939125324E-5
1.3901620405E-4
1.5370614128E-4
1.0536691407E-4
2.8301368001E-5
-2.7733261231E-5
-1.0218663374E-4
-1.1947524035E-4
-9.6994137859E-5
-3.0560209415E-5
7.6805544088E-5
1.6347651835E-4
2.0452579483E-4
1.8387450837E-4
1.1163430754E-4
2.9069255106E-6
-1.0051827412E-4
-1.5477129491E-4
-1.4584322926E-4
-6.7321478856E-5
3.5420770290E-5
1.2683803216E-4
2.0730829565E-4
2.1388271125E-4
1.6006369842E-4
6.3985853923E-5
-4.0302297566E-5
-1.3804599875E-4
-1.7881374806E-4
-1.4805549290E-4
-3.0554889235E-5
1.0042454815E-4
2.3355770390E-4
2.3997419048E-4
1.1651426321E-4
5.6642363780E-5
-6.5230415203E-6
-4.2824319098E-5
-1.0120568332E-4
-1.1213087710E-4
-6.8669498435E-5
2.3561832495E-5
1.3202225091E-4
2.0691733807E-4
2.1181971533E-4
1.4064975548E-4
4.5976473484E-5
-3.8626196328E-5
-5.4478598759E-5
-7.6613854617E-6
9.4325293323E-5
1.3276408426E-4
8.0762756991E-5
-4.8855645582E-5
-1.5946044587E-4
-2.0595889073E-4
-1.4825577382E-4
-4.0686991997E-5
8.3317852115E-5
1.8110150704E-4
2.0089549944E-4
1.7153290100E-4
9.6102780665E-5
4.6332133933E-7
-7.1401079187E-5
-1.0819012532E-4
-9.2340353879E-5
-5.7146931068E-5
1.0087841656E-5
5.8429560159E-5
1.0334443068E-4
9.7859790551E-5
7.2580529378E-5
4.1001103818E-5
1.5069299843E-5
1.3536412735E-5
1.3085198589E-6
1.3867509551E-5
1.7539458349E-5
-3.1773350202E-6
-2.3105624131E-5
-4.3405697215E-5
-4.1467568371E-5
-5.1330425777E-6
1.1371159926E-4
1.9182782853E-4
1.5644176164E-4
1.0955354665E-4
3.0099519062E-5
-6.2482012438E-5
-9.7593199464E-5
-1.0660468834E-4
-4.1389977560E-5
2.8279935940E-5
1.1789971031E-4
1.6761850565E-4
1.7005974660E-4
8.8028400207E-5
-5.4637202994E-6
-6.7006819883E-5
-5.6437787135E-5
-7.5192074292E-6
3.4553604200E-5
4.3285940773E-5
9.9903601224E-5
1.5762416879E-4
1.6235033982E-4
-2.1200382616E-5
-3.9563447936E-4
-8.0532273278E-4
-8.5475194501E-4
-2.9665860346E-4
4.8887068406E-4
0.0000000000E+0
0.0000000000E+0
0.0000000000E+0
0.0000000000E+0
0.0000000000E+0
0.0000000000E+0
0.0000000000E+0
0.0000000000E+0
0.0000000000E+0
0.0000000000E+0
0.0000000000E+0
0.0000000000E+0
0.0000000000E+0
0.0000000000E+0
0.0000000000E+0
0.0000000000E+0
0.0000000000E+0
0.0000000000E+0
0.0000000000E+0
0.0000000000E+0
0.0000000000E+0
0.0000000000E+0
0.0000000000E+0
0.0000000000E+0
0.0000000000E+0
0.0000000000E+0
0.0000000000E+0
0.0000000000E+0
0.0000000000E+0
0.0000000000E+0
0.0000000000E+0
0.0000000000E+0
0.0000000000E+0
0.0000000000E+0
0.0000000000E+0
0.0000000000E+0
0.0000000000E+0
0.0000000000E+0
0.0000000000E+0
0.0000000000E+0
0.0000000000E+0
0.0000000000E+0
0.0000000000E+0
0.0000000000E+0
0.0000000000E+0
0.0000000000E+0
0.0000000000E+0
0.0000000000E+0
0.0000000000E+0
0.0000000000E+0
0.0000000000E+0
0.0000000000E+0
0.0000000000E+0
0.0000000000E+0
0.0000000000E+0
0.0000000000E+0
0.0000000000E+0
0.0000000000E+0
0.0000000000E+0
0.0000000000E+0
0.0000000000E+0
0.0000000000E+0
0.0000000000E+0
0.0000000000E+0
0.0000000000E+0
0.0000000000E+0
0.0000000000E+0
0.0000000000E+0
0.0000000000E+0
0.0000000000E+0
0.0000000000E+0
0.0000000000E+0
0.0000000000E+0
0.0000000000E+0
0.0000000000E+0
0.0000000000E+0
0.0000000000E+0
0.0000000000E+0
0.0000000000E+0
0.0000000000E+0
0.0000000000E+0
0.0000000000E+0
0.0000000000E+0
0.0000000000E+0
0.0000000000E+0
0.0000000000E+0
0.0000000000E+0
0.0000000000E+0
0.0000000000E+0
0.0000000000E+0
0.0000000000E+0
0.0000000000E+0
0.0000000000E+0
0.0000000000E+0
0.0000000000E+0
0.0000000000E+0
0.0000000000E+0
0.0000000000E+0
0.0000000000E+0
0.0000000000E+0
0.0000000000E+0
0.0000000000E+0
0.0000000000E+0
0.0000000000E+0
0.0000000000E+0
0.0000000000E+0
0.0000000000E+0
0.0000000000E+0
0.0000000000E+0
0.0000000000E+0
0.0000000000E+0
0.0000000000E+0
0.0000000000E+0
0.0000000000E+0
0.0000000000E+0
0.0000000000E+0
0.0000000000E+0
0.0000000000E+0
0.0000000000E+0
0.0000000000E+0
0.0000000000E+0
0.0000000000E+0
0.0000000000E+0
0.0000000000E+0
0.0000000000E+0
0.0000000000E+0
0.0000000000E+0
0.0000000000E+0
0.0000000000E+0
0.0000000000E+0
0.0000000000E+0
0.0000000000E+0
0.0000000000E+0
0.0000000000E+0
0.0000000000E+0
0.0000000000E+0
0.0000000000E+0
0.0000000000E+0
0.0000000000E+0
0.0000000000E+0
0.0000000000E+0
0.0000000000E+0
0.0000000000E+0
0.0000000000E+0
0.0000000000E+0
0.0000000000E+0
0.0000000000E+0
0.0000000000E+0
0.0000000000E+0
0.0000000000E+0
0.0000000000E+0
0.0000000000E+0
0.0000000000E+0
0.0000000000E+0
0.0000000000E+0
0.0000000000E+0
0.0000000000E+0
0.0000000000E+0
0.0000000000E+0
0.0000000000E+0
0.0000000000E+0
0.0000000000E+0
0.0000000000E+0
0.0000000000E+0
0.0000000000E+0
0.0000000000E+0
0.0000000000E+0
0.0000000000E+0
0.0000000000E+0
0.0000000000E+0
0.0000000000E+0
0.0000000000E+0
0.0000000000E+0
0.0000000000E+0
0.0000000000E+0
0.0000000000E+0
0.0000000000E+0
0.0000000000E+0
0.0000000000E+0
0.0000000000E+0
0.0000000000E+0
0.0000000000E+0
0.0000000000E+0
0.0000000000E+0
0.0000000000E+0
0.0000000000E+0
0.0000000000E+0
0.0000000000E+0
0.0000000000E+0
0.0000000000E+0
0.0000000000E+0
0.0000000000E+0
0.0000000000E+0
0.0000000000E+0
0.0000000000E+0
0.0000000000E+0
0.0000000000E+0
0.0000000000E+0
0.0000000000E+0
0.0000000000E+0
0.0000000000E+0
0.0000000000E+0
0.0000000000E+0
0.0000000000E+0
0.0000000000E+0
0.0000000000E+0
0.0000000000E+0
0.0000000000E+0
0.0000000000E+0
0.0000000000E+0
0.0000000000E+0
0.0000000000E+0
0.0000000000E+0
0.0000000000E+0
0.0000000000E+0
0.0000000000E+0
0.0000000000E+0
0.0000000000E+0
0.0000000000E+0
0.0000000000E+0
0.0000000000E+0
0.0000000000E+0
0.0000000000E+0
0.0000000000E+0
0.0000000000E+0
0.0000000000E+0
0.0000000000E+0
0.0000000000E+0
0.0000000000E+0
0.0000000000E+0
0.0000000000E+0
0.0000000000E+0
0.0000000000E+0
0.0000000000E+0
0.0000000000E+0
0.0000000000E+0
0.0000000000E+0
0.0000000000E+0
0.0000000000E+0
0.0000000000E+0
0.0000000000E+0
0.0000000000E+0
0.0000000000E+0
0.0000000000E+0
0.0000000000E+0
0.0000000000E+0
0.0000000000E+0
0.0000000000E+0
0.0000000000E+0
0.0000000000E+0
0.0000000000E+0
0.0000000000E+0
0.0000000000E+0
0.0000000000E+0
0.0000000000E+0
0.0000000000E+0
0.0000000000E+0
0.0000000000E+0
0.0000000000E+0
0.0000000000E+0
0.0000000000E+0
0.0000000000E+0
0.0000000000E+0
0.0000000000E+0
0.0000000000E+0
0.0000000000E+0
0.0000000000E+0
0.0000000000E+0
0.0000000000E+0
0.0000000000E+0
0.0000000000E+0
0.0000000000E+0
0.0000000000E+0
0.0000000000E+0
0.0000000000E+0
0.0000000000E+0
0.0000000000E+0
0.0000000000E+0
0.0000000000E+0
0.0000000000E+0
0.0000000000E+0
0.0000000000E+0
0.0000000000E+0
0.0000000000E+0
0.0000000000E+0
0.0000000000E+0
0.0000000000E+0
0.0000000000E+0
0.0000000000E+0
0.0000000000E+0
0.0000000000E+0
0.0000000000E+0
0.0000000000E+0
0.0000000000E+0
0.0000000000E+0
0.0000000000E+0
0.0000000000E+0
0.0000000000E+0
0.0000000000E+0
0.0000000000E+0
0.0000000000E+0
0.0000000000E+0
0.0000000000E+0
0.0000000000E+0
0.0000000000E+0
0.0000000000E+0
0.0000000000E+0
0.0000000000E+0
0.0000000000E+0
0.0000000000E+0
0.0000000000E+0
0.0000000000E+0
0.0000000000E+0
0.0000000000E+0
0.0000000000E+0
0.0000000000E+0
0.0000000000E+0
0.0000000000E+0
0.0000000000E+0
0.0000000000E+0
0.0000000000E+0
0.0000000000E+0
0.0000000000E+0
0.0000000000E+0
0.0000000000E+0
0.0000000000E+0
0.0000000000E+0
0.0000000000E+0
0.0000000000E+0
0.0000000000E+0
0.0000000000E+0
0.0000000000E+0
0.0000000000E+0
0.0000000000E+0
0.0000000000E+0
0.0000000000E+0
0.0000000000E+0
0.0000000000E+0
0.0000000000E+0
0.0000000000E+0
0.0000000000E+0
0.0000000000E+0
0.0000000000E+0
0.0000000000E+0
0.0000000000E+0
0.0000000000E+0
0.0000000000E+0
0.0000000000E+0
0.0000000000E+0
0.0000000000E+0
0.0000000000E+0
0.0000000000E+0
0.0000000000E+0
0.0000000000E+0
0.0000000000E+0
0.0000000000E+0
0.0000000000E+0
0.0000000000E+0
0.0000000000E+0
0.0000000000E+0
0.0000000000E+0
0.0000000000E+0
0.0000000000E+0
0.0000000000E+0
0.0000000000E+0
0.0000000000E+0
0.0000000000E+0
0.0000000000E+0
0.0000000000E+0
0.0000000000E+0
0.0000000000E+0
0.0000000000E+0
0.0000000000E+0
0.0000000000E+0
0.0000000000E+0
0.0000000000E+0
0.0000000000E+0
0.0000000000E+0
0.0000000000E+0
0.0000000000E+0
0.0000000000E+0
0.0000000000E+0
0.0000000000E+0
0.0000000000E+0
0.0000000000E+0
0.0000000000E+0
0.0000000000E+0
0.0000000000E+0
0.0000000000E+0
0.0000000000E+0
0.0000000000E+0
0.0000000000E+0
0.0000000000E+0
0.0000000000E+0
0.0000000000E+0
0.0000000000E+0
0.0000000000E+0
0.0000000000E+0
0.0000000000E+0
0.0000000000E+0
0.0000000000E+0
0.0000000000E+0
0.0000000000E+0
0.0000000000E+0
0.0000000000E+0
0.0000000000E+0
0.0000000000E+0
0.0000000000E+0
0.0000000000E+0
0.0000000000E+0
0.0000000000E+0
0.0000000000E+0
0.0000000000E+0
0.0000000000E+0
0.0000000000E+0
0.0000000000E+0
0.0000000000E+0
0.0000000000E+0
0.0000000000E+0
0.0000000000E+0
0.0000000000E+0
0.0000000000E+0
0.0000000000E+0
0.0000000000E+0
0.0000000000E+0
0.0000000000E+0
0.0000000000E+0
0.0000000000E+0
0.0000000000E+0
0.0000000000E+0
0.0000000000E+0
0.0000000000E+0
0.0000000000E+0
0.0000000000E+0
0.0000000000E+0
0.0000000000E+0
0.0000000000E+0
0.0000000000E+0
0.0000000000E+0
0.0000000000E+0
0.0000000000E+0
0.0000000000E+0
0.0000000000E+0
0.0000000000E+0
0.0000000000E+0
0.0000000000E+0
0.0000000000E+0
0.0000000000E+0
0.0000000000E+0
0.0000000000E+0
0.0000000000E+0
0.0000000000E+0
0.0000000000E+0
0.0000000000E+0
0.0000000000E+0
0.0000000000E+0
0.0000000000E+0
0.0000000000E+0
0.0000000000E+0
0.0000000000E+0
0.0000000000E+0
0.0000000000E+0
0.0000000000E+0
0.0000000000E+0
0.0000000000E+0
0.0000000000E+0
0.0000000000E+0
0.0000000000E+0
0.0000000000E+0
0.0000000000E+0
0.0000000000E+0
0.0000000000E+0
0.0000000000E+0
0.0000000000E+0
0.0000000000E+0
0.0000000000E+0
0.0000000000E+0
0.0000000000E+0
0.0000000000E+0
0.0000000000E+0
0.0000000000E+0
0.0000000000E+0
0.0000000000E+0
0.0000000000E+0
0.0000000000E+0
0.0000000000E+0
0.0000000000E+0
0.0000000000E+0
0.0000000000E+0
0.0000000000E+0
0.0000000000E+0
0.0000000000E+0
0.0000000000E+0
0.0000000000E+0
0.0000000000E+0
0.0000000000E+0
0.0000000000E+0
0.0000000000E+0
0.0000000000E+0
0.0000000000E+0
0.0000000000E+0
0.0000000000E+0
0.0000000000E+0
0.0000000000E+0
0.0000000000E+0
0.0000000000E+0
0.0000000000E+0
0.0000000000E+0
0.0000000000E+0
0.0000000000E+0
0.0000000000E+0
0.0000000000E+0
0.0000000000E+0
0.0000000000E+0
0.0000000000E+0
0.0000000000E+0
0.0000000000E+0
0.0000000000E+0
0.0000000000E+0
0.0000000000E+0
0.0000000000E+0
0.0000000000E+0
0.0000000000E+0
0.0000000000E+0
0.0000000000E+0
0.0000000000E+0
0.0000000000E+0
0.0000000000E+0
0.0000000000E+0
0.0000000000E+0
0.0000000000E+0
0.0000000000E+0
0.0000000000E+0
0.0000000000E+0
0.0000000000E+0
0.0000000000E+0
0.0000000000E+0
0.0000000000E+0
0.0000000000E+0
0.0000000000E+0
0.0000000000E+0
0.0000000000E+0
0.0000000000E+0
0.0000000000E+0
0.0000000000E+0
0.0000000000E+0
0.0000000000E+0
0.0000000000E+0
0.0000000000E+0
0.0000000000E+0
0.0000000000E+0
0.0000000000E+0
0.0000000000E+0
0.0000000000E+0
0.0000000000E+0
0.0000000000E+0
0.0000000000E+0
0.0000000000E+0
0.0000000000E+0
0.0000000000E+0
0.0000000000E+0
0.0000000000E+0
0.0000000000E+0
0.0000000000E+0
0.0000000000E+0
0.0000000000E+0
0.0000000000E+0
0.0000000000E+0
0.0000000000E+0
0.0000000000E+0
0.0000000000E+0
0.0000000000E+0
0.0000000000E+0
0.0000000000E+0
0.0000000000E+0
0.0000000000E+0
0.0000000000E+0
0.0000000000E+0
0.0000000000E+0
0.0000000000E+0
0.0000000000E+0
0.0000000000E+0
0.0000000000E+0
0.0000000000E+0
0.0000000000E+0
0.0000000000E+0
0.0000000000E+0
0.0000000000E+0
0.0000000000E+0
0.0000000000E+0
0.0000000000E+0
0.0000000000E+0
0.0000000000E+0
0.0000000000E+0
0.0000000000E+0
0.0000000000E+0
0.0000000000E+0
0.0000000000E+0
0.0000000000E+0
0.0000000000E+0
0.0000000000E+0
0.0000000000E+0
0.0000000000E+0
0.0000000000E+0
0.0000000000E+0
0.0000000000E+0
0.0000000000E+0
0.0000000000E+0
0.0000000000E+0
0.0000000000E+0
0.0000000000E+0
0.0000000000E+0
0.0000000000E+0
0.0000000000E+0
0.0000000000E+0
0.0000000000E+0
0.0000000000E+0
0.0000000000E+0
0.0000000000E+0
0.0000000000E+0
0.0000000000E+0
0.0000000000E+0
0.0000000000E+0
0.0000000000E+0
0.0000000000E+0
0.0000000000E+0
0.0000000000E+0
0.0000000000E+0
0.0000000000E+0
0.0000000000E+0
0.0000000000E+0
0.0000000000E+0
0.0000000000E+0
0.0000000000E+0
0.0000000000E+0
0.0000000000E+0
0.0000000000E+0
0.0000000000E+0
0.0000000000E+0
0.0000000000E+0
0.0000000000E+0
0.0000000000E+0
0.0000000000E+0
0.0000000000E+0
0.0000000000E+0
0.0000000000E+0
0.0000000000E+0
0.0000000000E+0
0.0000000000E+0
0.0000000000E+0
0.0000000000E+0
0.0000000000E+0
0.0000000000E+0
0.0000000000E+0
0.0000000000E+0
0.0000000000E+0
0.0000000000E+0
0.0000000000E+0
0.0000000000E+0
0.0000000000E+0
0.0000000000E+0
0.0000000000E+0
0.0000000000E+0
0.0000000000E+0
0.0000000000E+0
0.0000000000E+0
0.0000000000E+0
0.0000000000E+0
0.0000000000E+0
0.0000000000E+0
0.0000000000E+0
0.0000000000E+0
0.0000000000E+0
0.0000000000E+0
0.0000000000E+0
0.0000000000E+0
0.0000000000E+0
0.0000000000E+0
0.0000000000E+0
0.0000000000E+0
0.0000000000E+0
0.0000000000E+0
0.0000000000E+0
0.0000000000E+0
0.0000000000E+0
0.0000000000E+0
0.0000000000E+0
0.0000000000E+0
0.0000000000E+0
0.0000000000E+0
0.0000000000E+0
0.0000000000E+0
0.0000000000E+0
0.0000000000E+0
0.0000000000E+0
0.0000000000E+0
0.0000000000E+0
0.0000000000E+0
0.0000000000E+0
0.0000000000E+0
0.0000000000E+0
0.0000000000E+0
0.0000000000E+0
0.0000000000E+0
0.0000000000E+0
0.0000000000E+0
0.0000000000E+0
0.0000000000E+0
0.0000000000E+0
0.0000000000E+0
0.0000000000E+0
0.0000000000E+0
0.0000000000E+0
0.0000000000E+0
0.0000000000E+0
0.0000000000E+0
0.0000000000E+0
0.0000000000E+0
0.0000000000E+0
0.0000000000E+0
0.0000000000E+0
0.0000000000E+0
0.0000000000E+0
0.0000000000E+0
0.0000000000E+0
0.0000000000E+0
0.0000000000E+0
0.0000000000E+0
0.0000000000E+0
0.0000000000E+0
0.0000000000E+0
0.0000000000E+0
0.0000000000E+0
0.0000000000E+0
0.0000000000E+0
0.0000000000E+0
0.0000000000E+0
0.0000000000E+0
0.0000000000E+0
0.0000000000E+0
0.0000000000E+0
0.0000000000E+0
0.0000000000E+0
0.0000000000E+0
0.0000000000E+0
0.0000000000E+0
0.0000000000E+0
0.0000000000E+0
0.0000000000E+0
0.0000000000E+0
0.0000000000E+0
0.0000000000E+0
0.0000000000E+0
0.0000000000E+0
0.0000000000E+0
0.0000000000E+0
0.0000000000E+0
0.0000000000E+0
0.0000000000E+0
0.0000000000E+0
0.0000000000E+0
0.0000000000E+0
0.0000000000E+0
0.0000000000E+0
0.0000000000E+0
0.0000000000E+0
0.0000000000E+0
0.0000000000E+0
0.0000000000E+0
0.0000000000E+0
0.0000000000E+0
0.0000000000E+0
0.0000000000E+0
0.0000000000E+0
0.0000000000E+0
0.0000000000E+0
0.0000000000E+0
0.0000000000E+0
0.0000000000E+0
0.0000000000E+0
0.0000000000E+0
0.0000000000E+0
0.0000000000E+0
0.0000000000E+0
0.0000000000E+0
0.0000000000E+0
0.0000000000E+0
0.0000000000E+0
0.0000000000E+0
0.0000000000E+0
0.0000000000E+0
0.0000000000E+0
0.0000000000E+0
0.0000000000E+0
0.0000000000E+0
0.0000000000E+0
0.0000000000E+0
0.0000000000E+0
0.0000000000E+0
0.0000000000E+0
0.0000000000E+0
0.0000000000E+0
0.0000000000E+0
0.0000000000E+0
0.0000000000E+0
0.0000000000E+0
0.0000000000E+0
0.0000000000E+0
0.0000000000E+0
0.0000000000E+0
0.0000000000E+0
0.0000000000E+0
0.0000000000E+0
0.0000000000E+0
0.0000000000E+0
0.0000000000E+0
0.0000000000E+0
0.0000000000E+0
0.0000000000E+0
0.0000000000E+0
0.0000000000E+0
0.0000000000E+0
0.0000000000E+0
0.0000000000E+0
0.0000000000E+0
0.0000000000E+0
0.0000000000E+0
0.0000000000E+0
0.0000000000E+0
0.0000000000E+0
0.0000000000E+0
0.0000000000E+0
0.0000000000E+0
0.0000000000E+0
0.0000000000E+0
0.0000000000E+0
0.0000000000E+0
0.0000000000E+0
0.0000000000E+0
0.0000000000E+0
0.0000000000E+0
0.0000000000E+0
0.0000000000E+0
0.0000000000E+0
0.0000000000E+0
0.0000000000E+0
0.0000000000E+0
0.0000000000E+0
0.0000000000E+0
0.0000000000E+0
0.0000000000E+0
0.0000000000E+0
0.0000000000E+0
0.0000000000E+0
0.0000000000E+0
0.0000000000E+0
0.0000000000E+0
0.0000000000E+0
0.0000000000E+0
0.0000000000E+0
0.0000000000E+0
0.0000000000E+0
0.0000000000E+0
0.0000000000E+0
0.0000000000E+0
0.0000000000E+0
0.0000000000E+0
0.0000000000E+0
0.0000000000E+0
0.0000000000E+0
0.0000000000E+0
0.0000000000E+0
0.0000000000E+0
0.0000000000E+0
0.0000000000E+0
0.0000000000E+0
0.0000000000E+0
0.0000000000E+0
0.0000000000E+0
0.0000000000E+0
0.0000000000E+0
0.0000000000E+0
0.0000000000E+0
0.0000000000E+0
0.0000000000E+0
0.0000000000E+0
0.0000000000E+0
0.0000000000E+0
0.0000000000E+0
0.0000000000E+0
0.0000000000E+0
0.0000000000E+0
0.0000000000E+0
0.0000000000E+0
0.0000000000E+0
0.0000000000E+0
0.0000000000E+0
0.0000000000E+0
0.0000000000E+0
0.0000000000E+0
0.0000000000E+0
0.0000000000E+0
0.0000000000E+0
0.0000000000E+0
0.0000000000E+0
0.0000000000E+0
0.0000000000E+0
0.0000000000E+0
0.0000000000E+0
0.0000000000E+0
0.0000000000E+0
0.0000000000E+0
0.0000000000E+0
0.0000000000E+0
0.0000000000E+0
0.0000000000E+0
0.0000000000E+0
0.0000000000E+0
0.0000000000E+0
0.0000000000E+0
0.0000000000E+0
0.0000000000E+0
0.0000000000E+0
0.0000000000E+0
0.0000000000E+0
0.0000000000E+0
0.0000000000E+0
0.0000000000E+0
0.0000000000E+0
0.0000000000E+0
0.0000000000E+0
0.0000000000E+0
0.0000000000E+0
0.0000000000E+0
0.0000000000E+0
0.0000000000E+0
0.0000000000E+0
0.0000000000E+0
0.0000000000E+0
0.0000000000E+0
0.0000000000E+0
0.0000000000E+0
0.0000000000E+0
0.0000000000E+0
0.0000000000E+0
0.0000000000E+0
0.0000000000E+0
0.0000000000E+0
0.0000000000E+0
0.0000000000E+0
0.0000000000E+0
0.0000000000E+0
0.0000000000E+0
0.0000000000E+0
0.0000000000E+0
0.0000000000E+0
0.0000000000E+0
0.0000000000E+0
0.0000000000E+0
0.0000000000E+0
0.0000000000E+0
0.0000000000E+0
0.0000000000E+0
0.0000000000E+0
0.0000000000E+0
0.0000000000E+0
0.0000000000E+0
0.0000000000E+0
0.0000000000E+0
0.0000000000E+0
0.0000000000E+0
0.0000000000E+0
0.0000000000E+0
0.0000000000E+0
0.0000000000E+0
0.0000000000E+0
0.0000000000E+0
0.0000000000E+0
0.0000000000E+0
0.0000000000E+0
0.0000000000E+0
0.0000000000E+0
0.0000000000E+0
0.0000000000E+0
0.0000000000E+0
0.0000000000E+0
0.0000000000E+0
0.0000000000E+0
0.0000000000E+0
0.0000000000E+0
0.0000000000E+0
0.0000000000E+0
0.0000000000E+0
0.0000000000E+0
0.0000000000E+0
0.0000000000E+0
0.0000000000E+0
0.0000000000E+0
0.0000000000E+0
0.0000000000E+0
0.0000000000E+0
0.0000000000E+0
0.0000000000E+0
0.0000000000E+0
0.0000000000E+0
0.0000000000E+0
0.0000000000E+0
0.0000000000E+0
0.0000000000E+0
0.0000000000E+0
0.0000000000E+0
0.0000000000E+0
0.0000000000E+0
0.0000000000E+0
0.0000000000E+0
0.0000000000E+0
0.0000000000E+0
0.0000000000E+0
0.0000000000E+0
0.0000000000E+0
0.0000000000E+0
0.0000000000E+0
0.0000000000E+0
0.0000000000E+0
0.0000000000E+0
0.0000000000E+0
0.0000000000E+0
0.0000000000E+0
0.0000000000E+0
0.0000000000E+0
0.0000000000E+0
0.0000000000E+0
0.0000000000E+0
0.0000000000E+0
0.0000000000E+0
0.0000000000E+0
0.0000000000E+0
0.0000000000E+0
0.0000000000E+0
0.0000000000E+0
0.0000000000E+0
0.0000000000E+0
0.0000000000E+0
0.0000000000E+0
0.0000000000E+0
0.0000000000E+0
0.0000000000E+0
0.0000000000E+0
0.0000000000E+0
0.0000000000E+0
0.0000000000E+0
0.0000000000E+0
0.0000000000E+0
0.0000000000E+0
0.0000000000E+0
0.0000000000E+0
0.0000000000E+0
0.0000000000E+0
0.0000000000E+0
0.0000000000E+0
0.0000000000E+0
0.0000000000E+0
0.0000000000E+0
0.0000000000E+0
0.0000000000E+0
0.0000000000E+0
0.0000000000E+0
0.0000000000E+0
0.0000000000E+0
0.0000000000E+0
0.0000000000E+0
0.0000000000E+0
0.0000000000E+0
0.0000000000E+0
0.0000000000E+0
0.0000000000E+0
0.0000000000E+0
0.0000000000E+0
0.0000000000E+0
0.0000000000E+0
0.0000000000E+0
0.0000000000E+0
0.0000000000E+0
0.0000000000E+0
0.0000000000E+0
0.0000000000E+0
0.0000000000E+0
0.0000000000E+0
0.0000000000E+0
0.0000000000E+0
0.0000000000E+0
0.0000000000E+0
0.0000000000E+0
0.0000000000E+0
0.0000000000E+0
0.0000000000E+0
0.0000000000E+0
0.0000000000E+0
0.0000000000E+0
0.0000000000E+0
0.0000000000E+0
0.0000000000E+0
0.0000000000E+0
0.0000000000E+0
0.0000000000E+0
0.0000000000E+0
0.0000000000E+0
0.0000000000E+0
0.0000000000E+0
0.0000000000E+0
0.0000000000E+0
0.0000000000E+0
0.0000000000E+0
0.0000000000E+0
0.0000000000E+0
0.0000000000E+0
0.0000000000E+0
0.0000000000E+0
0.0000000000E+0
0.0000000000E+0
0.0000000000E+0
0.0000000000E+0
0.0000000000E+0
0.0000000000E+0
0.0000000000E+0
0.0000000000E+0
0.0000000000E+0
0.0000000000E+0
0.0000000000E+0
0.0000000000E+0
0.0000000000E+0
0.0000000000E+0
0.0000000000E+0
0.0000000000E+0
0.0000000000E+0
0.0000000000E+0
0.0000000000E+0
0.0000000000E+0
0.0000000000E+0
0.0000000000E+0
0.0000000000E+0
0.0000000000E+0
0.0000000000E+0
0.0000000000E+0
0.0000000000E+0
0.0000000000E+0
0.0000000000E+0
0.0000000000E+0
0.0000000000E+0
0.0000000000E+0
0.0000000000E+0
0.0000000000E+0
0.0000000000E+0
0.0000000000E+0
0.0000000000E+0
0.0000000000E+0
0.0000000000E+0
0.0000000000E+0
0.0000000000E+0
0.0000000000E+0
0.0000000000E+0
0.0000000000E+0
0.0000000000E+0
0.0000000000E+0
0.0000000000E+0
0.0000000000E+0
0.0000000000E+0
0.0000000000E+0
0.0000000000E+0
0.0000000000E+0
0.0000000000E+0
0.0000000000E+0
0.0000000000E+0
0.0000000000E+0
0.0000000000E+0
0.0000000000E+0
0.0000000000E+0
0.0000000000E+0
0.0000000000E+0
0.0000000000E+0
0.0000000000E+0
0.0000000000E+0
0.0000000000E+0
0.0000000000E+0
0.0000000000E+0
0.0000000000E+0
0.0000000000E+0
0.0000000000E+0
0.0000000000E+0
0.0000000000E+0
0.0000000000E+0
0.0000000000E+0
0.0000000000E+0
0.0000000000E+0
0.0000000000E+0
0.0000000000E+0
0.0000000000E+0
0.0000000000E+0
0.0000000000E+0
0.0000000000E+0
0.0000000000E+0
0.0000000000E+0
0.0000000000E+0
0.0000000000E+0
0.0000000000E+0
0.0000000000E+0
0.0000000000E+0
0.0000000000E+0
0.0000000000E+0
0.0000000000E+0
0.0000000000E+0
0.0000000000E+0
0.0000000000E+0
0.0000000000E+0
0.0000000000E+0
0.0000000000E+0
0.0000000000E+0
0.0000000000E+0
0.0000000000E+0
0.0000000000E+0
0.0000000000E+0
0.0000000000E+0
0.0000000000E+0
0.0000000000E+0
0.0000000000E+0
0.0000000000E+0
0.0000000000E+0
0.0000000000E+0
0.0000000000E+0
0.0000000000E+0
0.0000000000E+0
0.0000000000E+0
0.0000000000E+0
0.0000000000E+0
0.0000000000E+0
0.0000000000E+0
0.0000000000E+0
0.0000000000E+0
0.0000000000E+0
0.0000000000E+0
0.0000000000E+0
0.0000000000E+0
0.0000000000E+0
0.0000000000E+0
0.0000000000E+0
0.0000000000E+0
0.0000000000E+0
0.0000000000E+0
0.0000000000E+0
0.0000000000E+0
0.0000000000E+0
0.0000000000E+0
0.0000000000E+0
0.0000000000E+0
0.0000000000E+0
0.0000000000E+0
0.0000000000E+0
0.0000000000E+0
0.0000000000E+0
0.0000000000E+0
0.0000000000E+0
0.0000000000E+0
0.0000000000E+0
0.0000000000E+0
0.0000000000E+0
0.0000000000E+0
0.0000000000E+0
0.0000000000E+0
0.0000000000E+0
0.0000000000E+0
0.0000000000E+0
0.0000000000E+0
0.0000000000E+0
0.0000000000E+0
0.0000000000E+0
0.0000000000E+0
0.0000000000E+0
0.0000000000E+0
0.0000000000E+0
0.0000000000E+0
0.0000000000E+0
0.0000000000E+0
0.0000000000E+0
0.0000000000E+0
0.0000000000E+0
0.0000000000E+0
0.0000000000E+0
0.0000000000E+0
0.0000000000E+0
0.0000000000E+0
0.0000000000E+0
0.0000000000E+0
0.0000000000E+0
0.0000000000E+0
0.0000000000E+0
0.0000000000E+0
0.0000000000E+0
0.0000000000E+0
0.0000000000E+0
0.0000000000E+0
0.0000000000E+0
0.0000000000E+0
0.0000000000E+0
0.0000000000E+0
0.0000000000E+0
0.0000000000E+0
0.0000000000E+0
0.0000000000E+0
0.0000000000E+0
0.0000000000E+0
0.0000000000E+0
0.0000000000E+0
0.0000000000E+0
0.0000000000E+0
0.0000000000E+0
0.0000000000E+0
0.0000000000E+0
0.0000000000E+0
0.0000000000E+0
0.0000000000E+0
0.0000000000E+0
0.0000000000E+0
0.0000000000E+0
0.0000000000E+0
0.0000000000E+0
0.0000000000E+0
0.0000000000E+0
0.0000000000E+0
0.0000000000E+0
0.0000000000E+0
0.0000000000E+0
0.0000000000E+0
0.0000000000E+0
0.0000000000E+0
0.0000000000E+0
0.0000000000E+0
0.0000000000E+0
0.0000000000E+0
0.0000000000E+0
0.0000000000E+0
0.0000000000E+0
0.0000000000E+0
0.0000000000E+0
0.0000000000E+0
0.0000000000E+0
0.0000000000E+0
0.0000000000E+0
0.0000000000E+0
0.0000000000E+0
0.0000000000E+0
0.0000000000E+0
0.0000000000E+0
0.0000000000E+0
0.0000000000E+0
0.0000000000E+0
0.0000000000E+0
0.0000000000E+0
0.0000000000E+0
0.0000000000E+0
0.0000000000E+0
0.0000000000E+0
0.0000000000E+0
0.0000000000E+0
0.0000000000E+0
0.0000000000E+0
0.0000000000E+0
0.0000000000E+0
0.0000000000E+0
0.0000000000E+0
0.0000000000E+0
0.0000000000E+0
0.0000000000E+0
0.0000000000E+0
0.0000000000E+0
0.0000000000E+0
0.0000000000E+0
0.0000000000E+0
0.0000000000E+0
0.0000000000E+0
0.0000000000E+0
0.0000000000E+0
0.0000000000E+0
0.0000000000E+0
0.0000000000E+0
0.0000000000E+0
0.0000000000E+0
0.0000000000E+0
0.0000000000E+0
0.0000000000E+0
0.0000000000E+0
0.0000000000E+0
0.0000000000E+0
0.0000000000E+0
0.0000000000E+0
0.0000000000E+0
0.0000000000E+0
0.0000000000E+0
0.0000000000E+0
0.0000000000E+0
0.0000000000E+0
0.0000000000E+0
0.0000000000E+0
0.0000000000E+0
0.0000000000E+0
0.0000000000E+0
0.0000000000E+0
0.0000000000E+0
0.0000000000E+0
0.0000000000E+0
0.0000000000E+0
0.0000000000E+0
0.0000000000E+0
0.0000000000E+0
0.0000000000E+0
0.0000000000E+0
0.0000000000E+0
0.0000000000E+0
0.0000000000E+0
0.0000000000E+0
0.0000000000E+0
0.0000000000E+0
0.0000000000E+0
0.0000000000E+0
0.0000000000E+0
0.0000000000E+0
0.0000000000E+0
0.0000000000E+0
0.0000000000E+0
0.0000000000E+0
0.0000000000E+0
0.0000000000E+0
0.0000000000E+0
0.0000000000E+0
0.0000000000E+0
0.0000000000E+0
0.0000000000E+0
0.0000000000E+0
0.0000000000E+0
0.0000000000E+0
0.0000000000E+0
0.0000000000E+0
0.0000000000E+0
0.0000000000E+0
0.0000000000E+0
0.0000000000E+0
0.0000000000E+0
0.0000000000E+0
0.0000000000E+0
0.0000000000E+0
0.0000000000E+0
0.0000000000E+0
0.0000000000E+0
0.0000000000E+0
0.0000000000E+0
0.0000000000E+0
0.0000000000E+0
0.0000000000E+0
0.0000000000E+0
0.0000000000E+0
0.0000000000E+0
0.0000000000E+0
0.0000000000E+0
0.0000000000E+0
0.0000000000E+0
0.0000000000E+0
0.0000000000E+0
0.0000000000E+0
0.0000000000E+0
0.0000000000E+0
0.0000000000E+0
0.0000000000E+0
0.0000000000E+0
0.0000000000E+0
0.0000000000E+0
0.0000000000E+0
0.0000000000E+0
0.0000000000E+0
0.0000000000E+0
0.0000000000E+0
0.0000000000E+0
0.0000000000E+0
0.0000000000E+0
0.0000000000E+0
0.0000000000E+0
0.0000000000E+0
0.0000000000E+0
0.0000000000E+0
0.0000000000E+0
0.0000000000E+0
0.0000000000E+0
0.0000000000E+0
0.0000000000E+0
0.0000000000E+0
0.0000000000E+0
0.0000000000E+0
0.0000000000E+0
0.0000000000E+0
0.0000000000E+0
0.0000000000E+0
0.0000000000E+0
0.0000000000E+0
0.0000000000E+0
0.0000000000E+0
0.0000000000E+0
0.0000000000E+0
0.0000000000E+0
0.0000000000E+0
0.0000000000E+0
0.0000000000E+0
0.0000000000E+0
0.0000000000E+0
0.0000000000E+0
0.0000000000E+0
0.0000000000E+0
0.0000000000E+0
0.0000000000E+0
0.0000000000E+0
0.0000000000E+0
0.0000000000E+0
0.0000000000E+0
0.0000000000E+0
0.0000000000E+0
0.0000000000E+0
0.0000000000E+0
0.0000000000E+0
0.0000000000E+0
0.0000000000E+0
0.0000000000E+0
0.0000000000E+0
0.0000000000E+0
0.0000000000E+0
0.0000000000E+0
0.0000000000E+0
0.0000000000E+0
0.0000000000E+0
0.0000000000E+0
0.0000000000E+0
0.0000000000E+0
0.0000000000E+0
0.0000000000E+0
0.0000000000E+0
0.0000000000E+0
0.0000000000E+0
0.0000000000E+0
0.0000000000E+0
0.0000000000E+0
0.0000000000E+0
0.0000000000E+0
0.0000000000E+0
0.0000000000E+0
0.0000000000E+0
0.0000000000E+0
0.0000000000E+0
0.0000000000E+0
0.0000000000E+0
0.0000000000E+0
0.0000000000E+0
0.0000000000E+0
0.0000000000E+0
0.0000000000E+0
0.0000000000E+0
0.0000000000E+0
0.0000000000E+0
0.0000000000E+0
0.0000000000E+0
0.0000000000E+0
0.0000000000E+0
0.0000000000E+0
0.0000000000E+0
0.0000000000E+0
0.0000000000E+0
0.0000000000E+0
0.0000000000E+0
0.0000000000E+0
0.0000000000E+0
0.0000000000E+0
0.0000000000E+0
0.0000000000E+0
0.0000000000E+0
0.0000000000E+0
0.0000000000E+0
0.0000000000E+0
0.0000000000E+0
0.0000000000E+0
0.0000000000E+0
0.0000000000E+0
0.0000000000E+0
0.0000000000E+0
0.0000000000E+0
0.0000000000E+0
0.0000000000E+0
0.0000000000E+0
0.0000000000E+0
0.0000000000E+0
0.0000000000E+0
0.0000000000E+0
0.0000000000E+0
0.0000000000E+0
0.0000000000E+0
0.0000000000E+0
0.0000000000E+0
0.0000000000E+0
0.0000000000E+0
0.0000000000E+0
0.0000000000E+0
0.0000000000E+0
0.0000000000E+0
0.0000000000E+0
0.0000000000E+0
0.0000000000E+0
0.0000000000E+0
0.0000000000E+0
0.0000000000E+0
0.0000000000E+0
0.0000000000E+0
0.0000000000E+0
0.0000000000E+0
0.0000000000E+0
0.0000000000E+0
0.0000000000E+0
0.0000000000E+0
0.0000000000E+0
0.0000000000E+0
0.0000000000E+0
0.0000000000E+0
0.0000000000E+0
0.0000000000E+0
0.0000000000E+0
0.0000000000E+0
0.0000000000E+0
0.0000000000E+0
0.0000000000E+0
0.0000000000E+0
0.0000000000E+0
0.0000000000E+0
0.0000000000E+0
0.0000000000E+0
0.0000000000E+0
0.0000000000E+0
0.0000000000E+0
0.0000000000E+0
0.0000000000E+0
0.0000000000E+0
0.0000000000E+0
0.0000000000E+0
0.0000000000E+0
0.0000000000E+0
0.0000000000E+0
0.0000000000E+0
0.0000000000E+0
0.0000000000E+0
0.0000000000E+0
0.0000000000E+0
0.0000000000E+0
0.0000000000E+0
0.0000000000E+0
0.0000000000E+0
0.0000000000E+0
0.0000000000E+0
0.0000000000E+0
