<| "Configuration" -> <| "Acquisition device" -> "UHFLI",  "Start time" -> "10/25/2021 13:37:23",  "Finish time" -> "10/25/2021 14:24:52", "Comments" -> "" |>, "Dimensions" -> {<| "Name" -> "Frequency 1", "Start" -> 6.400000*^+9, "Stop" -> 6.600000*^+9, "Step size" -> 2.000000*^+6 |>, <| "Name" -> "DC Voltage 1", "Start" -> -1.000000*^+1, "Stop" -> 1.000000*^+1, "Step size" -> 1.000000*^+0 |>}, "DataInfo" -> <| "Measured Spots" -> 2.121000*^+3,  "Samples" -> 1,  "Segments" -> 1,  "dFactor" -> 1,  "Sampling Time" -> 5.688889*^-7|>|>
5.2112340927E-5
3.3301115036E-5
1.1019706726E-4
1.8125772476E-5
5.5748224258E-5
3.5154819489E-5
-5.8352947235E-6
3.0249357224E-5
5.9115886688E-5
1.1169910431E-5
1.6182661057E-5
3.2699108124E-5
5.9390068054E-5
4.7773122787E-5
1.6373395920E-5
-9.1850757599E-6
1.4722347260E-5
1.2099742889E-5
-2.3639202118E-5
1.2099742889E-5
4.0805339813E-5
8.8042020798E-5
4.7665834427E-5
1.8405914307E-5
3.8743019104E-7
5.1951408386E-5
4.6199560165E-5
5.8847665787E-5
4.9471855164E-6
-1.7726421356E-5
-4.4864416122E-5
4.3165683746E-5
5.7649612427E-5
9.2118978500E-5
4.7469139099E-5
8.0835819244E-5
5.9604644775E-7
2.1523237228E-5
-6.0963630676E-5
-4.8071146011E-5
-7.9065561295E-5
5.4359436035E-6
4.8434734344E-5
1.0104179382E-4
1.3957023621E-4
8.8924169540E-5
4.8643350601E-5
-5.0067901611E-5
-8.1086158752E-5
-8.8107585907E-5
4.2915344238E-6
6.2286853790E-6
1.0287761688E-4
2.0641684532E-4
1.5015602112E-4
1.3303160667E-4
8.9627504349E-5
-2.4175643921E-5
-5.7935714722E-6
1.4972686768E-5
4.0066242218E-5
1.0561943054E-5
5.6117773056E-5
9.4950199127E-5
9.3805789948E-5
6.1744451523E-5
7.3444843292E-5
4.9173831940E-5
3.1685829163E-5
2.3764371872E-5
-1.1366009712E-4
-1.4124512672E-4
-1.0265707970E-4
1.1101365089E-4
1.9864439964E-4
1.9344687462E-4
-4.2021274567E-6
-3.0652880669E-4
-2.4595260620E-4
-9.1892480850E-5
9.2464685440E-5
2.3266077042E-4
2.1181702614E-4
1.5863180161E-4
9.4223022461E-5
-1.9061565399E-5
-1.0019540787E-4
-1.4533400536E-4
2.4831295013E-5
3.7610530853E-5
1.8656253815E-5
8.3786249161E-5
1.0412335396E-4
6.3139200211E-5
5.7160854340E-6
5.6213140488E-5
4.9531459808E-6
-4.2021274567E-6
2.2697448730E-5
-2.5600194931E-5
2.4259090424E-6
8.0776214600E-5
2.1040439606E-5
7.1543455124E-5
5.3000450134E-5
4.8846006393E-5
3.3885240555E-5
2.1111965179E-5
-2.2864341736E-5
-3.2991170883E-5
-1.7023086548E-5
5.2428245544E-5
5.2803754807E-5
7.6347589493E-5
3.1501054764E-5
7.1769952774E-5
4.5889616013E-5
-4.3451786041E-5
-4.2200088501E-5
-1.2751221657E-4
-8.1795454025E-5
3.9911270142E-5
1.8637776375E-4
2.3099184036E-4
2.6668310165E-4
7.4207782745E-5
-2.5099515915E-4
-3.5945177078E-4
-7.2491168976E-5
2.3043751717E-4
3.7349462509E-4
2.5355815887E-4
1.1913776398E-4
2.1576881409E-6
-1.1525154114E-4
-1.7501115799E-4
-7.5906515121E-5
-1.8477439880E-7
7.2133541107E-5
6.7967176437E-5
1.7717480659E-4
1.2481808662E-4
6.2119960785E-5
8.1640481949E-5
-5.1021575928E-5
-2.8198957443E-5
-2.5886297226E-5
-4.8017501831E-5
5.5700540543E-5
6.2817335129E-5
4.2110681534E-5
1.1330246925E-4
8.8721513748E-5
7.4893236160E-5
4.0048360825E-5
-7.3355436325E-5
-1.6224384308E-5
-5.3668022156E-5
4.7624111176E-5
3.8862228394E-5
1.0325312614E-4
7.8427791595E-5
4.5418739319E-5
2.7918815613E-5
3.8266181946E-5
-8.9406967163E-8
-5.8251619339E-5
3.4391880035E-5
-1.8358230591E-6
4.6861171722E-5
9.1058015823E-5
3.8307905197E-5
4.1091442108E-5
5.9008598328E-5
4.3475627899E-5
4.9489736557E-5
-1.6051530838E-5
3.0404329300E-5
3.2144784927E-5
3.5530328751E-5
6.0123205185E-5
2.9826164246E-5
3.6764144897E-5
5.9050321579E-5
1.6897916794E-5
-2.3764371872E-5
-1.9305944443E-5
9.2506408691E-6
-3.8075447083E-5
1.3828277588E-5
2.8371810913E-6
8.2015991211E-6
6.9773197174E-5
8.3565711975E-6
4.8780441284E-5
4.5287609100E-5
2.7418136597E-6
6.6596269608E-5
2.3055076599E-5
7.2836875916E-6
-3.6299228668E-6
6.6065788269E-5
8.3142518997E-5
9.6333026886E-5
1.5987753868E-4
-5.5587291718E-5
-3.4868717194E-5
2.4980306625E-5
-2.4020671844E-6
2.5689601898E-6
-3.1292438507E-5
8.4757804871E-6
5.6731700897E-5
3.4713745117E-5
5.6707859039E-5
6.5976381302E-5
4.5096874237E-5
2.6082992554E-5
-2.2673606873E-5
-1.9359588623E-5
-2.7692317963E-5
-6.0999393463E-5
3.8576126099E-5
1.2874007225E-4
8.5604190826E-5
1.9003748894E-4
1.6540884972E-4
7.3993206024E-5
-2.1866559982E-4
-2.6519894600E-4
-1.9395351410E-5
2.7093291283E-4
4.5049190521E-4
2.8771162033E-4
-4.0304660797E-5
-1.1038780212E-4
-2.0495057106E-4
-1.5397667885E-4
-4.4155120850E-5
4.8953294754E-5
1.1909604073E-4
1.1909604073E-4
9.7799301147E-5
9.8925828934E-5
3.7372112274E-6
-4.5377016068E-5
-2.3794174194E-5
-4.9966573715E-5
-3.1542778015E-5
-7.3730945587E-6
1.0728836060E-6
2.9289722443E-5
9.0336799622E-5
3.7217140198E-5
3.4177303314E-5
1.8596649170E-6
7.5221061707E-6
-2.7120113373E-6
-1.0800361633E-5
3.3473968506E-5
2.2637844086E-5
2.7769804001E-5
3.5822391510E-5
4.1252374649E-5
7.0279836655E-5
1.0347366333E-5
-4.9084424973E-5
1.9109249115E-5
-1.4054775238E-5
-5.5372714996E-6
-2.5582313538E-5
4.3576955795E-5
5.3209066391E-5
5.9771537781E-5
4.5382976532E-5
3.4451484680E-6
1.0031461716E-5
-1.7082691193E-5
4.1782855988E-6
-3.7151575088E-5
2.9861927032E-5
9.4139575958E-5
5.7125091553E-5
1.4889240265E-5
7.4893236160E-5
2.9951334000E-5
2.8347969055E-5
3.5452842712E-5
-3.4046173096E-5
3.3318996429E-6
-4.2498111725E-6
-4.2408704758E-5
3.3396482468E-5
6.6035985947E-5
2.0408630371E-5
2.0498037338E-5
1.7005205154E-5
6.7871809006E-5
-8.7618827820E-7
3.4874677658E-5
1.6790628433E-5
-4.1604042053E-6
4.3088197708E-5
1.9145011902E-5
-5.7315826416E-5
-2.1207332611E-5
7.9047679901E-5
-1.2576580048E-5
7.4666738510E-5
1.7499923706E-5
6.0600042343E-5
2.4461746216E-5
8.6605548859E-6
5.7512521744E-5
-3.3271312714E-5
2.2888183594E-6
2.5212764740E-6
8.2969665527E-6
-8.0525875092E-6
5.7005882263E-5
2.7120113373E-5
-1.6105175018E-5
1.6182661057E-5
-3.3009052277E-5
4.4226646423E-5
7.2032213211E-5
4.2480230331E-5
-1.0859966278E-5
4.7701597214E-5
1.5115737915E-5
6.3771009445E-5
-5.9586763382E-5
-1.7470121384E-5
1.7678737640E-5
-3.4373998642E-5
1.7762184143E-6
1.0878443718E-4
3.1894445419E-5
3.3277273178E-5
1.0550022125E-6
-4.4363737106E-5
-5.6457519531E-5
-5.2863359451E-5
3.5160779953E-5
-2.1696090698E-6
3.8635730743E-5
4.4584274292E-5
4.1735172272E-5
6.2942504883E-5
4.3004751205E-5
2.4098157883E-5
-7.2413682938E-5
1.4603137970E-5
-6.5732002258E-5
-1.9252300262E-6
3.4952163696E-5
5.8823823929E-5
3.2389163971E-5
-2.5033950806E-6
4.9972534180E-5
8.2254409790E-7
8.9168548584E-6
-1.5932321548E-5
-3.5578012466E-5
1.9568204880E-5
9.9736452103E-5
1.0883808136E-4
6.5571069717E-5
6.6161155701E-6
1.3220310211E-5
1.3238191605E-5
-7.2467327118E-5
3.4809112549E-6
2.2590160370E-6
-5.2630901337E-6
6.3133239746E-5
4.8661231995E-5
1.8566846848E-5
3.1751394272E-5
4.9966573715E-5
-2.3984909058E-5
7.3313713074E-7
-1.4132261276E-5
-5.2630901337E-6
3.8439035416E-5
6.1559677124E-5
-1.2117624283E-5
4.0107965469E-5
5.0884485245E-5
3.9339065552E-5
9.2744827271E-6
6.9129467010E-5
-4.8947334290E-5
1.3291835785E-6
-1.9437074661E-5
4.2653083801E-5
3.1006336212E-5
6.1154365540E-6
9.8884105682E-6
5.7786703110E-5
5.4723024368E-5
6.3490867615E-5
3.3503770828E-5
2.2357702255E-5
3.0213594437E-5
3.4099817276E-5
6.1750411987E-6
2.5820732117E-5
6.1535835266E-5
2.6232004166E-5
2.2214651108E-5
2.4497509003E-6
1.1563301086E-6
-1.9335746765E-5
1.0299086571E-4
-5.6564807892E-6
8.3804130554E-5
2.2304058075E-5
1.1360049248E-4
7.2693824768E-5
-4.6694278717E-5
-2.3895502090E-5
-9.3162059784E-6
3.2299757004E-5
5.5330991745E-5
1.6480684280E-5
1.2140870094E-4
9.4145536423E-5
1.6872882843E-4
4.3553113937E-5
4.7028064728E-6
-5.6922435760E-5
-3.7866830826E-5
-3.4040212631E-5
-3.5971403122E-5
4.2045116425E-5
6.5100193024E-5
1.3387203217E-4
8.2606077194E-5
1.1852383614E-4
4.8047304153E-5
1.5670061111E-5
-4.8828125000E-5
-1.3733506203E-4
-7.4899196625E-5
-2.4914741516E-6
1.1209845543E-4
1.8569231033E-4
1.9414424896E-4
2.0676255226E-4
1.3674497604E-4
-3.4087896347E-5
-1.6135573387E-4
-3.0513405800E-4
-1.1485815048E-4
9.6780061722E-5
3.1630992889E-4
5.0147175789E-4
3.5992264748E-4
-5.9014558792E-5
-3.2755136490E-4
-3.8136243820E-4
-2.0214915276E-4
1.0098814964E-4
3.0666589737E-4
1.8070936203E-4
1.3980269432E-4
-2.0867586136E-5
-3.3533573151E-5
-9.6946954727E-5
-1.3521313667E-4
-9.1367959976E-5
-9.5903873444E-6
1.1903047562E-4
1.6548037529E-4
1.0426640511E-4
1.2562274933E-4
4.4721364975E-5
2.4735927582E-6
-6.7651271820E-6
-1.3548135757E-5
-5.1581859589E-5
-1.3661384583E-5
1.4013051987E-5
2.3436546326E-5
3.5977363586E-5
1.2500286102E-4
1.1005401611E-4
7.8415870667E-5
-2.2196769714E-5
7.6889991760E-7
-4.4363737106E-5
4.7695636749E-5
1.9901990891E-5
6.3151121140E-5
5.4734945297E-5
7.0595741272E-5
2.8127431870E-5
1.7434358597E-5
1.4913082123E-5
-4.0531158447E-7
-8.8930130005E-6
-5.6809186935E-5
2.7507543564E-5
5.0967931747E-5
7.0613622665E-5
1.0049343109E-4
7.8576803207E-5
-1.9794702530E-5
4.6610832214E-5
3.5619735718E-5
3.8206577301E-5
-3.1155347824E-5
1.6653537750E-5
5.6439638138E-5
4.4631958008E-5
8.0186128616E-5
5.6189298630E-5
4.8667192459E-5
4.4274330139E-5
-4.5663118362E-5
9.8586082458E-6
1.1384487152E-5
1.7207860947E-5
-2.9820203781E-5
1.3506412506E-5
6.2596797943E-5
3.9589405060E-5
5.6147575378E-5
6.2441825867E-5
5.8877468109E-5
4.9114227295E-6
2.4890899658E-5
1.7708539963E-5
-3.7205219269E-5
-1.7559528351E-5
-6.4015388489E-6
9.0473890305E-5
9.4401836395E-5
1.4403462410E-4
1.2305974960E-4
3.0839443207E-5
-2.2137165070E-5
-4.8869848251E-5
-1.0355710983E-4
-1.5200376511E-4
-4.6402215958E-5
1.3996958733E-4
2.5622844696E-4
2.4939179420E-4
2.4088025093E-4
-2.2315979004E-5
-2.6903748512E-4
-5.2820444107E-4
-3.1597018242E-4
1.8227100372E-4
5.6577324867E-4
6.0861706734E-4
9.7560882568E-5
-1.9065737724E-4
-2.2420287132E-4
-1.9624829292E-4
-9.3275308609E-5
-1.7464160919E-5
7.4440240860E-5
1.7217993736E-4
1.6093850136E-4
8.9734792709E-5
1.2003779411E-4
2.8353929520E-5
-7.4738264084E-5
-1.1944770813E-4
-5.5295228958E-5
-2.9277801514E-5
9.8389387131E-5
4.7576427460E-5
6.1458349228E-5
9.0390443802E-5
6.8193674088E-5
6.0081481934E-5
-5.6320428848E-5
-3.3676624298E-6
-1.4817714691E-5
-1.7869472504E-5
3.2407045364E-5
6.2376260757E-5
9.6189975739E-5
1.0380744934E-4
9.8103284836E-5
5.3501129150E-5
3.3938884735E-5
-3.3700466156E-5
-2.5659799576E-5
1.9001960754E-5
3.4987926483E-6
5.8937072754E-5
1.6725063324E-5
6.7085027695E-5
2.7519464493E-5
9.3817710876E-6
4.6551227570E-6
7.1901082993E-5
1.8018484116E-5
-1.3947486877E-5
2.5826692581E-5
2.9563903809E-6
6.8998336792E-5
3.2275915146E-5
2.6851892471E-5
3.4981966019E-5
4.6509504318E-5
5.9968233109E-5
-2.8449296951E-5
1.3715028763E-5
-4.7111511230E-5
-4.5835971832E-6
-1.7535686493E-5
7.4088573456E-5
1.1665225029E-4
1.2478828430E-4
8.4817409515E-5
2.8556585312E-5
3.3968687057E-5
-3.2651424408E-5
-6.3252449036E-5
-4.2289495468E-5
3.7056207657E-5
6.8259239197E-5
6.9636106491E-5
1.1349320412E-4
8.7726116180E-5
4.0364265442E-5
6.0212612152E-5
-6.7180395126E-5
-1.5771389008E-5
-8.0513954163E-5
-2.3084878922E-5
-5.5271387100E-5
4.0531158447E-5
1.2242794037E-4
1.4164447784E-4
1.0927915573E-4
5.0896406174E-5
-2.0319223404E-5
-1.2397766113E-4
-1.6264319420E-4
-1.5415549278E-4
-3.3473968506E-5
1.1133551598E-4
3.1313300133E-4
3.0081868172E-4
2.9458999634E-4
6.1166286468E-5
-4.7659873962E-4
-6.3257813454E-4
-2.5058984756E-4
1.8845200539E-4
8.6166858673E-4
3.7752389908E-4
-3.1620264053E-5
-2.1041631699E-4
-2.0982027054E-4
-1.3173818588E-4
-8.6700916290E-5
1.0311603546E-5
8.2087516785E-5
2.1042823792E-4
1.6238093376E-4
9.3245506287E-5
4.0954351425E-5
3.9410591125E-5
-7.3057413101E-5
-3.9178133011E-5
-2.8461217880E-5
3.4689903259E-5
7.1132183075E-5
7.9602003098E-5
1.5826821327E-4
5.3638219833E-5
2.6118755341E-5
-7.7903270721E-6
-4.1586160660E-5
-3.6585330963E-5
-3.8725137711E-5
2.4479627609E-5
3.3491849899E-5
5.5289268494E-5
5.8865547180E-5
9.3984603882E-5
7.9262256622E-5
4.7796964645E-5
1.2153387070E-5
2.9456615448E-5
-9.2566013336E-6
2.6798248291E-5
-2.8806924820E-5
-1.8060207367E-6
3.8611888885E-5
7.5703859329E-5
5.2571296692E-5
2.4169683456E-5
-1.9890069962E-5
4.8965215683E-5
3.9052963257E-5
1.7887353897E-5
1.1241436005E-5
2.2113323212E-5
3.8588047028E-5
1.0270476341E-4
8.8495016098E-5
1.2886524200E-5
5.5652856827E-5
-2.5087594986E-5
-1.5437602997E-6
-3.2335519791E-5
-9.7334384918E-6
-1.7583370209E-6
1.9347667694E-5
1.6444921494E-5
1.9729137421E-5
1.6248226166E-5
4.2915344238E-6
-1.5199184418E-5
8.4877014160E-6
2.3186206818E-6
-2.2870302200E-5
-1.6683340073E-5
3.1155347824E-5
1.5890598297E-5
9.1779232025E-5
1.0685920715E-4
1.7535686493E-5
5.1695108414E-5
-1.2296438217E-5
-4.9918889999E-5
-8.1378221512E-5
-7.9506635666E-5
-5.1856040955E-6
3.4570693970E-6
7.3277950287E-5
1.1869668961E-4
1.1831521988E-4
1.1163353920E-4
1.1134147644E-5
-5.5623054504E-5
-1.0392069817E-4
-7.3975324631E-5
-7.7342987061E-5
1.0430812836E-6
1.3316273689E-4
2.6706457138E-4
2.2535920143E-4
2.3850202560E-4
1.1534094810E-4
-2.7979016304E-4
-5.8157444000E-4
-3.3010840416E-4
5.4347515106E-5
6.0629844666E-4
6.4461231232E-4
9.4151496887E-5
-1.5776157379E-4
-1.8706321716E-4
-1.8073916435E-4
-1.2181997299E-4
-1.0424852371E-5
8.4161758423E-5
1.1214613914E-4
1.8779635429E-4
6.1082839966E-5
3.1560659409E-5
2.2876262665E-5
-4.7695636749E-5
-8.6343288422E-5
-4.7427415848E-5
-3.9464235306E-5
3.3712387085E-5
9.1308355331E-5
1.1543035507E-4
5.0449371338E-5
6.1726570129E-5
1.4388561249E-5
-6.9737434387E-7
-5.1254034042E-5
-3.0124187469E-5
-1.0442733765E-5
5.0663948059E-7
-2.5516748428E-5
1.0430216789E-4
1.2311935425E-4
3.4677982330E-5
5.0818920135E-5
-3.0332803726E-5
-2.2286176682E-5
3.0457973480E-6
1.4173984528E-5
-6.3419342041E-6
4.7552585602E-5
6.8932771683E-5
7.9154968262E-6
4.0942430496E-5
3.3628940582E-5
-1.5896558762E-5
-1.8596649170E-6
-4.0030479431E-5
3.1346082687E-5
2.8938055038E-5
4.7904253006E-5
5.7846307755E-5
1.1019706726E-4
8.7594985962E-5
2.8532743454E-5
8.6611509323E-5
1.3709068298E-7
4.2736530304E-6
5.4830312729E-5
-3.4630298614E-6
4.5537948608E-5
2.7149915695E-5
1.2409687042E-5
3.2842159271E-6
6.0725212097E-5
7.4934959412E-5
4.4935941696E-5
4.2843818665E-5
-5.5605173111E-5
-4.2295455933E-5
9.7751617432E-6
-2.2113323212E-5
-4.8393011093E-5
7.0536136627E-5
8.7916851044E-5
8.1497430801E-5
6.7609548569E-5
1.4591217041E-5
5.3739547729E-5
1.8364191055E-5
-4.6634674072E-5
-2.2733211517E-5
-1.1205673218E-5
4.2390823364E-5
4.8685073853E-5
1.0097622871E-4
7.8803300858E-5
9.6929073334E-5
-2.5671720505E-5
-1.0566711426E-4
-1.0176301003E-4
-1.0538697243E-4
-8.4954500198E-5
7.3099136353E-5
2.1235942841E-4
2.0218491554E-4
1.3701319695E-4
1.2229681015E-4
-1.2105703354E-4
-2.3882389069E-4
-2.9475092888E-4
-1.3709664345E-4
2.6917457581E-5
2.8142929077E-4
5.7461857796E-4
2.6728510857E-4
-1.6557574272E-4
-3.4162998199E-4
-5.2838921547E-4
-1.2118220329E-4
1.8638968468E-4
2.5103688240E-4
2.4404525757E-4
2.4245977402E-4
2.5564432144E-5
4.2521953583E-5
-5.4043531418E-5
-8.1896781921E-5
-1.0400414467E-4
-4.0829181671E-6
4.5442581177E-5
6.6971778870E-5
8.1896781921E-5
5.1671266556E-5
4.2438507080E-5
9.3579292297E-6
-2.1725893021E-5
-7.9584121704E-5
-1.1843442917E-5
-2.1648406982E-5
-2.8306245804E-5
5.4377317429E-5
4.5228004456E-5
2.2548437119E-5
7.8910589218E-5
6.7079067230E-5
-4.5561790466E-5
-4.6485662460E-5
-3.5369396210E-5
3.4189224243E-5
-2.8061866760E-5
5.1230192184E-5
6.8891048431E-5
9.9003314972E-6
4.9132108688E-5
7.2646141052E-5
1.5908479691E-5
5.3250789642E-5
-1.8209218979E-5
2.1576881409E-6
5.9366226196E-6
-3.9261579514E-5
5.1504373550E-5
5.0121545792E-5
7.1275234222E-5
-7.3850154877E-6
3.8629770279E-5
2.5665760040E-5
2.5242567062E-5
3.1173229218E-5
3.8987398148E-5
6.8825483322E-5
-4.4220685959E-5
4.3827295303E-5
2.7465820312E-5
1.4626979828E-5
-2.1702051163E-5
1.0814666748E-4
-4.2921304703E-5
2.9206275940E-6
2.0015239716E-5
-4.3022632599E-5
-7.6925754547E-5
3.4892559052E-5
7.6878070831E-5
5.1593780518E-5
2.8550624847E-6
4.2152404785E-5
6.3735246658E-5
5.0151348114E-5
1.3899803162E-5
-8.7380409241E-6
-1.4233589172E-5
7.2896480560E-5
5.9425830841E-5
3.5190582275E-5
1.4919042587E-5
3.1346082687E-5
-2.2721290588E-5
5.3477287292E-5
1.8423795700E-5
1.3053417206E-6
-4.2551755905E-5
3.1954050064E-5
1.4883279800E-5
7.1483850479E-5
7.5024366379E-5
5.5748224258E-5
-3.2395124435E-5
-1.0806322098E-5
2.1189451218E-5
-8.0764293671E-6
8.0597400665E-5
2.2584199905E-5
4.3392181396E-5
5.9711933136E-5
8.4918737411E-5
1.2446641922E-4
6.9171190262E-5
-7.0720911026E-5
-1.0840892792E-4
-6.0975551605E-5
-3.0511617661E-5
8.2075595856E-5
7.7033042908E-5
3.4469366074E-5
4.2510032654E-5
2.6208162308E-5
-5.1081180573E-5
4.9173831940E-6
-2.5987625122E-6
1.0102987289E-5
7.3343515396E-5
2.5594234467E-5
1.2314319611E-5
6.6941976547E-5
-3.0195713043E-5
-4.3374300003E-5
3.1280517578E-5
1.6093254089E-7
2.5844573975E-5
2.6404857635E-6
-1.0758638382E-5
9.5725059509E-6
-3.9970874786E-5
2.1427869797E-5
4.3082237244E-5
1.0102987289E-4
2.9420852661E-5
2.8127431870E-5
-7.6413154602E-6
-2.0456314087E-5
-3.1721591949E-5
-1.0132789612E-7
7.9631805420E-6
-2.7060508728E-6
5.7905912399E-5
7.2157382965E-5
8.4453821182E-5
8.7654590607E-5
1.4058351517E-4
-6.2179565430E-5
-1.2457370758E-4
4.8071146011E-5
1.0651946068E-4
1.8733739853E-5
-4.9471855164E-6
6.2048435211E-5
4.5216083527E-5
1.1998414993E-5
3.1799077988E-5
3.5572052002E-5
1.2677907944E-5
-1.4930963516E-5
2.7966499329E-5
1.4430284500E-4
1.0665655136E-4
6.1482191086E-5
9.5146894455E-5
2.6023387909E-5
-1.2927055359E-4
-1.2546181679E-4
-4.4935941696E-5
2.6768445969E-5
8.0579519272E-5
1.7510056496E-4
1.9658207893E-4
1.9450783730E-4
1.8703937531E-5
-2.1383762360E-4
-2.5138854980E-4
-6.6149234772E-5
2.9141306877E-4
4.9421787262E-4
2.4863481522E-4
-3.2937526703E-5
-1.9371509552E-4
-1.5448331833E-4
-7.9822540283E-5
-5.3244829178E-5
3.2997131348E-5
1.4395117760E-4
7.9804658890E-5
9.1713666916E-5
8.5425376892E-5
7.5459480286E-6
4.7886371613E-5
-7.7319145203E-5
1.8543004990E-5
1.4066696167E-6
1.4650821686E-5
6.2996149063E-5
9.0467929840E-5
2.1368265152E-5
5.9854984283E-5
8.9466571808E-6
5.7643651962E-5
2.5838613510E-5
-1.2868642807E-5
3.1858682632E-5
-2.6828050613E-5
1.3095140457E-5
4.0358304977E-5
-1.1128187180E-5
2.3281574249E-5
3.1834840775E-5
-7.0810317993E-6
8.8238716125E-5
-1.8709897995E-5
-1.5002489090E-5
2.2077560425E-5
6.8211555481E-5
3.3938884735E-5
3.1912326813E-5
2.8759241104E-5
6.1303377151E-5
5.4222345352E-5
7.5280666351E-6
-1.6903877258E-5
1.3339519501E-5
6.4969062805E-7
1.4513731003E-5
1.4346837997E-5
2.6756525040E-5
3.5893917084E-5
2.4211406708E-5
6.9904327393E-5
5.8019161224E-5
2.6345252991E-6
1.8090009689E-5
5.5074691772E-6
-1.1712312698E-5
5.0371885300E-5
2.9462575912E-5
6.5356492996E-5
-2.7787685394E-5
1.9925832748E-5
-1.0573863983E-5
-1.1330842972E-5
-1.1885166168E-5
2.4384260178E-5
4.3994188309E-5
8.1527233124E-5
2.9379129410E-5
7.9691410065E-5
3.2627582550E-5
-9.9122524261E-6
5.1522254944E-5
6.0421228409E-5
7.2538852692E-6
-8.8727474213E-5
-2.7489662170E-5
4.1788816452E-5
-6.4176321030E-5
4.5299530029E-7
2.2554397583E-5
1.4038085938E-4
5.9962272644E-5
1.0163784027E-4
1.3094544411E-4
-3.7771463394E-5
-9.1069936752E-5
-1.8211007118E-4
-9.9366903305E-5
-1.2248754501E-5
1.2165307999E-4
2.0552873611E-4
2.4605989456E-4
1.7639994621E-4
-1.3904571533E-4
-2.9213428497E-4
-1.1585950851E-4
1.1666417122E-4
4.4057965279E-4
3.5105943680E-4
1.0896325111E-4
-8.1372261047E-5
-1.9598007202E-4
-1.2865066528E-4
-7.1859359741E-5
-1.4537572861E-5
7.6949596405E-6
1.0919570923E-4
9.9152326584E-5
9.4008445740E-5
6.4522027969E-5
5.8192014694E-5
-4.0030479431E-5
-3.8087368011E-6
1.9186735153E-5
3.6716461182E-6
4.6074390411E-5
6.2084197998E-5
1.0451078415E-4
4.4405460358E-5
5.1534175873E-5
3.4528970718E-5
3.9547681808E-5
-5.9127807617E-6
-5.5247545242E-5
-3.1113624573E-5
-2.1523237228E-5
6.0391426086E-5
4.3040513992E-5
4.5680999756E-5
1.2183189392E-4
5.7095289230E-5
8.2254409790E-7
-2.9110908508E-5
-2.1344423294E-5
-1.6540288925E-5
5.1081180573E-6
-3.8194656372E-5
-1.1956691742E-5
6.4820051193E-5
6.1798095703E-5
3.5679340363E-5
4.0549039841E-5
3.2311677933E-5
-2.1588802338E-5
-2.2673606873E-5
-4.6837329864E-5
3.9738416672E-5
1.3548135757E-5
6.8551301956E-5
6.4939260483E-5
4.0823221207E-5
1.9329786301E-5
3.0720233917E-5
1.5020370483E-5
6.0892105103E-5
7.0428848267E-5
1.1765956879E-5
6.6876411438E-6
1.5789270401E-5
3.4928321838E-5
-3.3688545227E-5
3.8230419159E-5
3.3134222031E-5
5.1259994507E-6
6.0778856277E-5
1.5348196030E-5
2.7960538864E-5
-2.0706653595E-5
1.0907649994E-5
4.7564506531E-5
8.8483095169E-5
3.3271312714E-5
5.6928396225E-5
2.3454427719E-5
2.7823448181E-5
-1.0049343109E-5
1.2892484665E-5
1.5836954117E-5
4.0835142136E-5
7.6794624329E-5
7.0208311081E-5
1.0720491409E-4
2.1594762802E-5
9.8031759262E-5
2.7197599411E-5
3.5881996155E-6
-5.5313110352E-6
2.7698278427E-5
7.3134899139E-5
5.5980682373E-5
1.0249614716E-4
1.1181831360E-5
4.2062997818E-5
9.8681449890E-5
7.2491168976E-5
8.2165002823E-5
7.0154666901E-6
-4.4524669647E-5
7.6949596405E-6
-7.7247619629E-6
4.3022632599E-5
3.0326843262E-5
8.0382823944E-5
5.4103136063E-5
5.8996677399E-5
5.0026178360E-5
-3.0493736267E-5
-1.0231733322E-4
-6.1458349228E-5
-1.4606118202E-4
-2.8252601624E-6
2.7227401733E-5
2.0254254341E-4
1.6647577286E-4
1.4568567276E-4
1.0132789612E-7
-9.0324878693E-5
-8.5681676865E-5
6.1404705048E-5
-4.1639804840E-5
-5.4007768631E-5
1.2862682343E-5
1.8222928047E-4
1.4483928680E-4
1.2098550797E-4
7.4744224548E-6
-7.3373317719E-5
-1.7970800400E-5
2.6309490204E-5
-1.0675191879E-5
5.5670738220E-5
7.3593854904E-5
9.9366903305E-5
6.1058998108E-5
-1.7142295837E-5
2.7483701706E-5
7.7742338181E-5
2.7006864548E-5
4.5883655548E-5
-1.0839104652E-4
-6.6721439362E-5
3.2824277878E-5
2.5159120560E-5
8.7249279022E-5
1.5469193459E-4
1.2353062630E-4
3.3950805664E-5
8.6307525635E-6
-1.4952421188E-4
-1.7081499100E-4
8.3327293396E-6
1.9921660423E-4
3.7086606026E-4
2.4664402008E-4
3.6001205444E-5
-1.5364885330E-4
-1.9503235817E-4
-1.5645027161E-4
-9.7632408142E-5
3.2037496567E-5
1.5621781349E-4
9.1654062271E-5
6.9242715836E-5
4.3046474457E-5
7.0822238922E-5
-5.7345628738E-5
-3.2091140747E-5
-6.9874525070E-5
-3.9654970169E-5
-6.7394971848E-5
-2.2107362747E-5
-2.1004676819E-5
8.7445974350E-5
7.0506334305E-5
1.1265277863E-6
7.1758031845E-5
-6.7865848541E-5
3.6746263504E-5
1.8292665482E-5
6.5386295319E-6
1.0868310928E-4
4.9698352814E-5
4.8422813416E-5
9.5409154892E-5
4.7069787979E-5
6.8849325180E-5
2.2083520889E-5
-1.9437074661E-5
6.6876411438E-6
-3.1721591949E-5
-2.4783611298E-5
3.8951635361E-5
8.6945295334E-5
5.6463479996E-5
1.1487603188E-4
5.2410364151E-5
-5.2332878113E-6
-4.3392181396E-6
-6.5189599991E-5
-6.6107511520E-5
-2.4038553238E-5
-1.0514259338E-5
5.5080652237E-5
8.7547302246E-5
1.0582804680E-4
4.3785572052E-5
6.4331293106E-5
-8.3148479462E-6
-4.4870376587E-5
-7.8409910202E-5
-8.7130069733E-5
-3.3193826675E-5
1.0244846344E-4
1.7532706261E-4
2.1885633469E-4
2.0118355751E-4
1.6291737556E-4
-5.7715177536E-5
-2.4521350861E-4
-3.4878253937E-4
-2.0292997360E-4
1.1994242668E-4
5.1703453064E-4
4.6526789665E-4
1.9807815552E-4
-2.0843148232E-4
-4.9715638161E-4
-2.8858780861E-4
-1.4483928680E-5
2.0049214363E-4
1.7994642258E-4
2.4422407150E-4
1.4884471893E-4
5.5301189423E-5
-5.3286552429E-5
-7.9810619354E-5
-7.0440769196E-5
-8.6802244186E-5
8.7082386017E-6
7.9774856567E-5
6.7758560181E-5
1.4359951019E-4
7.5286626816E-5
-6.0558319092E-6
7.5876712799E-6
2.5612115860E-5
-9.7274780273E-6
1.1682510376E-6
-3.3617019653E-6
2.0861625671E-6
4.0668249130E-5
1.1039972305E-4
1.0197758675E-4
1.0100603104E-4
2.5498867035E-5
6.1690807343E-6
-4.2283535004E-5
-3.8087368011E-5
-2.3543834686E-6
-3.6185979843E-5
7.3385238647E-5
4.8619508743E-5
9.4437599182E-5
8.5091590881E-5
4.9883127213E-5
-3.6978721619E-5
3.9410591125E-5
-4.0578842163E-5
-4.1711330414E-5
-1.0514259338E-5
1.0079145432E-5
6.0248374939E-5
5.4013729095E-5
5.0288438797E-5
9.7024440765E-5
3.2585859299E-5
3.5178661346E-5
1.8835067749E-5
-3.1703710556E-5
-1.2135505676E-5
2.0641088486E-5
2.7137994766E-5
6.8694353104E-5
7.7676773071E-5
-1.2296438217E-5
8.7809562683E-5
3.4779310226E-5
-1.2654066086E-5
5.1718950272E-5
-5.2088499069E-5
-2.4312734604E-5
3.1155347824E-5
3.9750337601E-5
7.0810317993E-5
1.2173056602E-4
1.2930631638E-4
9.8621845245E-5
5.0365924835E-6
-3.9333105087E-5
-1.4537572861E-5
-5.2332878113E-5
-5.4174661636E-5
5.9938430786E-5
3.2591819763E-5
8.0108642578E-5
7.2699785233E-5
1.3745427132E-4
7.5507164001E-5
6.0629844666E-5
-1.0079741478E-4
-1.8964409828E-4
-9.9378824234E-5
-5.8412551880E-6
5.9306621552E-5
2.5246143341E-4
2.3635029793E-4
3.0475854874E-4
1.1335015297E-4
-3.6529302597E-4
-6.0446262360E-4
-2.4318695068E-4
1.6314983368E-4
5.4655671120E-4
5.5207610130E-4
1.1235475540E-5
-1.5810728073E-4
-2.5569796562E-4
-2.1020770073E-4
-1.1125206947E-4
8.3738565445E-5
8.7243318558E-5
1.5099644661E-4
1.3756752014E-4
7.7933073044E-5
8.8393688202E-5
-1.8292665482E-5
-9.5927715302E-5
-1.3655424118E-5
-8.7159872055E-5
2.4592876434E-5
1.2636184692E-6
9.0926885605E-5
2.5814771652E-5
1.0861158371E-4
3.1167268753E-5
-4.6342611313E-5
7.8499317169E-6
-6.4074993134E-6
-4.9585103989E-5
3.4546852112E-5
2.7263164520E-5
5.9783458710E-5
8.2302093506E-5
3.4141540527E-5
1.2307763100E-4
-1.0949373245E-5
2.1779537201E-5
-7.9572200775E-6
-4.2325258255E-5
7.6770782471E-6
1.0246038437E-5
-7.5399875641E-6
3.2395124435E-5
5.7256221771E-5
5.0598382950E-5
-1.2636184692E-6
5.6505203247E-6
-1.9448995590E-5
-6.4200162888E-5
-1.2409687042E-5
-9.9015235901E-5
-9.2625617981E-6
3.8462877274E-5
1.0401010513E-4
2.2214651108E-5
2.6911497116E-5
4.9114227295E-6
4.9084424973E-5
1.0240077972E-5
-3.1805038452E-5
7.0661306381E-5
-1.6659498215E-5
7.6752901077E-5
5.2374601364E-5
2.5993585587E-5
8.0692768097E-5
6.8253278732E-5
-5.3286552429E-6
-8.2194805145E-6
-6.0093402863E-5
-7.9047679901E-5
-7.8940391541E-5
7.9810619354E-6
2.8020143509E-5
6.1559677124E-5
7.7664852142E-5
6.7168474197E-5
5.6123733520E-5
-1.5616416931E-6
-1.3357400894E-5
-1.5032291412E-5
-2.8216838837E-5
-4.4375658035E-5
-2.4855136871E-6
4.9966573715E-5
1.5860199928E-4
1.1694431305E-4
1.6273856163E-4
2.6148557663E-5
7.8558921814E-6
-1.4126896858E-4
-1.5881061554E-4
-1.5196204185E-4
-2.6214122772E-5
1.4449357986E-4
2.1071434021E-4
3.2986402512E-4
3.2128095627E-4
1.5223622322E-4
-5.5453181267E-4
-6.5298080444E-4
-2.1586418152E-4
2.5937557220E-4
9.7829699516E-4
4.4603943825E-4
2.6321411133E-5
-1.9732713699E-4
-2.2458434105E-4
-1.8465518951E-4
-1.0116100311E-4
3.8427114487E-5
9.3162059784E-5
1.4202594757E-4
1.1472702026E-4
9.0211629868E-5
1.8656253815E-6
-5.6600570679E-5
-1.2653470039E-4
-2.3001432419E-5
-5.1671266556E-5
2.9689073563E-5
2.7781724930E-5
6.8229436874E-5
6.4647197723E-5
6.1637163162E-5
1.0448694229E-4
-2.0402669907E-5
6.8783760071E-6
-7.9512596130E-6
-8.9418888092E-5
-6.0921907425E-5
1.1265277863E-5
5.4264068604E-5
1.2105107307E-4
6.5672397614E-5
4.7647953033E-5
4.0578842163E-5
1.1473894119E-5
-3.2728910446E-5
1.0246038437E-5
-8.2433223724E-6
-3.0642747879E-5
2.8091669083E-5
5.0145387650E-5
6.0683488846E-5
9.3603134155E-5
3.5732984543E-5
-3.2287836075E-5
-4.7791004181E-5
-3.5387277603E-5
4.6485662460E-5
-6.4134597778E-6
1.5699863434E-5
4.2647123337E-5
2.5236606598E-5
5.4258108139E-5
4.4554471970E-5
5.8114528656E-5
4.5806169510E-5
-1.2832880020E-5
7.3909759522E-7
-8.5055828094E-6
-2.0891427994E-5
5.2988529205E-5
6.4313411713E-5
9.7763538361E-5
7.7772140503E-5
4.2760372162E-5
-9.5248222351E-6
1.5616416931E-6
-5.4001808167E-6
-7.6198577881E-5
-2.2608041763E-5
6.2644481659E-6
4.1669607162E-5
4.4786930084E-5
5.7226419449E-5
1.0154843330E-4
5.2833557129E-5
4.7504901886E-5
-2.8550624847E-6
-2.2959709167E-5
-4.8989057541E-5
-4.4113397598E-5
1.1920928955E-5
1.2516379356E-4
1.2903809547E-4
1.2047886848E-4
1.2999176979E-4
6.3389539719E-5
-3.9184093475E-5
-7.7897310257E-5
-9.5736980438E-5
-8.8268518448E-5
-1.1646747589E-5
9.3817710876E-5
1.8858313560E-4
2.1358132362E-4
2.6637911797E-4
1.3423562050E-4
-2.4688243866E-4
-5.7623386383E-4
-4.2975544930E-4
8.3523988724E-5
5.1826834679E-4
5.7311058044E-4
2.5586485863E-4
-1.8858313560E-4
-2.7167797089E-4
-1.5501379967E-4
-1.0937452316E-4
9.3770027161E-5
1.0578632355E-4
1.1338591576E-4
1.0385513306E-4
7.1448087692E-5
1.6379356384E-5
-3.2782554626E-7
-3.5792589188E-5
-2.4127960205E-5
1.3923645020E-5
-4.1723251343E-7
2.2047758102E-5
1.0371208191E-4
1.0460615158E-4
7.3677301407E-5
1.0027885437E-4
-3.8170814514E-5
1.4692544937E-5
-7.5280666351E-6
-5.5098533630E-5
-3.2210350037E-5
1.0001659393E-4
9.1850757599E-6
6.3878297806E-5
4.0435791016E-5
5.2869319916E-6
4.0984153748E-5
-4.6628713608E-5
1.7046928406E-6
-3.9219856262E-6
-3.2079219818E-5
2.9277801514E-5
1.3679265976E-5
1.1175274849E-4
4.1806697845E-5
5.9729814529E-5
8.0019235611E-5
2.4926662445E-5
-5.4174661636E-5
4.3314695358E-5
-3.4058094025E-5
2.4348497391E-5
2.7507543564E-5
2.2429227829E-5
2.3287534714E-5
8.6855888367E-5
1.4007091522E-5
3.5554170609E-5
3.4636259079E-5
-3.7610530853E-6
8.3380937576E-5
-2.4789571762E-5
6.5582990646E-5
1.6874074936E-5
9.1910362244E-5
2.5820732117E-5
4.3129920959E-5
4.6205520630E-5
2.5248527527E-5
5.8257579803E-5
-9.2566013336E-6
-3.9970874786E-5
-3.5727024078E-5
6.6161155701E-7
1.4364719391E-6
6.9457292557E-5
2.8657913208E-5
9.4503164291E-5
1.7547607422E-5
1.2445449829E-5
8.5860490799E-5
-8.3464384079E-5
-4.1747093201E-5
1.5127658844E-5
-4.1842460632E-6
7.2425603867E-5
1.8664002419E-4
9.3704462051E-5
1.1005997658E-4
4.4566392899E-5
1.3512372971E-5
-5.1778554916E-5
-1.0820627213E-4
-9.5760822296E-5
8.1002712250E-6
8.8900327683E-5
1.0985136032E-4
1.5904903412E-4
1.7094016075E-4
1.2826323509E-4
-3.7622451782E-5
-2.0402073860E-4
-2.7083158493E-4
-1.4275312424E-4
9.1224908829E-5
2.7372837067E-4
2.6996135712E-4
3.2915472984E-4
8.9371204376E-5
-2.2075772285E-4
-3.9108395576E-4
-2.9596686363E-4
-1.2711882591E-4
3.7490725517E-4
3.8217306137E-4
2.0136833191E-4
8.4429979324E-5
-3.2705068588E-5
-1.3366937637E-4
-1.0606050491E-4
-5.9044361114E-5
-1.8239021301E-6
5.4669380188E-5
9.4175338745E-5
1.2196898460E-4
1.4846324921E-4
3.8284063339E-5
3.9517879486E-6
-2.5850534439E-5
2.5629997253E-6
-9.9837779999E-6
5.5539608002E-5
-3.6936998367E-5
-1.0353326797E-5
9.8478794098E-5
1.0772943497E-4
8.0388784409E-5
4.7361850739E-5
5.4556131363E-5
-3.7151575088E-5
3.1644105911E-5
-1.9884109497E-5
-3.2526254654E-5
2.9766559601E-5
1.0020732880E-4
1.2069940567E-5
6.2811374664E-5
5.2267313004E-5
4.6622753143E-5
3.9362907410E-5
4.1383504868E-5
9.4890594482E-6
-2.4610757828E-5
-1.5419721603E-5
1.2312531471E-4
-3.3557415009E-6
4.0721893311E-5
-1.7287135124E-4
-1.4989376068E-4
-3.3754110336E-5
5.3083896637E-5
9.6017122269E-5
1.3491511345E-4
2.7811527252E-5
4.1353702545E-5
-4.4363737106E-5
-2.2113323212E-6
-1.2183189392E-5
-5.4842233658E-5
7.4565410614E-6
5.0181150436E-5
5.5611133575E-5
5.2618980408E-5
2.0045042038E-5
2.9355287552E-5
9.1028213501E-5
1.6498565674E-5
7.7295303345E-5
2.2131204605E-5
-4.3708086014E-5
6.5565109253E-8
4.4363737106E-5
3.5750865936E-5
-1.0365247726E-5
-3.8325786591E-6
-1.6385316849E-5
2.3978948593E-5
3.0016899109E-5
4.0131807327E-5
3.2442808151E-5
-2.3102760315E-5
3.9315223694E-5
2.8258562088E-5
8.6903572083E-6
8.7445974350E-5
5.6219100952E-5
1.6313195229E-4
6.5273046494E-5
-1.4060735703E-5
8.9645385742E-6
5.8138370514E-5
-1.3267993927E-5
-7.4446201324E-6
3.6245584488E-5
1.3196468353E-5
-1.9383430481E-5
4.8434734344E-5
4.9173831940E-5
1.5425682068E-5
-3.6507844925E-5
-1.8447637558E-5
5.7840347290E-5
-3.8790702820E-5
3.5947561264E-5
-1.9985437393E-5
-4.8637390137E-5
2.4312734604E-5
4.2998790741E-5
6.3496828079E-5
6.5618753433E-5
5.7142972946E-5
4.7683715821E-8
-5.4210424423E-5
1.4215707779E-5
2.8097629547E-5
9.6827745438E-5
2.2143125534E-5
7.0780515671E-5
9.4115734100E-5
-7.1990489960E-5
8.7261199951E-6
2.1040439606E-6
1.5068054199E-5
-6.1571598053E-6
-2.6530027390E-5
8.1908702850E-5
1.0478496552E-5
-7.7009201050E-6
7.7724456787E-6
5.3417682648E-5
2.0438432693E-5
-3.9553642273E-5
-7.2538852692E-6
-1.9460916519E-5
2.7894973755E-6
-5.9247016907E-6
1.2135505676E-5
1.4227628708E-5
5.2189826965E-5
1.2338161469E-6
8.5872411728E-5
3.8969516754E-5
-6.8724155426E-6
-6.2167644501E-5
3.0940771103E-5
5.9366226196E-6
2.9563903809E-5
5.2380561829E-5
1.2775659561E-4
2.4676322937E-6
9.7751617432E-7
-4.5931339264E-5
-3.8838386536E-5
6.2048435211E-5
5.7226419449E-5
3.4153461456E-5
7.6240301132E-5
2.4288892746E-5
4.4977664948E-5
2.0492076874E-5
1.6236305237E-5
-5.0514936447E-5
-4.0435791016E-5
-9.7036361694E-5
1.3512372971E-5
1.1223554611E-5
4.9757957458E-5
1.3876557350E-4
1.1079311371E-4
1.7274022102E-4
8.3559751511E-5
-7.7086687088E-5
-2.6555657387E-4
-2.1056532860E-4
2.4823546410E-4
4.4058561325E-4
4.3034553528E-4
-1.5914440155E-6
-1.9358992577E-4
-2.3006200790E-4
-1.5444755554E-4
-5.5074691772E-5
1.0979175568E-5
1.3324618340E-4
8.0716609955E-5
9.4604492187E-5
5.9664249420E-6
4.5657157898E-6
-6.3061714172E-6
-7.1811676025E-5
-5.7131052017E-5
-5.1414966583E-5
-2.9033422470E-5
3.8969516754E-5
-5.2630901337E-6
7.2491168976E-5
2.7829408646E-5
-1.4871358871E-5
-1.4233589172E-5
-4.9340724945E-5
-1.6283988953E-5
-1.6319751739E-5
-4.3630599976E-5
2.0527839661E-5
7.5858831406E-5
7.4034929276E-5
6.1255693436E-5
-1.2588500977E-5
1.4424324036E-5
1.3643503189E-5
-1.7762184143E-6
7.9572200775E-6
1.8489360809E-5
1.4925003052E-5
6.6882371902E-5
5.6058168411E-5
3.8325786591E-6
4.7552585602E-5
4.3809413910E-5
1.9252300262E-6
3.4946203232E-5
1.9407272339E-5
6.8366527557E-6
3.6913156509E-5
-6.8306922913E-6
4.5663118362E-5
4.1872262955E-5
2.2810697556E-5
4.5198202133E-5
3.7610530853E-5
2.8866529465E-5
-1.6087293625E-5
1.1199712753E-5
1.3393163681E-5
1.0371208191E-6
1.0907649994E-6
3.7664175034E-5
1.6123056412E-5
8.5163116455E-5
7.0697069168E-5
2.3472309113E-5
9.0777873993E-6
5.8412551880E-6
6.6119432449E-5
3.2961368561E-6
5.7655572891E-5
2.9683113098E-5
1.1913776398E-4
5.1045417786E-5
7.3754787445E-5
-7.9393386841E-6
-3.2746791840E-5
1.0442733765E-5
-1.5169382095E-5
1.4936923981E-5
-4.3672323227E-5
9.3722343445E-5
1.0353326797E-4
1.6043186188E-4
1.2433528900E-4
7.7617168427E-5
2.1451711655E-5
-8.0502033234E-5
-1.0603666306E-4
-1.1680722237E-4
-9.2422962189E-5
1.2034177780E-5
1.9434094429E-4
2.4384260178E-4
2.1737813950E-5
-2.5080442429E-4
-3.0229687691E-4
-1.3593435287E-4
1.0473728180E-4
2.5287270546E-4
1.9483566284E-4
1.5310049057E-4
4.5013427734E-5
3.2305717468E-6
-9.4068050385E-5
-6.5195560455E-5
-6.6131353378E-5
7.0333480835E-6
2.7638673782E-5
2.4700164795E-5
4.3022632599E-5
1.1208057404E-4
4.5073032379E-5
-9.0897083282E-6
2.0515918732E-5
2.2053718567E-5
2.1564960480E-5
4.1538476944E-5
8.3404779434E-5
4.6479701996E-5
3.8051605225E-5
6.0951709747E-5
4.2182207108E-5
5.2934885025E-5
7.6913833618E-5
1.1253356934E-5
-1.0299682617E-5
-3.9315223694E-5
1.6063451767E-5
3.3849477768E-5
5.1814317703E-5
3.9982795715E-5
5.1355361938E-5
4.2855739593E-5
5.4252147675E-5
1.2373924255E-5
3.6627054214E-5
-6.1094760895E-6
-1.6814470291E-5
2.3657083511E-5
1.0997056961E-5
1.5223026276E-5
3.9672851562E-5
-1.0681152344E-5
4.5371055603E-5
3.3420324326E-5
1.5151500702E-5
-3.5858154297E-5
-1.5938282013E-5
3.1065940857E-5
4.1574239731E-5
3.2401084900E-5
2.5004148483E-5
1.0538101196E-5
6.8885087967E-5
4.9918889999E-5
3.5905838013E-5
3.6013126373E-5
6.4611434937E-6
-1.2397766113E-5
4.5949220657E-5
-2.0986795425E-5
4.0787458420E-5
-1.8608570099E-5
4.4286251068E-5
4.1937828064E-5
7.9423189163E-5
4.0429830551E-5
1.6558170319E-5
7.5268745422E-5
-5.2452087402E-7
1.5348196030E-5
