<| "Configuration" -> <| "Acquisition device" -> "UHFLI",  "Start time" -> "10/26/2021 16:42:23",  "Finish time" -> "10/26/2021 17:55:03", "Comments" -> "" |>, "Dimensions" -> {<| "Name" -> "Frequency 1", "Start" -> 6.200000*^+9, "Stop" -> 6.800000*^+9, "Step size" -> 2.000000*^+6 |>, <| "Name" -> "DC Voltage 1", "Start" -> -6.600000*^+0, "Stop" -> -7.400000*^+0, "Step size" -> -5.000000*^-2 |>}, "DataInfo" -> <| "Measured Spots" -> 3.457000*^+3,  "Samples" -> 1,  "Segments" -> 1,  "dFactor" -> 1,  "Sampling Time" -> 7.111111*^-8|>|>
5.8540073224E-5
4.8163800966E-5
4.4147588778E-5
5.1884213463E-6
-2.8390542138E-5
-3.8780621252E-5
-4.2963249143E-5
-3.1569600104E-5
-6.7576067522E-6
2.5344931054E-5
5.1284744404E-5
7.2994607037E-5
6.0890894384E-5
4.1635183151E-5
-4.9054156989E-6
-2.6947294827E-5
-5.1233393606E-5
-4.6180887148E-5
-1.7775397282E-5
1.4121946879E-5
5.2952964325E-5
8.3653011828E-5
7.9718837517E-5
6.2162859832E-5
3.1278468668E-5
-1.7980718985E-5
-4.5977870468E-5
-5.3287402261E-5
-3.4535001032E-5
1.3851898257E-5
5.0818931777E-5
8.7070884186E-5
1.0578342481E-4
8.3904853093E-5
6.1423645820E-5
2.4615053553E-5
-2.3668748326E-5
-5.3411908448E-5
-4.9599783961E-5
-1.5197682660E-5
2.8226815629E-5
7.9623493368E-5
1.0539523792E-4
1.2064772891E-4
9.3667721378E-5
4.7085189726E-5
4.9784663134E-6
-4.4873263687E-5
-5.5188697298E-5
-5.1769032143E-5
1.3791257515E-6
4.6049500815E-5
9.7981025467E-5
1.2033316307E-4
1.2611270649E-4
8.4130617326E-5
1.8959713634E-5
-4.4097111095E-5
-7.9740607182E-5
-7.7052693817E-5
-4.7031219583E-5
1.5423458535E-5
8.9327455500E-5
1.3163631084E-4
1.3211236801E-4
1.1004635598E-4
5.7908485178E-5
-1.0847358499E-5
-6.3315569424E-5
-9.5953990241E-5
-9.1188016815E-5
-2.6698596775E-5
4.8843701370E-5
1.2261857046E-4
1.5792180784E-4
1.5826307936E-4
1.0753122624E-4
4.6157790348E-5
-3.1926436349E-5
-9.6595496872E-5
-1.1562870350E-4
-7.7034113930E-5
-1.8413877115E-6
7.3811179029E-5
1.4247747604E-4
1.7092350172E-4
1.5264335088E-4
9.3255366667E-5
2.4916022084E-6
-8.7260175499E-5
-1.3400104363E-4
-1.4008753933E-4
-7.4654200582E-5
1.1600111611E-5
1.1163465679E-4
1.7900506500E-4
2.0779453917E-4
1.7524217255E-4
6.5532512963E-5
-4.6605791431E-5
-1.5143965138E-4
2.4414062500E-5
-1.7606135225E-4
-7.3043373415E-5
6.0026661959E-5
1.9262983696E-4
2.7215002337E-4
2.8100889176E-4
1.9956404576E-4
3.5311141982E-5
-1.2428817572E-4
-2.5670346804E-4
-3.0244584195E-4
-2.2645975696E-4
-4.8251578119E-5
1.7234053230E-4
3.6748407874E-4
4.6171318974E-4
3.9712885629E-4
1.8359244568E-4
-1.2577469461E-4
-4.2069454213E-4
-6.0782934307E-4
-5.3507741540E-4
-2.1783513948E-4
2.8624561382E-4
7.1618971415E-4
8.6263515986E-4
6.0347489780E-4
1.6292250948E-4
-3.5701964516E-4
-8.5638272577E-4
-7.4561227811E-4
-1.7595527461E-4
4.9775405787E-4
1.0613059276E-3
8.4692812524E-4
1.3398585142E-4
-4.2303522351E-4
-1.0072085308E-3
-1.4157033758E-3
-9.4739029882E-4
3.8775224240E-4
2.0243807929E-3
2.8299364960E-3
2.3252845393E-3
9.8730110329E-4
-4.3927351946E-4
-1.3998319278E-3
-1.6260397504E-3
-1.2674269150E-3
-5.3194409701E-4
2.1166407969E-4
7.1803204483E-4
9.1240110341E-4
7.6040280984E-4
4.1042917875E-4
-1.1809053831E-6
-3.4638537326E-4
-5.1412216852E-4
-4.7717764974E-4
-2.8606404084E-4
-2.1347892470E-5
2.2350029321E-4
3.8968835725E-4
4.0920813336E-4
3.0896309762E-4
1.2570825638E-4
-6.4664648381E-5
-2.1664889064E-4
-2.8441313188E-4
-2.4295158219E-4
-1.1659243610E-4
4.6086288057E-5
1.8355459906E-4
2.7077319100E-4
2.5444658240E-4
1.7101782141E-4
5.3165236023E-5
-7.3488440833E-5
-1.6686550807E-4
-1.9532154547E-4
-1.4652177924E-4
-4.2627635412E-5
7.2604627351E-5
1.7003853572E-4
2.1233626176E-4
1.8391875783E-4
9.8169804553E-5
-1.0302313603E-5
-9.7172439566E-5
-1.4832821907E-4
-1.1892026523E-4
-5.2748993040E-5
1.3833481353E-5
7.7369634531E-5
1.8249937566E-4
2.0446551498E-4
1.5427476028E-4
6.2569242437E-5
-3.1770206987E-5
-1.0847232770E-4
-1.3590883463E-4
-1.2529561063E-4
-4.2094930541E-5
5.2373064682E-5
1.3041784987E-4
1.6259453259E-4
1.5497314744E-4
9.7915099470E-5
1.7789914273E-5
-5.3160928656E-5
-1.1007544818E-4
-1.1382396333E-4
-6.9816433826E-5
2.1487474441E-6
8.2017760727E-5
1.3819399755E-4
1.4432074968E-4
1.1447176803E-4
5.6655914523E-5
-1.6305467579E-5
-7.1800861043E-5
-9.9559279627E-5
-7.4604887051E-5
-2.9346731025E-5
3.2348814420E-5
9.4141426964E-5
1.2875867542E-4
1.2206411921E-4
6.9017906210E-5
1.7781893257E-5
-3.5236414987E-5
-7.7516236346E-5
-7.9281919173E-5
-4.9010943622E-5
1.3220682740E-5
6.0576456599E-5
1.0424394859E-4
1.1503902497E-4
9.1176049321E-5
4.4171384070E-5
-5.6834542193E-6
-4.5593664982E-5
-7.1695435329E-5
-4.9983279315E-5
-1.5533564147E-5
4.8883119598E-5
8.9106371163E-5
1.0083243251E-4
8.7952846665E-5
6.6549156328E-5
1.7833162565E-5
-2.2272556088E-5
-4.8440252431E-5
-3.5884219687E-5
-8.3022285254E-6
2.1319987718E-5
5.5154075380E-5
7.5151200874E-5
8.5576658604E-5
6.5664690921E-5
3.7072179838E-5
2.8381473385E-6
-1.5671434812E-5
-1.9831408281E-5
-1.0517006740E-5
1.6048992984E-5
2.8654467314E-5
6.5741024447E-5
7.3276169135E-5
6.7760364620E-5
5.5150396656E-5
3.1975028104E-5
1.0435294826E-5
-1.5722098760E-5
-1.7674476839E-5
-8.4002153017E-6
1.6012787819E-5
4.2467727325E-5
6.5212137999E-5
7.0746941494E-5
6.1075331178E-5
4.4343899935E-5
2.3179792333E-5
-4.6181376092E-6
-1.3852259144E-5
-6.5789441579E-6
7.6339347288E-7
2.8889020904E-5
4.6572624705E-5
6.3561310527E-5
6.2939221971E-5
5.5124424399E-5
3.9810896851E-5
1.2921344023E-5
7.3655974113E-8
-1.0639312677E-6
3.0666938983E-6
1.5674869064E-5
3.5638443659E-5
5.3802237380E-5
4.7549244482E-5
2.9454124159E-5
9.6137286164E-6
-1.6134465113E-5
-3.6726880352E-5
-4.2599183508E-5
-3.1077011953E-5
-3.8673868403E-6
2.1707406267E-5
4.3511146214E-5
5.5997213349E-5
5.4283195641E-5
3.4028524532E-5
-7.4458424933E-6
-2.0149862393E-5
-4.8421288375E-5
-4.5276281890E-5
-1.9197422079E-5
1.4435092453E-5
4.6650203876E-5
7.8074750493E-5
7.6464191082E-5
6.0675374699E-5
2.9023946262E-5
-1.7377326730E-5
-4.4271734078E-5
-5.4514303338E-5
-2.5031401309E-5
5.1812268794E-6
4.3080211617E-5
8.3598273343E-5
9.6160662363E-5
9.7200099847E-5
7.0686347319E-5
1.2886268087E-5
-1.9631499890E-5
-3.7034822162E-5
-5.0533574540E-5
-1.0005594231E-5
3.0361278913E-5
6.7747570576E-5
9.0675544927E-5
1.1418282520E-4
9.6513156316E-5
4.5463384595E-5
-6.0907565057E-6
-4.6079629101E-5
-6.4320152161E-5
-3.3413828350E-5
-1.0700384155E-5
4.3736922089E-5
9.1890478509E-5
1.3028255198E-4
1.1112702778E-4
7.3981157041E-5
2.1420733537E-5
-2.4766265414E-5
-6.6306150985E-5
-7.3887978216E-5
-4.3687247671E-5
1.9290274940E-5
7.0264365060E-5
1.1223552283E-4
1.2730963062E-4
1.0740077123E-4
6.0773990118E-5
-3.0567753129E-6
-5.9654586949E-5
-7.9522130548E-5
-6.8181823009E-5
-2.3868191056E-5
4.0769611950E-5
1.1241137982E-4
1.4133328805E-4
1.4320506015E-4
1.0174824856E-4
3.6932528018E-5
-3.9078656118E-5
-8.9312891943E-5
-1.0502634105E-4
-7.0278521163E-5
1.0685529560E-6
5.8272725437E-5
1.3753862586E-4
1.6403278569E-4
1.4573874650E-4
7.6486391483E-5
9.1555179097E-6
-9.7799289507E-5
-1.5286160633E-4
-1.6116334591E-4
-1.0308269411E-4
1.7280224711E-6
1.1750077829E-4
1.8713368336E-4
2.0471408498E-4
1.7417328199E-4
6.6229654478E-5
-4.2473815847E-5
-1.4383244561E-4
-2.0073892083E-4
-1.7161349533E-4
-7.8017823400E-5
5.1004521083E-5
1.8741954118E-4
2.6752587873E-4
2.7512742672E-4
1.9687335007E-4
4.4719909783E-5
-1.4115495141E-4
-2.8495630249E-4
-3.3216376322E-4
-2.2350972285E-4
-4.1574903298E-5
1.6143328976E-4
3.3582919276E-4
4.3570422568E-4
3.7200114457E-4
1.7681012396E-4
-1.2716754572E-4
-3.9198201849E-4
-5.6308399652E-4
-4.9008171772E-4
-1.7843438545E-4
2.5642706314E-4
6.5647384617E-4
7.4588449207E-4
5.5499923182E-4
2.0397241460E-4
-2.7901544235E-4
-7.4173664907E-4
-7.6538909924E-4
-3.3093779347E-5
6.5909610130E-4
9.0928209246E-4
7.5879055075E-4
9.9744624460E-5
-1.6022464260E-4
-3.6693844013E-4
-5.6647756137E-4
-5.5670646252E-4
8.1844546368E-5
1.4361292357E-3
2.3965846514E-3
2.2934953450E-3
1.1854629498E-3
-3.7210832816E-4
-1.5684314305E-3
-1.9116025767E-3
-1.5875786659E-3
-7.2789764963E-4
2.2018336458E-4
8.9864785549E-4
1.1669064755E-3
9.7858976806E-4
5.2542580523E-4
-5.6719873101E-6
-4.2182466715E-4
-6.1689707218E-4
-5.8313268237E-4
-3.4731065388E-4
-3.7394347601E-5
2.5659801904E-4
4.3874909172E-4
4.5032149648E-4
3.4725764999E-4
1.4044481795E-4
-7.7885342764E-5
-2.4709965801E-4
-3.0102956806E-4
-2.5885123759E-4
-1.2594327563E-4
5.0102965906E-5
1.9140283111E-4
2.8527162503E-4
2.7379727689E-4
1.9106082618E-4
5.4500950501E-5
-7.7183719262E-5
-1.7774758162E-4
-2.1172038978E-4
-1.4823800884E-4
-3.6992726381E-5
9.1684772635E-5
1.8937056884E-4
2.2546204273E-4
2.0128880860E-4
1.0553086177E-4
9.5409341156E-7
-1.0352896061E-4
-1.5537959989E-4
-1.5401687706E-4
-8.3359412385E-5
8.1524951384E-6
1.0257479735E-4
1.6738144914E-4
1.8439169507E-4
1.3414686546E-4
4.9009139184E-5
-3.8745824713E-5
-9.4444234859E-5
-1.2499793665E-4
-1.0056846077E-4
-3.0067330225E-5
5.9811654501E-5
1.2820617994E-4
1.5672292793E-4
1.3481711503E-4
7.0035527462E-5
4.9749738537E-6
-6.3051586040E-5
-6.9035089111E-5
-1.1269889073E-4
-1.1161457515E-4
-2.4959794245E-5
6.8756844849E-5
1.3613192132E-4
1.5985408099E-4
1.3769891811E-4
6.3377583866E-5
-1.0357110295E-5
-7.3238147890E-5
-9.7865646241E-5
-9.1141322630E-5
-4.2139843572E-5
4.4742750469E-5
8.4573868664E-5
1.2790338369E-4
1.2457667617E-4
8.7550620086E-5
1.9669299945E-5
-3.5423017106E-5
2.4414062500E-5
-7.6321570671E-5
-5.1306444221E-5
2.1024839952E-6
6.7476672122E-5
1.0848473758E-4
1.1302853236E-4
9.2238734944E-5
4.8755365423E-5
-1.2557278387E-5
-5.2842905280E-5
-6.7138974556E-5
-5.3754495458E-5
-7.9695018940E-6
4.0120480116E-5
7.8279525044E-5
1.0620818939E-4
9.5684314149E-5
6.3149270137E-5
1.8961238675E-5
-2.3848190903E-5
-3.7539855111E-5
-4.4091837481E-5
-2.2990838624E-5
2.2708030883E-5
5.0856324379E-5
8.3213974725E-5
8.4279116710E-5
7.1081961507E-5
3.6328774876E-5
1.2088892981E-5
-2.4590815882E-5
-2.2323941811E-5
-1.6839290038E-5
1.9562733359E-5
3.5009917337E-5
6.0542684516E-5
7.6497357807E-5
8.1801007040E-5
6.1574589927E-5
2.9570132027E-5
-5.8913137764E-6
-1.7782882787E-5
-2.1205504890E-5
-1.1568074115E-6
1.2445845641E-5
4.5845413115E-5
5.7660788298E-5
6.7832577045E-5
6.8325013855E-5
5.1661778707E-5
1.8183444626E-5
5.9235026129E-6
-9.0198009275E-6
-7.8206299805E-6
1.3445271179E-6
2.4128111545E-5
4.2644026689E-5
5.9507950210E-5
6.6737574526E-5
5.6599243545E-5
4.2657332960E-5
1.9331951625E-5
3.0222698115E-6
-6.3333078288E-6
8.5390638521E-8
1.4790345449E-5
2.5618623476E-5
3.5071757156E-5
2.5976495816E-5
1.6236060765E-5
-3.0035153031E-7
-9.9894823508E-7
-1.3511511497E-5
-2.0622450392E-5
-9.2805712484E-6
4.5771710575E-6
1.8516171258E-5
2.9560783877E-5
4.5896938536E-5
4.9292622134E-5
2.8572673909E-5
9.1559253634E-6
-2.0534975919E-5
-2.8779578860E-5
-2.7519010472E-5
-8.3447550423E-6
1.3635598589E-5
4.5393372420E-5
6.2255538069E-5
6.8396970166E-5
5.2574451547E-5
2.8038828167E-5
-9.0556335635E-6
-2.5391601957E-5
-3.5539560485E-5
-2.2230297327E-5
7.1808812209E-6
3.8751808461E-5
6.3985399903E-5
9.1574015099E-5
7.9889514019E-5
5.4900650867E-5
2.3716071154E-5
-1.3124127872E-5
-3.3651944249E-5
-4.0418514982E-5
-3.6055105738E-6
3.0215934384E-5
6.4309593292E-5
9.3169207686E-5
9.7734329758E-5
7.2265148630E-5
4.9949146342E-5
1.3996614143E-6
-3.0113034881E-5
-4.9255881459E-5
-3.2865768298E-5
-1.6430625692E-5
4.7219230328E-5
8.6092972198E-5
1.0470955167E-4
1.1492593912E-4
6.7212723663E-5
1.3884610962E-5
-2.0409363787E-5
-5.8757152874E-5
-6.4690574073E-5
-3.0360626987E-5
1.4036579523E-5
6.8702152930E-5
1.0360871675E-4
1.1800543871E-4
9.6354202834E-5
4.7429010738E-5
3.8543599658E-6
-5.2355206572E-5
-8.2667602695E-5
-6.0280645267E-5
-1.9708671607E-5
4.1160057299E-5
9.7852700858E-5
1.3246439630E-4
1.3719444396E-4
1.0141448584E-4
4.1893892921E-5
-3.7364638411E-5
-7.3830550539E-5
-8.8916928509E-5
-5.4751359858E-5
-4.6556000598E-6
6.7673949526E-5
1.3061648933E-4
1.6102427616E-4
1.4892674517E-4
8.8898779361E-5
-2.2765481844E-6
-7.7558483465E-5
-1.2334461789E-4
-1.1229333468E-4
-7.1199273226E-5
1.1304230429E-5
1.0134708137E-4
1.7062447732E-4
2.0405544201E-4
1.6417511506E-4
7.1382592434E-5
-4.4778827578E-5
-1.3977080816E-4
-1.8023725133E-4
-1.6737447586E-4
-8.9567899706E-5
5.8478733991E-5
1.9550945144E-4
3.1008439836E-4
3.3217011950E-4
2.3827778641E-4
4.0186499245E-5
-1.5991936670E-4
-2.9333643615E-4
-3.1445744679E-4
-2.2678637179E-4
-3.4208991564E-5
1.8828570610E-4
3.8769609528E-4
4.7129535816E-4
4.3897347060E-4
1.9078883342E-4
-1.8003473524E-4
-5.1592525559E-4
-6.3161413418E-4
-5.3017557365E-4
-1.5021642903E-4
3.1713765347E-4
7.2020317894E-4
8.1266935449E-4
5.0878451438E-4
1.2760381214E-4
-2.2997588385E-4
-6.4115453278E-4
-7.9906678294E-4
-1.9381203456E-4
5.4822688689E-4
9.4299600459E-4
8.9618045603E-4
1.0773149552E-4
-3.3146261703E-4
-3.6158707225E-4
-3.7602032535E-4
-3.1417228747E-4
-5.6322570891E-5
5.8001095895E-4
1.5090289991E-3
1.8209562986E-3
1.1307782959E-3
-2.4135896238E-4
-1.5639490099E-3
-2.1362918778E-3
-1.8709835596E-3
-9.2085523065E-4
1.9253581995E-4
1.0644549853E-3
1.4331800979E-3
1.2662433205E-3
6.9674112602E-4
2.3105612490E-5
-5.1374105968E-4
-7.6446477324E-4
-7.1256790543E-4
-4.4234480012E-4
-5.7269260288E-5
2.8948325197E-4
5.0884602824E-4
5.4225588682E-4
4.0349349148E-4
1.7318751197E-4
-8.1144389700E-5
-2.6396387256E-4
-3.4784181043E-4
-2.8845225460E-4
-1.3787006028E-4
5.2520132158E-5
2.1895259851E-4
3.0020650010E-4
3.0129654332E-4
2.0627368940E-4
5.1742454525E-5
-8.8620837781E-5
-2.0145591116E-4
-2.2809912916E-4
-1.6059459886E-4
-3.7776643875E-5
9.0059870856E-5
1.9251863705E-4
2.4313468020E-4
2.1078720456E-4
1.1031215545E-4
-1.9315863028E-6
-1.1497515952E-4
-1.6172977630E-4
-1.5791171463E-4
-9.4826356511E-5
1.3834773563E-5
1.1185670737E-4
1.8965307390E-4
1.9679586403E-4
1.4488713350E-4
5.2728562151E-5
-3.7242332473E-5
-1.0969978757E-4
-1.3678891119E-4
-1.1216254207E-4
-3.2740260939E-5
5.3261930589E-5
1.3567694696E-4
1.6659575049E-4
1.5058646677E-4
9.4763562085E-5
1.2183608487E-5
-5.8070907836E-5
-1.0270006024E-4
-9.9398999011E-5
-5.5763672572E-5
1.4182087034E-5
8.4350293039E-5
1.2581918854E-4
1.4635330299E-4
1.1052481132E-4
4.7039741184E-5
-2.7405947912E-5
-7.6414132494E-5
-9.0122513941E-5
-6.2835460996E-5
-1.1994282249E-5
5.6059123017E-5
9.7676692533E-5
9.0791250116E-5
6.7727558782E-5
1.3373127440E-4
7.8347185628E-5
-1.8489628564E-5
-9.3884090896E-5
-9.2309922915E-5
-7.3834438810E-5
-8.6450367235E-6
5.9795891866E-5
1.0350297671E-4
1.3021820923E-4
9.9422910718E-5
5.5479758885E-5
-6.6082458944E-6
-4.9996539020E-5
-7.0464331660E-5
-6.0857390055E-5
-1.8614833243E-5
4.4309464283E-5
7.7401241290E-5
1.1359583587E-4
1.0479792254E-4
7.4759125712E-5
2.0774349104E-5
-2.4627149105E-5
-4.2855553329E-5
-3.2559258397E-5
-2.1661771461E-5
1.8852367066E-5
4.9891159869E-5
7.6695473402E-5
9.2216138731E-5
7.3971541135E-5
4.3743452988E-5
1.1973467190E-5
-1.8407625612E-5
-2.0700460300E-5
-1.9402743783E-5
5.8934092523E-6
2.7725507970E-5
6.6422449892E-5
8.2589394881E-5
7.0397031961E-5
5.4286117666E-5
3.1718460376E-5
7.9128658400E-6
-1.9038817845E-5
-2.1070777438E-5
-1.1970754713E-6
2.0469806622E-5
4.5271450653E-5
5.7865178679E-5
7.0619594773E-5
6.1985838694E-5
5.3265527822E-5
3.1375430989E-5
-2.7688103728E-6
-1.0698800906E-5
-1.6341172158E-5
3.2925745472E-6
2.0440795924E-5
4.7281489242E-5
6.7197100726E-5
7.2903838011E-5
7.1189901793E-5
3.6019075195E-5
1.9803689792E-5
7.0905894973E-6
-9.8245567642E-6
-2.9980204999E-6
6.8064546213E-6
3.3055525272E-5
-1.6124756075E-5
1.0711253854E-4
5.2846525796E-5
1.3310112990E-6
-2.6017660278E-7
2.3288466036E-5
4.0763616561E-5
3.7649576551E-5
2.2632570471E-5
-2.2004358470E-6
-1.5159638133E-5
-1.5242898371E-5
-8.7496009656E-6
6.2283244916E-6
2.0030094310E-5
8.4657454864E-6
7.8868004494E-6
-4.7165667639E-7
-1.0926858522E-6
1.7203122843E-5
2.9175274539E-5
3.6390777677E-5
3.1369354109E-5
2.7879141270E-5
2.3161515127E-5
7.2545371950E-7
1.8212245777E-6
-1.0850979015E-5
-7.8790704720E-6
4.5983819291E-6
4.1895860340E-5
7.1256374942E-5
6.9241737948E-5
6.5890920815E-5
4.4753495604E-5
2.7677102479E-5
-4.2537227273E-6
-1.5485438052E-5
-2.0266941283E-5
-2.5831861422E-6
3.3119099680E-5
5.8610329870E-5
8.6538470352E-5
8.5864157884E-5
6.7757908256E-5
4.1743065230E-5
4.0835002437E-6
-1.7884175759E-5
-4.1369209066E-5
-1.9857741427E-5
3.6775600165E-7
4.7178915701E-5
7.5311656112E-5
9.3869399282E-5
9.5316581431E-5
6.8473769353E-5
2.7093954849E-5
-2.7491454966E-5
-5.7812139858E-5
-5.2527780645E-5
-3.1515595037E-5
1.9106350373E-5
7.2431564333E-5
9.1356399937E-5
1.1865792330E-4
9.7945390738E-5
4.7024956439E-5
-7.6123978944E-8
-3.8473610766E-5
-6.2536995394E-5
-5.5817526300E-5
-1.4660006855E-5
4.5411637984E-5
8.3213450855E-5
1.2245923281E-4
1.1378524359E-4
8.7854499000E-5
2.6493321638E-5
-1.6791629605E-5
-6.6850066652E-5
-7.7810848601E-5
-6.1376777013E-5
-9.8831951611E-7
5.8919831645E-5
1.1738104513E-4
1.4017047360E-4
1.2723451946E-4
8.9785363527E-5
1.4233135153E-5
-5.7695712895E-5
-1.0230747285E-4
-1.1189230718E-4
-6.6323403736E-5
5.3879688495E-6
9.7795831972E-5
1.6437998274E-4
1.7442745157E-4
1.5184984077E-4
7.2702672334E-5
-3.3191510010E-5
-1.3474720763E-4
-1.7458368093E-4
-1.4793743612E-4
-5.4318935145E-5
5.8057962452E-5
1.7481746618E-4
2.4106464116E-4
2.4573542178E-4
1.6774082323E-4
4.2099459096E-5
-1.1106894817E-4
-2.2779335268E-4
-2.5990366703E-4
-2.0093278727E-4
-4.3748377356E-5
1.7430370208E-4
3.7402951857E-4
4.7499741195E-4
4.2522099103E-4
1.6994521720E-4
-2.0979348337E-4
-6.4527607756E-4
-9.0192357310E-4
-7.4557686458E-4
-1.8206562381E-4
5.7073571952E-4
1.1686105048E-3
1.1248449562E-3
6.1308932490E-4
-6.1741669198E-5
-5.5234089959E-4
-8.9114462024E-4
-9.3384091742E-4
-1.9313630182E-4
6.1188406544E-4
1.0401694453E-3
9.6083702519E-4
1.5161585761E-4
-4.0998723126E-4
-5.1065289881E-4
-4.7263827873E-4
-3.1698693055E-4
-1.8781516701E-5
4.0296100779E-4
8.9402545709E-4
1.1322148726E-3
8.0964613008E-4
-1.0697608814E-4
-1.2227053056E-3
-1.9655135111E-3
-1.9045966560E-3
-1.0597539135E-3
1.3124776306E-4
1.1321067810E-3
1.5915798373E-3
1.4679433778E-3
8.8449756148E-4
7.3571421674E-5
-6.2473642176E-4
-1.0035814834E-3
-9.5623376547E-4
-6.0751747806E-4
-1.1213893304E-4
3.5236477851E-4
6.2789109070E-4
6.6091599874E-4
4.9642593366E-4
1.9706048770E-4
-1.0232100031E-4
-3.2768020173E-4
-4.1476163316E-4
-3.4252890618E-4
-1.6273095971E-4
6.1815895607E-5
2.4656630121E-4
3.4426652127E-4
3.3284988020E-4
2.2659080569E-4
5.9183104896E-5
-9.6774089618E-5
-2.2648943123E-4
-2.4127351353E-4
-1.8412523205E-4
-5.1031808835E-5
9.3621376439E-5
2.0182537846E-4
2.3752679117E-4
2.1440801211E-4
1.2472622330E-4
-7.2484719567E-6
-1.1882248800E-4
-1.7463825643E-4
-1.6418906162E-4
-9.4573805111E-5
5.9924786911E-6
1.1567291804E-4
1.8592380220E-4
1.9456469454E-4
1.5090506058E-4
5.6129763834E-5
-4.3491635006E-5
-1.0910916608E-4
-1.4650746016E-4
-1.1160788126E-4
-4.0051119868E-5
5.1770952996E-5
1.3270834461E-4
1.7098085955E-4
1.5985491918E-4
8.6920394099E-5
8.0617959612E-6
-6.1996013393E-5
-1.1146129109E-4
-1.1241072789E-4
-7.2224531326E-5
-1.9467319362E-6
7.8508001755E-5
1.2434968958E-4
1.3941813959E-4
1.0907942197E-4
5.0872343127E-5
-2.1581084001E-5
-7.9824647403E-5
-1.0659645777E-4
-7.9736730551E-5
-2.9734941199E-5
3.4104543737E-5
1.0422334308E-4
1.2826654129E-4
1.2102695182E-4
7.1567343550E-5
9.3277660199E-6
-4.2003928684E-5
-8.0209178852E-5
-7.4422638865E-5
-4.0733884089E-5
1.5063525643E-5
6.7307427527E-5
9.8576245366E-5
1.0071360739E-4
5.7116313838E-5
1.0651035700E-5
-3.1468633096E-5
-4.1473563760E-5
-8.3011807874E-6
-1.9394641276E-5
-6.7405728625E-5
-1.9478495233E-6
6.1996956356E-5
8.9556979950E-5
9.1649917889E-5
9.3070720325E-5
4.5479857362E-5
-1.2331828475E-5
-5.0182652195E-5
-5.4026569706E-5
-3.3172115217E-5
1.1545873713E-5
5.0839933101E-5
8.5208518432E-5
8.5571198727E-5
7.7734026128E-5
5.6536868215E-5
1.9793456886E-5
-8.1462319941E-6
-3.6404829006E-5
-2.4381303228E-5
-8.3764316515E-7
2.9482122044E-5
6.6511787010E-5
7.2013586762E-5
7.0844660514E-5
5.5075460114E-5
2.8252485207E-5
8.6525687948E-6
-2.0128011237E-5
-2.3091235198E-5
-1.1254101992E-5
9.0578338132E-6
4.4934300241E-5
5.7275127620E-5
6.9451390302E-5
7.1379740258E-5
5.0704448950E-5
3.0087039339E-5
7.4593117462E-6
-8.2515878603E-6
-1.1538364925E-5
-7.7153439634E-6
1.7263041809E-5
4.3553870637E-5
6.5712223298E-5
6.6717329903E-5
5.7964178269E-5
4.9031293020E-5
2.6780052576E-5
-2.6079011150E-6
-6.0899998061E-6
-1.0781874880E-5
4.5934924857E-6
3.1970208510E-5
1.1646330822E-4
1.0605533607E-4
7.1333767848E-5
1.5405984595E-5
-4.8231170513E-5
-9.8820717542E-5
-1.2315777130E-4
-8.8164827323E-5
-3.0408857855E-5
6.2213093043E-5
1.3419700554E-4
1.6931378050E-4
1.5632883878E-4
8.1491901076E-5
-3.6847847514E-5
-1.0040724883E-4
-1.1580042774E-4
-6.5604643898E-5
-7.8075798229E-6
3.0311488080E-5
1.8063746393E-5
-1.4036428183E-5
-3.5143748391E-5
-1.0537449270E-5
1.9784236792E-5
4.1344342753E-5
4.2354525066E-5
5.5318931118E-5
4.6571833081E-5
3.4537713508E-5
2.1111767273E-5
1.5027157497E-5
2.0776188466E-5
2.7856719679E-5
2.3374985903E-5
2.1394039504E-5
2.5945308152E-5
1.4636339620E-5
2.4469278287E-5
2.3038964718E-5
2.1726288832E-5
4.6291598118E-5
5.3138774820E-5
5.4880371318E-5
5.0636183005E-5
4.2048445903E-5
1.2905802578E-5
5.0031929277E-6
-1.6050715931E-5
-8.4626721218E-6
9.9050346763E-6
4.8141612206E-5
7.3046877517E-5
8.7078043729E-5
8.5615855643E-5
5.9914286249E-5
2.9646512120E-5
-1.7047743313E-6
-4.1186506860E-5
-3.1678855884E-5
-7.0365029388E-6
2.2157072089E-5
5.0585961435E-5
7.7239330859E-5
1.0060307104E-4
7.3390128092E-5
3.9210647810E-5
5.9817451984E-6
-3.5710853990E-5
-4.8065884039E-5
-3.0662433709E-5
1.2225355022E-6
4.3808890041E-5
8.7430130227E-5
1.1618076824E-4
1.1252284749E-4
8.5239985495E-5
2.9593205544E-5
-1.4482205734E-5
-5.7597877458E-5
-5.6195224170E-5
-4.4065364636E-5
-6.2871724368E-6
6.1077380088E-5
9.4756681940E-5
1.2286441633E-4
1.1894993950E-4
7.7387259810E-5
1.0908453260E-5
-4.9429002684E-5
-9.6631387717E-5
-9.1887114106E-5
-4.4316658750E-5
8.5358391517E-6
8.5073895755E-5
1.4177934499E-4
1.7989716725E-4
1.2400277192E-4
5.5874662939E-5
-4.0284229908E-5
-1.0246086167E-4
-1.4649659861E-4
-1.2562841876E-4
-5.3284596652E-5
4.8759486526E-5
1.6161387321E-4
2.2027188679E-4
2.1060713334E-4
1.6090313438E-4
2.9570027254E-5
-1.2283268152E-4
-2.2643158445E-4
-2.5042911293E-4
-1.7212362727E-4
-2.0903302356E-5
1.5899807913E-4
3.1324757728E-4
3.8607845782E-4
3.3766240812E-4
1.3538711937E-4
-1.3991467422E-4
-4.0388137569E-4
-5.2307946607E-4
-4.3371651556E-4
-1.1353975861E-4
3.0821101972E-4
6.1218986521E-4
6.3691139221E-4
3.4200275549E-4
3.4356617834E-5
-3.2989985775E-4
-6.1010991921E-4
-8.7385891237E-4
-4.1836398888E-4
6.6103804856E-4
1.3396707596E-3
1.2159292703E-3
1.6314762179E-4
-1.1373301386E-3
-1.3772938051E-3
-8.0680678367E-4
-2.5918050669E-4
1.6436344013E-4
4.5060869308E-4
6.3916007057E-4
7.0854495280E-4
4.9426170298E-4
1.8516683485E-5
-6.5447129310E-4
-1.3065626263E-3
-1.4835486072E-3
-1.0180085898E-3
2.6015134062E-5
1.1172248400E-3
1.7257082276E-3
1.6971739591E-3
1.0737358593E-3
1.4675699640E-4
-7.1610895684E-4
-1.2159531354E-3
-1.2159425765E-3
-8.1087480067E-4
-1.9054916920E-4
4.1462264491E-4
8.0483173952E-4
8.7423124350E-4
6.6479173257E-4
2.6428282727E-4
-1.3248404721E-4
-4.1241073051E-4
-5.1577312405E-4
-4.3121516939E-4
-2.0331889391E-4
6.2412105036E-5
2.6264251210E-4
3.7488936214E-4
3.8550432074E-4
2.7505980105E-4
6.8140611985E-5
-1.1888506124E-4
-2.5357876439E-4
-2.8071932028E-4
-1.9963516388E-4
-6.1135971920E-5
1.0064028902E-4
2.2215858335E-4
2.7506687911E-4
2.4246379034E-4
1.3408107916E-4
-4.8895599321E-7
-1.3395231217E-4
-1.9436163129E-4
-1.8528033979E-4
-1.0222777492E-4
3.1456467696E-6
1.2079720618E-4
1.9715164090E-4
2.1242935909E-4
1.6328531783E-4
6.5308785998E-5
-4.4636370149E-5
-1.2539412128E-4
-1.5815816587E-4
-1.2796259252E-4
-3.6528485361E-5
6.1267975253E-5
1.3430869440E-4
1.8199898768E-4
1.6831747489E-4
9.6242665316E-5
7.3843402789E-6
-7.1140110960E-5
-1.1355527677E-4
-1.2020571157E-4
-7.7064544897E-5
5.6099845097E-6
7.7439204327E-5
1.3725756435E-4
1.4819029020E-4
1.0799219599E-4
5.4994563107E-5
-1.2567290105E-5
-8.3040737084E-5
-1.0739855934E-4
-8.8996835988E-5
-3.1020678579E-5
4.5950524509E-5
1.0202832055E-4
1.2872207444E-4
1.1542987777E-4
7.9169461971E-5
1.5407218598E-5
-3.9007875603E-5
-8.1846816468E-5
-8.4949587474E-5
-4.5691221021E-5
1.9290717318E-5
7.1797997228E-5
1.1245954083E-4
1.1587099871E-4
8.8169181257E-5
3.8993661291E-5
-1.1092412751E-5
-5.0872797147E-5
-5.6125945412E-5
-4.3024949264E-5
8.6845131591E-6
5.7294382714E-5
1.0067292024E-4
9.0215110689E-5
7.5790192934E-5
3.6304874811E-5
-9.0692425146E-6
-2.8413569088E-5
-3.4007267094E-5
-1.1153973173E-5
2.2071122657E-5
4.0812301449E-5
4.6257197391E-5
5.0979980733E-5
5.5510306265E-5
2.9218161943E-5
4.8564793542E-5
9.3881494834E-5
1.9450252875E-5
-5.0437904430E-5
-6.2486564276E-5
-3.1970895360E-5
1.9026920197E-7
4.2629556264E-5
7.8259606383E-5
8.4930774760E-5
5.9403444175E-5
4.1812052950E-5
8.4217870609E-6
-1.1269084644E-5
-2.2488040849E-5
-4.6509900130E-6
8.4049883299E-6
4.1979784145E-5
6.2755774707E-5
7.3121988682E-5
6.6414382310E-5
5.5421760771E-5
2.7037085965E-5
5.9842248447E-6
-4.2823259719E-6
-2.1126575302E-5
-1.6388949008E-7
9.4922492281E-6
4.3591763824E-5
5.6061870419E-5
6.8173813635E-5
6.7441479771E-5
5.7221308817E-5
2.1117739379E-5
-1.2365286238E-6
-1.0965275578E-5
-1.4112412464E-5
2.9918155633E-6
3.0553119721E-5
8.7150803303E-5
7.6499942228E-5
5.3816020954E-5
1.1147733312E-5
-3.5963382106E-5
-6.3009944280E-5
-8.0804142639E-5
-5.2436254919E-5
1.0967487470E-7
5.1427911967E-5
1.0084804381E-4
1.2844675221E-4
1.0869753314E-4
5.6844844949E-5
-1.6747822519E-5
-7.6507020278E-5
-1.1970135383E-4
-1.2186026433E-4
-6.7498337013E-5
2.0553893410E-5
1.1616707780E-4
1.8428531475E-4
2.0152683137E-4
1.4482435072E-4
3.9718486368E-5
-8.8003359272E-5
-1.6174167395E-4
-1.6821793979E-4
-9.8290946337E-5
7.1315560491E-6
8.2100590227E-5
8.4226101173E-5
4.6024413314E-5
-6.3049141318E-6
-4.5354245230E-6
2.1221046336E-5
7.5909600130E-5
9.9416961895E-5
1.0610684985E-4
7.3718640489E-5
3.4572789445E-5
6.8030669355E-6
-8.9156674221E-6
-1.1447665747E-5
9.2908157967E-6
2.1214655134E-5
3.6451744381E-5
4.2640860192E-5
3.4032564144E-5
3.2336963339E-5
2.3535417858E-5
3.2345484941E-5
5.0179823302E-5
4.6473252587E-5
4.1967956349E-5
4.7147390433E-5
2.9187591280E-5
1.1144031305E-5
-3.9519509302E-7
3.2447976992E-6
1.4561507851E-5
2.2706401068E-5
4.3343147262E-5
5.7375105098E-5
6.5391673708E-5
6.3278083691E-5
3.9696739986E-5
1.2531434186E-5
-8.9008128271E-6
2.4414062500E-5
-1.5260698275E-5
5.3642084822E-6
2.4414062500E-5
8.3250913304E-5
1.0391853284E-4
9.5452391544E-5
7.0239172784E-5
2.8173893224E-5
-2.0211387891E-5
-3.5086483694E-5
-4.7207321041E-5
-3.1246268190E-5
7.9075573014E-6
5.2330922335E-5
8.7111582982E-5
1.0182390688E-4
8.7728560904E-5
5.9658673127E-5
1.1090945918E-5
-2.9395415913E-5
-6.8634608761E-5
-6.9915375208E-5
-3.8866803516E-5
1.1934584472E-5
7.7511591373E-5
1.1520094704E-4
1.3921110658E-4
1.1065274011E-4
5.1168841310E-5
-8.8117900305E-6
-8.3215674388E-5
-1.1663672049E-4
-1.0415107245E-4
-4.0336966049E-5
3.8930086884E-5
1.2974920683E-4
1.8444648013E-4
1.8818276003E-4
1.3382633915E-4
3.3863692078E-5
-8.0046127552E-5
-1.6329550417E-4
-2.0184979076E-4
-1.3842522167E-4
-1.4452997129E-5
1.4489934547E-4
2.7606724761E-4
3.5469672875E-4
3.1643213005E-4
1.4061103575E-4
-1.2123648776E-4
-3.7019124721E-4
-4.6176488978E-4
-3.8244117750E-4
-1.0371636600E-4
2.6765919756E-4
5.6417549494E-4
6.2997791683E-4
3.7116422318E-4
4.2809813749E-5
-1.9370603841E-4
-3.6979528377E-4
-5.1210308447E-4
-4.0983038490E-4
2.0866912091E-4
8.8878192472E-4
9.5234703038E-4
3.4048571251E-4
-8.4761930629E-4
-1.3319147634E-3
-9.4976179535E-4
-2.6589871850E-4
1.9028962124E-4
5.0074940081E-4
6.8874108839E-4
6.2528911512E-4
3.7641456584E-4
7.8645534813E-7
-4.0183335078E-4
-8.3769001067E-4
-1.0433032876E-3
-7.4759498238E-4
-7.7100703493E-6
8.6794306989E-4
1.4980689157E-3
1.5670023510E-3
1.0772099253E-3
2.0940608811E-4
-7.0161788026E-4
-1.2939140317E-3
-1.3392921886E-3
-9.4581510640E-4
-2.5831031380E-4
4.3965659572E-4
9.2273021582E-4
1.0531498352E-3
8.3710515174E-4
3.6033602664E-4
-1.5126900980E-4
-5.4932358907E-4
-7.0173742716E-4
-6.0204783222E-4
-3.0960891162E-4
5.1772652659E-5
3.5104074050E-4
5.0773704424E-4
4.8108004267E-4
3.1126497778E-4
8.0332846850E-5
-1.5417148825E-4
-3.0499302083E-4
-3.4246175782E-4
-2.5022517657E-4
-7.6316052585E-5
1.0822353652E-4
2.5242533302E-4
3.0541587620E-4
2.5818129070E-4
1.4406188857E-4
-1.4099106193E-5
-1.4475298813E-4
-2.0734269638E-4
-1.9760981668E-4
-1.0834863642E-4
7.7084754594E-6
1.1944044381E-4
2.1221269853E-4
2.3321819026E-4
1.7714654095E-4
7.0011953361E-5
-4.2986567132E-5
-1.3451226987E-4
-1.6369639198E-4
-1.3916859170E-4
-4.4034875464E-5
5.0953694154E-5
1.5051704831E-4
1.8913593376E-4
1.6865424113E-4
9.6603052230E-5
2.4414062500E-5
-6.9724582137E-5
-1.1664431076E-4
-1.2522123288E-4
-7.4886926452E-5
4.4863671065E-6
9.0977584480E-5
1.3364449842E-4
1.6904002987E-4
1.2983446941E-4
4.4968700968E-5
-2.1078041754E-5
-7.9977221324E-5
-1.1072277557E-4
-8.4174796942E-5
-3.4580542705E-5
5.0658849068E-5
1.1034397176E-4
1.3657908421E-4
1.2100504246E-4
8.3456328142E-5
1.2159708422E-5
-5.1015068312E-5
-8.4581924605E-5
-7.9071044458E-5
-5.3382513580E-5
1.4753278810E-5
7.6593807901E-5
1.0486654938E-4
1.1248845840E-4
8.5372768810E-5
4.5806984417E-5
-1.1191994417E-5
-4.9393670634E-5
-7.3781958784E-5
-5.5781973061E-5
-5.1654991694E-6
4.3060490861E-5
8.7002792864E-5
1.0063627269E-4
8.9612859304E-5
5.3141312674E-5
1.2469606008E-5
-2.4811550974E-5
-4.2033276986E-5
-3.8625404704E-5
3.2830471172E-5
3.9080251008E-5
6.9357384929E-5
7.5096962976E-5
7.6547346546E-5
4.4806255027E-5
1.1267885566E-5
1.5870667994E-6
-9.1389287263E-6
-5.2230549046E-6
2.4739420041E-6
1.8848897889E-5
4.9400946591E-5
6.1488826760E-5
5.5354658980E-5
4.5427714939E-5
4.2549450882E-6
-7.5085088611E-6
1.6252417117E-5
3.1506910453E-5
-3.3893110230E-5
-4.1454017628E-5
-1.6128248535E-5
3.0646717640E-5
4.7035457101E-5
7.5704394842E-5
6.9074297791E-5
5.0065026153E-5
3.2425380776E-5
3.9781443775E-6
-1.1476501822E-5
-1.8883065786E-5
-1.3397447765E-5
1.5048659407E-5
4.2175815906E-5
6.1393831857E-5
7.2088430172E-5
7.7220506503E-5
2.4414062500E-5
2.4929945356E-5
-5.4989941419E-6
-1.5136413276E-5
-2.1701096557E-5
-7.1002985351E-6
2.6212935335E-5
9.0249441565E-5
9.4617484140E-5
5.2091875114E-5
9.1745867395E-6
-3.3438683021E-5
-6.7081255840E-5
-7.8194157689E-5
-2.3159850388E-5
-1.7198035493E-6
3.8260221481E-5
7.2820927018E-5
1.0300448630E-4
8.0003892073E-5
4.8959034030E-5
-4.9412599765E-6
-5.7866959833E-5
-9.0590363837E-5
-9.4362290112E-5
-4.0784908924E-5
2.7979479636E-5
8.2572246904E-5
1.4254137641E-4
1.3335348340E-4
1.0629935423E-4
3.6287202965E-5
-5.1530322526E-5
-1.1019781232E-4
-1.3449520338E-4
-1.0290134233E-4
2.4414062500E-5
8.2501326691E-5
1.8075157423E-4
2.2053726716E-4
1.9325094763E-4
9.8524417265E-5
-1.5840539709E-5
-1.3069194974E-4
2.4414062500E-5
-1.6872033011E-4
-6.7726825365E-5
4.9833639059E-5
1.3473061845E-4
1.4694487909E-4
8.1900844819E-5
1.3122335076E-5
5.8664474637E-6
2.4414062500E-5
9.8293891644E-5
1.1392809684E-4
1.1125524761E-4
6.0605152976E-5
2.1122756879E-5
-2.6443880051E-5
-3.6905589513E-5
-1.6822805628E-5
-2.7449335903E-6
3.7801254075E-5
5.0943007227E-5
6.1107275543E-5
6.0755340383E-5
4.1681120637E-5
2.3907877039E-5
2.8213951736E-5
1.7826980911E-5
3.5355892032E-5
3.4900079481E-5
3.5379920154E-5
6.5557775088E-6
7.1300426499E-6
1.9668333698E-5
2.2047327365E-5
1.9274058286E-5
3.6984647158E-5
5.3130334709E-5
5.1449285820E-5
5.8255053592E-5
4.9578037579E-5
3.1246745492E-5
2.5484827347E-6
-9.5259281807E-6
-3.1251658219E-5
-1.6994692851E-5
1.6609684098E-5
4.5578565914E-5
7.8159081751E-5
9.0425647798E-5
9.8115636504E-5
5.7164684404E-5
4.5035267249E-6
-3.7351949140E-5
-6.8603886759E-5
-6.2678335235E-5
-3.8751645479E-5
1.9857939332E-5
7.8395404855E-5
1.1075116927E-4
1.2530222302E-4
9.6977583600E-5
5.1761628129E-5
-7.5454125181E-6
-6.8080378698E-5
-9.7252347042E-5
-8.2278391349E-5
-3.5998329985E-5
4.5877043157E-5
1.2030026410E-4
1.7018341459E-4
1.6533824382E-4
1.1600555154E-4
3.4701102412E-5
-6.7188858522E-5
-1.3502872316E-4
-1.5248496784E-4
-1.1064471910E-4
-6.6823791713E-6
1.2048397912E-4
2.3831306025E-4
2.8773540397E-4
2.4883601581E-4
1.0127341375E-4
-9.4700709453E-5
-2.9704550979E-4
-4.0175843752E-4
-3.2411674037E-4
-7.7473104467E-5
2.6759860338E-4
5.3601408144E-4
5.8821187121E-4
3.5194808151E-4
4.7068134881E-5
-2.5869322708E-4
-3.8134616335E-4
-4.7789623495E-4
-4.3028186775E-4
6.8933097647E-5
8.0867424841E-4
9.2728378949E-4
3.8552393672E-4
-6.0815756441E-4
-1.1346273473E-3
-7.4203434633E-4
-2.3704890628E-4
6.1852915679E-5
2.3601907306E-4
4.0209656582E-4
4.4219455450E-4
3.0694478191E-4
1.8214038573E-5
-3.6363647087E-4
-7.5809834525E-4
-8.9560053311E-4
-6.5617510117E-4
-2.3992895148E-5
6.7945951596E-4
1.2021116447E-3
1.3213020982E-3
9.4049040926E-4
2.0734427962E-4
-5.6371215032E-4
-1.0866717901E-3
-1.2217203621E-3
-9.2882486060E-4
-2.8567223343E-4
4.1392339628E-4
9.3085992847E-4
1.1088923085E-3
8.8693039724E-4
4.2376808125E-4
-1.3341407757E-4
-5.7892871555E-4
-7.7945519006E-4
-7.0550473174E-4
-3.7912531989E-4
4.1415367741E-5
4.1675241665E-4
6.4128097147E-4
6.3717996236E-4
4.1837823811E-4
1.0745908367E-4
-1.9988062559E-4
-3.9642860649E-4
-4.3865735645E-4
-3.1514394794E-4
-1.0273332009E-4
1.2629060075E-4
3.0436391243E-4
3.6043707514E-4
3.0612822155E-4
1.5247497940E-4
-1.9048503600E-5
-1.6916841269E-4
-2.6025105035E-4
-2.4204242509E-4
-1.4475361677E-4
1.0742677841E-5
1.2753111077E-4
2.4435525993E-4
2.4213509168E-4
1.7650303198E-4
5.8937212453E-5
-6.9560518025E-5
-1.5495804837E-4
-1.7285296926E-4
-1.4009375591E-4
-4.5755377505E-5
5.6763540488E-5
1.5417143004E-4
1.8822349375E-4
1.7075542128E-4
9.4573234676E-5
4.4232700020E-6
-7.6952914244E-5
-1.2190057896E-4
-1.2006402249E-4
-8.5061695429E-5
-7.7106291429E-6
8.6741405542E-5
1.5457819682E-4
1.6832152614E-4
1.2567345984E-4
6.5696635285E-5
-1.7562438734E-5
-9.7774656026E-5
-1.1287351372E-4
-9.4303663357E-5
-4.0790752973E-5
3.6747660487E-5
1.0819002055E-4
1.3793581165E-4
1.2353177881E-4
7.7944854276E-5
6.2227132731E-6
-4.9601425417E-5
-9.2478760054E-5
-8.9058908636E-5
-5.5248290301E-5
1.3124535326E-5
7.3118554431E-5
1.1941891862E-4
1.1414957699E-4
8.9326396121E-5
3.7149863783E-5
-1.1649553198E-5
-5.3620326799E-5
-6.8463466598E-5
-4.4351490214E-5
-9.8487944342E-6
3.9857637602E-5
8.3041354085E-5
9.6440932251E-5
8.9176464829E-5
5.2539596800E-5
1.4268897940E-5
-2.2783735766E-5
-4.8932759092E-5
-3.5951170139E-5
-8.2773622125E-6
1.9129202701E-5
5.8236508631E-5
8.4748666271E-5
8.4348942621E-5
5.3043209482E-5
2.7334678452E-5
-3.0803261324E-6
-1.1727737728E-5
-1.7163215671E-5
-8.1956968642E-6
2.2289168555E-5
3.8650596979E-5
5.9927441181E-5
5.3857848980E-5
4.8069946933E-5
4.6648317948E-5
3.2062001991E-5
-3.0299532227E-6
-7.3923263699E-6
-1.8579629250E-5
1.4439597726E-5
4.2744970415E-5
5.7638052386E-5
6.4545054921E-5
4.7523318790E-5
3.3472280483E-5
-2.9581482522E-6
-5.8309757151E-6
1.8810853362E-6
4.2759673669E-5
3.4445931668E-5
-1.3798079453E-5
-1.6381987371E-5
2.3117801174E-5
6.0997845140E-5
7.8320992181E-5
9.4142381571E-5
5.9416051955E-5
2.8285675215E-5
2.8518377803E-6
-2.7482025324E-5
-3.2169290352E-5
-2.3746036458E-5
1.5971227549E-5
8.7077217178E-5
7.1939523334E-5
4.1148299351E-5
2.4045933969E-6
-2.9515149071E-5
-5.8240653016E-5
-7.6576601716E-5
-5.2174553276E-5
-6.4417021349E-6
4.6556675806E-5
7.7647634318E-5
9.3472341543E-5
6.9671333769E-5
2.8173939790E-5
-1.0146852583E-5
-5.5298442021E-5
-7.1806891358E-5
-6.2841398177E-5
-3.3406901638E-5
2.3716758005E-5
8.2725286487E-5
1.2064934708E-4
9.5084996430E-5
8.0006557985E-5
2.8345850295E-5
-3.4853769466E-5
-8.3545036617E-5
-9.6788874364E-5
-7.6371629260E-5
-3.1438190490E-6
6.7322095857E-5
1.3446343364E-4
1.6880059848E-4
1.5412266366E-4
8.4059208169E-5
1.1076917872E-6
-8.3929754330E-5
-1.3756480766E-4
-1.3219607063E-4
-6.8161252422E-5
4.0066801011E-5
1.4355017338E-4
2.1243325900E-4
2.4008665932E-4
1.8141956534E-4
5.9506995604E-5
-8.0907531085E-5
-1.8352544866E-4
-2.0783339860E-4
-1.5620200429E-4
-2.6579690165E-5
9.6083851534E-5
1.5101812314E-4
1.2670527212E-4
5.5319117382E-5
3.3117830754E-6
1.3195909560E-5
5.9030065314E-5
1.1803556699E-4
1.3353244867E-4
9.7135698890E-5
3.4241890534E-5
-1.6244093422E-5
-4.6558678151E-5
-4.8878567759E-5
-2.6875117328E-5
6.1593949795E-6
3.8819666951E-5
6.3601194416E-5
6.4392189963E-5
4.9079430755E-5
3.5094411577E-5
2.6836933102E-5
1.3917556498E-5
1.3341300655E-5
2.5516364257E-5
1.6313581727E-5
2.7117086574E-5
2.6624358724E-5
1.2743647676E-5
4.9403170121E-7
1.0425981600E-5
1.4099432156E-5
3.1843991018E-5
4.4109753798E-5
5.4789858405E-5
5.0515378825E-5
3.7023320328E-5
8.7679130957E-6
-1.0312942322E-5
-2.6399688795E-5
-2.3983418941E-5
-1.8295086920E-5
3.1165604013E-5
7.8139791733E-5
1.1537428945E-4
1.0771313682E-4
7.5919600205E-5
4.2193010449E-5
1.1008116416E-6
-5.4069759791E-5
-7.2991591879E-5
-5.0100008958E-5
-1.0759371798E-5
4.3929903768E-5
1.0881120106E-4
1.6571589513E-4
1.6603070544E-4
1.2486809864E-4
2.2111902944E-5
-1.1669673258E-4
-2.0561653655E-4
-2.2565594409E-4
-1.4659949811E-4
4.7033769079E-6
2.1008434705E-4
3.7235099590E-4
4.1851149873E-4
3.1568532576E-4
8.8466552554E-5
-1.8410875928E-4
-3.7454833510E-4
-4.0526500671E-4
-2.7935731923E-4
-5.3402734920E-6
2.2942926734E-4
3.8013728336E-4
3.6108711501E-4
2.2798316786E-4
4.1533925104E-5
-1.1764530791E-4
-2.2257199744E-4
-2.9720258898E-4
-3.0163095798E-4
-1.4569418272E-4
4.9608061090E-4
7.9052647343E-4
4.2066152674E-4
-3.3756654011E-4
-1.4444444328E-3
-1.2067420292E-3
-4.8996123951E-4
1.2808023020E-4
3.2856424804E-4
4.2602989125E-4
3.0789467272E-4
1.8215895398E-4
5.1355699543E-5
-1.4501031255E-4
-3.4088093088E-4
-4.4704078465E-4
-3.4301414852E-4
-4.6186731197E-5
3.6909884075E-4
7.9704332166E-4
1.0640687542E-3
8.6236202623E-4
2.2536944598E-4
-5.3423134376E-4
-1.0026106960E-3
-1.0598606663E-3
-7.4285115116E-4
-2.3703741608E-4
2.7361434185E-4
6.6846334375E-4
8.0888679950E-4
7.0334618214E-4
3.6620777100E-4
-7.6474039817E-5
-4.5197845904E-4
-6.4063539030E-4
-6.1765568098E-4
-3.5009577404E-4
6.6444510594E-6
3.6458009854E-4
5.8519910089E-4
6.1179489130E-4
4.2737494225E-4
1.1983030709E-4
-2.0509033930E-4
-4.4585327852E-4
-5.1660330500E-4
-4.0981485510E-4
-1.4425159897E-4
1.4954279177E-4
3.7701418623E-4
4.7312007520E-4
3.7990445271E-4
1.9969934365E-4
-2.1215341985E-5
-2.1559803281E-4
-3.2308513763E-4
-2.9729763045E-4
-1.6793727409E-4
-5.5406591855E-6
1.6420927132E-4
2.7111889794E-4
2.7989131631E-4
2.0296422299E-4
6.9160992281E-5
-6.6168315245E-5
-1.7379058991E-4
-2.1546675125E-4
-1.6517232871E-4
-6.6452717876E-5
6.7054852845E-5
1.7066950677E-4
2.1551998798E-4
1.9642582629E-4
1.1754394509E-4
9.9541270175E-6
-9.7790069414E-5
-1.4615271939E-4
-1.4668143121E-4
-8.5353024773E-5
1.7359387129E-6
9.7008154264E-5
1.5832883073E-4
1.7389819259E-4
1.3355668634E-4
5.1897903905E-5
-3.1972245778E-5
-9.4461510892E-5
-1.3067479012E-4
-8.6045498030E-5
-3.1880405731E-5
4.6591996215E-5
1.0696592508E-4
1.4361008070E-4
1.1799063068E-4
6.4321781976E-5
4.8109563068E-6
-3.8075365591E-5
-9.8923034968E-5
-1.0323203169E-4
-5.4465979338E-5
5.7841534727E-6
6.4714741894E-5
1.2018143898E-4
1.2192951981E-4
1.0808795923E-4
3.7767842877E-5
-6.9113681093E-6
-5.7431170718E-5
-6.9844489919E-5
-4.5904761646E-5
-1.2039695866E-5
4.7811015974E-5
8.5607869554E-5
1.0186322034E-4
8.9761719577E-5
5.6219520048E-5
3.1679286621E-6
-3.4633267205E-5
-4.1762378532E-5
-3.3765507395E-5
-3.4872442484E-6
3.5386835224E-5
6.1660131906E-5
7.6499127320E-5
7.4627494908E-5
6.3814327587E-5
3.3111299853E-5
1.0068411939E-6
-1.6687822062E-5
-2.4658360052E-5
-1.2448907364E-5
1.9388890359E-5
3.7291657645E-5
6.3338992187E-5
7.2602042930E-5
6.0480355751E-5
4.3090654071E-5
1.3423140627E-5
-2.7546891943E-6
-1.7135508824E-5
-8.3505408839E-6
-1.5740632080E-6
2.3099535610E-5
5.1126535982E-5
6.3943210991E-5
6.1521492899E-5
4.1310768574E-5
2.3870915174E-5
5.0984672271E-6
-4.3989042752E-6
5.1870010792E-7
1.3880443294E-5
2.9705232008E-5
5.8628909756E-5
5.5728899315E-5
5.4773630109E-5
4.5506644528E-5
2.4816009681E-5
1.2924778275E-5
3.0171475373E-6
2.9287463984E-5
6.0289120303E-5
-9.7859301605E-6
-5.5043655448E-5
-1.1053599883E-5
9.6360314639E-5
1.0084019741E-4
5.7500205003E-5
5.2805989980E-7
-5.9525331018E-5
-9.7310065760E-5
-9.5419655556E-5
-6.3426862472E-5
-1.9029714167E-6
4.6398816630E-5
7.4501195924E-5
8.1915187186E-5
6.4784870484E-5
2.2764084860E-5
-8.3558959887E-6
-4.5900850091E-5
-5.5754370988E-5
-3.0335364862E-5
-8.4614148364E-6
3.1990336719E-5
6.7793298515E-5
1.0090839351E-4
9.6072128511E-5
7.3369219902E-5
2.2810394875E-5
-2.6873103342E-5
-6.9969263861E-5
-7.5106241277E-5
-5.1298190375E-5
-1.1129654012E-6
7.6805322898E-5
1.1974185472E-4
1.5369866742E-4
1.4282158809E-4
6.7394552754E-5
-1.0450766422E-5
-4.1665695608E-5
-7.8013713939E-5
-8.0726074524E-5
-4.2613607366E-5
3.3807405270E-5
1.1629534420E-4
1.7400970682E-4
1.8566328799E-4
1.3460173504E-4
5.1114032976E-5
-4.9646536355E-5
-1.3324941974E-4
-1.5691658482E-4
-1.1801972287E-4
-2.4246028624E-5
9.0339686724E-5
2.0186519250E-4
2.6280875318E-4
2.2391595412E-4
1.2795332586E-4
-1.5448709018E-5
-1.4114199439E-4
-2.0039185183E-4
-1.6161061358E-4
-6.7591434348E-5
4.4789887033E-5
8.9866563214E-5
6.5389869269E-5
-4.0001817979E-6
-3.4327490720E-5
-1.8259428907E-5
4.6852894593E-5
1.0738150450E-4
1.3592707692E-4
1.2347643497E-4
7.9111137897E-5
1.1070282199E-5
-2.2532232105E-5
-4.5631779358E-5
-3.1660462263E-5
-9.5587107353E-6
1.2924463954E-5
6.3315685840E-5
6.5230554902E-5
7.1286060849E-5
5.6612223853E-5
3.6560150329E-5
1.7327023670E-5
-1.9542756491E-6
7.1867834777E-6
1.5395833179E-5
1.8187472597E-5
1.9152939785E-5
2.1511479281E-5
1.4380377252E-5
9.3974173069E-6
1.8219614867E-5
2.6154052466E-5
4.1790236719E-5
9.0029009155E-5
6.9420458750E-5
5.4335792084E-5
3.7293275818E-5
-2.4301535449E-5
-5.7967600879E-5
-6.3394987958E-5
-2.9952696058E-5
3.1708041204E-7
4.3074600398E-5
7.2355777958E-5
1.0740356520E-4
1.0027532699E-4
8.9151284194E-5
2.3836630862E-5
-4.5576831326E-5
-9.6886558461E-5
-1.1861905223E-4
-7.5064809064E-5
8.2397484221E-6
1.2600807240E-4
2.4470868520E-4
2.8663490665E-4
2.5186121929E-4
7.1553944147E-5
-2.5414691772E-4
-5.9040925698E-4
-6.8916205783E-4
-4.2188965018E-4
7.6968059878E-5
5.5650890571E-4
7.4161234079E-4
5.2156787131E-4
1.8076600973E-4
-1.1063560378E-4
-2.1157348529E-4
-1.4554989757E-4
-1.0477070464E-4
-8.6411740633E-5
-3.7759391125E-5
2.0021096570E-4
4.9580712802E-4
3.1271516345E-4
-2.7922897134E-4
-9.6716892440E-4
-1.3261682470E-3
-6.1883884482E-4
1.3782584574E-4
5.1551428623E-4
5.1667165243E-4
3.5506467102E-4
1.7400975339E-4
5.9363548644E-6
-1.1309776455E-4
-2.1604187787E-4
-2.2964654490E-4
-2.1111203823E-4
-1.3503932860E-5
2.4971839739E-4
5.1038558594E-4
6.1926678754E-4
5.3231545024E-4
1.5629838453E-4
-3.0200466280E-4
-7.2302429471E-4
-9.2611560830E-4
-7.8583706637E-4
-2.6944554411E-4
3.2709639053E-4
6.9487206638E-4
7.3994632112E-4
5.6969735305E-4
2.8910448308E-4
-5.3313083482E-5
-2.9303611954E-4
-4.1913271418E-4
-4.4030299179E-4
-2.6806447422E-4
-2.6853522286E-7
2.5623396504E-4
4.2761805236E-4
4.4231292561E-4
3.5463742679E-4
1.4164692257E-4
-1.6755143879E-4
-3.8882810623E-4
-4.5862599510E-4
-3.4806941402E-4
-1.2449678033E-4
1.1987348553E-4
3.4063013735E-4
4.6214574251E-4
4.1797891028E-4
2.3240376031E-4
-2.4325889535E-5
-2.6548017049E-4
-3.9527182236E-4
-3.8874788444E-4
-2.3193383822E-4
-8.8581815362E-6
1.9976937910E-4
3.3706413814E-4
3.4915672149E-4
2.6561641134E-4
8.3179469223E-5
-9.1372721365E-5
-2.1993403789E-4
-2.6206638431E-4
-1.9079908961E-4
-7.1158749055E-5
7.6219579208E-5
1.9819285954E-4
2.4401861010E-4
2.2180635715E-4
1.2521744939E-4
3.7293415517E-6
-1.0463418439E-4
-1.6913989093E-4
-1.6346214106E-4
-9.5243670514E-5
4.7666369937E-6
1.0550129228E-4
1.7256267602E-4
1.9135703333E-4
1.4782436192E-4
6.2543863897E-5
-4.1745603084E-5
-1.0367509676E-4
-1.3252999633E-4
-1.0109293508E-4
-3.4707551821E-5
3.6475714296E-5
1.1821031803E-4
1.5421562129E-4
1.4013663167E-4
7.4534071611E-5
1.0939117055E-5
-5.1842082758E-5
-9.2314986981E-5
-9.3207135800E-5
-5.5159325713E-5
9.9641387352E-6
8.1776222216E-5
1.2129673269E-4
1.2501172023E-4
1.0308732745E-4
2.8263509738E-5
-1.8873962108E-5
-5.4964516313E-5
-6.9908099250E-5
-4.0380971041E-5
3.9166305214E-6
4.5753282029E-5
9.5193483869E-5
1.0155579075E-4
7.5683975596E-5
4.8839906231E-5
1.2587499805E-5
-1.7842755187E-5
-3.1598657369E-5
-2.9579771216E-5
-7.4313604273E-6
2.6619841810E-5
5.6063977536E-5
8.5213128481E-5
8.4425148091E-5
6.5357855057E-5
2.7705938555E-5
7.1853748523E-6
-1.7448200378E-5
-2.2881582845E-5
-1.9232754130E-5
2.5480752810E-6
3.2361771445E-5
5.5232201703E-5
7.3660432830E-5
6.2813528348E-5
5.3091603331E-5
2.9856408945E-5
1.1128524784E-5
-1.4942511916E-5
-1.4587107580E-5
2.4900422431E-6
2.0586862228E-5
4.6859064604E-5
6.9534301294E-5
6.5846578220E-5
5.8866769541E-5
2.9088021255E-5
3.0617660376E-5
-3.5639735870E-6
-1.2366450392E-6
1.5313737094E-6
1.4381005894E-5
3.3926661126E-5
5.5109255482E-5
5.8671424632E-5
5.2035471890E-5
3.7591950967E-5
1.5987805091E-5
-6.6105276346E-7
9.5764757134E-6
1.6084813979E-5
2.2501207422E-5
5.1205838099E-5
5.7881546673E-5
9.9097529894E-5
9.0120802636E-5
6.3626514748E-5
9.4989081845E-6
-4.4806569349E-5
-8.7898247878E-5
-8.4173667712E-5
-6.2985764818E-5
-3.6932993680E-6
5.4172927048E-5
9.8696479111E-5
1.2233046582E-4
1.0795855196E-4
4.9770623446E-5
-2.4586555082E-5
-8.2395283973E-5
-1.1715333676E-4
-1.0999577353E-4
-3.3468101173E-5
3.3043453003E-5
1.0589463636E-4
1.4377181651E-4
1.3535490725E-4
7.9234899024E-5
1.3545679394E-5
-4.0754303336E-5
-8.4864348175E-5
-6.8079214545E-5
-3.2365531660E-5
2.7678767219E-5
6.8123021630E-5
1.0648671305E-4
1.1295995209E-4
1.0430910625E-4
6.2120624353E-5
2.2002030164E-6
-4.1899469216E-5
-7.9136679418E-5
-7.1428075901E-5
-2.1614669822E-5
3.3459928817E-5
1.1633699760E-4
1.6150450101E-4
1.6913036816E-4
1.3487129472E-4
4.5682594646E-5
-6.0949020555E-5
-9.0162351264E-5
-6.3473824413E-5
-5.8977701701E-5
1.2737000361E-6
8.0903712662E-5
1.5691269655E-4
2.0818671910E-4
1.8982508918E-4
1.2223632075E-4
-2.1385378204E-6
-1.0806744685E-4
-1.8363273702E-4
-1.7070261529E-4
-8.1376137677E-5
3.6073476076E-5
1.6900531482E-4
2.6172881480E-4
2.5762842269E-4
1.9053583965E-4
4.5877532102E-5
-6.5263570288E-5
-1.2111673132E-4
-6.7713845057E-5
-3.0571827662E-7
5.3484970704E-5
4.8155209515E-5
-2.0635675173E-5
-8.0323498698E-5
-1.0853759013E-4
-6.4252410085E-5
1.4394358732E-5
9.4107934276E-5
1.4237536816E-4
1.3961852528E-4
1.0991094168E-4
5.3943460808E-5
-1.1214730330E-5
-4.4006400276E-5
-5.8963731863E-5
-3.7146767135E-5
5.0098402426E-6
3.6134093534E-5
5.6212698110E-5
6.4725289123E-5
7.4142322412E-5
2.9327662195E-5
2.5146408006E-5
1.3367726933E-5
1.8158846069E-5
1.1479388923E-5
2.4674786254E-5
2.3548433091E-5
7.7875913122E-6
-4.7322828316E-8
-7.8463461250E-6
-1.2611749116E-5
9.7942654975E-6
4.6639179345E-5
1.1126510799E-4
1.2586165685E-4
9.8685896957E-5
5.0477753394E-5
2.4176924489E-5
-3.6127504426E-5
-6.7591574044E-5
-6.8171659952E-5
-3.5381002817E-5
2.4310324806E-5
1.0093094316E-4
1.5723070828E-4
1.9893333083E-4
1.5742089599E-4
3.5841064527E-5
-8.8823575063E-5
-2.0258681616E-4
-2.3607745534E-4
-1.4530817279E-4
5.1274464931E-5
2.1591890836E-4
3.4065399086E-4
3.5959805827E-4
1.9223276759E-4
-5.9401383624E-5
-2.2636883660E-4
-2.2062808275E-4
-1.1903666891E-4
1.4274741989E-5
5.3977058269E-5
1.3622515835E-4
3.2157399690E-4
3.1201245728E-4
-2.1491704975E-4
-9.3751772074E-4
-1.3762111775E-3
-9.9978838115E-4
1.4857643982E-4
9.3043308005E-4
1.0376204271E-3
7.0638768375E-4
2.8823827160E-4
-3.7263089325E-5
-2.0323412027E-4
-2.6912589092E-4
-2.4660476483E-4
-1.5415645903E-4
-1.9249855541E-6
1.9380553858E-4
3.2967736478E-4
3.9995942498E-4
3.3042292343E-4
1.1226153001E-4
-1.8917863490E-4
-4.5081300197E-4
-5.8357312810E-4
-4.9106853548E-4
-1.7819454661E-4
2.2542261285E-4
5.8155073784E-4
7.4590075529E-4
6.8005425856E-4
3.5155046498E-4
-6.7998538727E-5
-3.9669153049E-4
-4.8102699221E-4
-3.8677331759E-4
-2.0022550598E-4
4.9016438425E-6
1.8560057506E-4
2.9707591747E-4
3.2824574736E-4
2.5788899511E-4
9.9377648441E-5
-6.4256717453E-5
-1.7211446539E-4
-2.0474824123E-4
-2.1397736855E-4
-1.1292771669E-4
7.4449100068E-5
2.9578044777E-4
3.9241003106E-4
3.2126531004E-4
1.7191437073E-4
4.9209105782E-6
-1.6291692154E-4
-2.6076930808E-4
-2.9574853833E-4
-2.0419912180E-4
-1.8566870130E-5
2.1187606035E-4
3.9167704528E-4
4.2841554389E-4
3.2841343199E-4
1.0195827345E-4
-1.2322501279E-4
-2.9188757762E-4
-3.3679504412E-4
-2.5382699678E-4
-1.0397535516E-4
9.2481973117E-5
2.4333738256E-4
2.9696000273E-4
2.6649375213E-4
1.5386223095E-4
6.9291912952E-6
-1.2332480401E-4
-2.0246290369E-4
-2.0446195267E-4
-1.1887119617E-4
2.6041292585E-6
1.1658894364E-4
1.9630101742E-4
2.1048269700E-4
1.5418850817E-4
5.8955966961E-5
-3.7492904812E-5
-1.2409006013E-4
-1.4764562948E-4
-1.1814180762E-4
-4.2286643293E-5
5.3372210823E-5
1.2961451430E-4
1.6044172225E-4
1.4614526881E-4
8.6114741865E-5
9.5032039099E-6
-6.3781964128E-5
-1.0815062560E-4
-1.0174590862E-4
-6.3575606329E-5
9.3298614957E-6
7.2966516020E-5
1.2931744568E-4
1.3346744235E-4
9.8423776220E-5
4.0199758950E-5
-2.7696706820E-5
-6.1147508679E-5
-8.0509413968E-5
-4.9428071361E-5
-1.0231416672E-5
5.5805337616E-5
9.3620282136E-5
1.0956388433E-4
9.7366957928E-5
5.8672239539E-5
6.1352504418E-6
-3.4657295327E-5
-4.2338634375E-5
-3.1096453312E-5
-9.8102493211E-6
3.0952098313E-5
6.6163786689E-5
8.7567733138E-5
7.7789148783E-5
6.1719841325E-5
3.3256679307E-5
2.4691340514E-6
-1.8655764870E-5
-1.6614736523E-5
-1.9048980902E-5
-6.3922023401E-6
2.0628399215E-5
4.8091518693E-5
7.9500814903E-5
7.6326611453E-5
6.6774059088E-5
3.6395550705E-5
1.4599005226E-5
-1.7598096747E-5
-2.0738574676E-5
-8.4772589617E-6
1.8165411893E-5
4.6302634291E-5
6.4406311141E-5
7.3002628052E-5
6.2850094401E-5
3.6607356742E-5
1.9843527116E-5
1.9773608073E-6
-8.6326268502E-6
2.3471773602E-6
4.2809173465E-6
2.9308313969E-5
4.7514797188E-5
6.8513618318E-5
5.7317700703E-5
3.9026001468E-5
3.3182220067E-5
2.2961176001E-6
4.2439205572E-6
1.0633934289E-5
1.0200927500E-5
2.7901062275E-5
4.4313026592E-5
9.1998663267E-5
9.3982426917E-5
5.5384240113E-5
5.7792756707E-6
-4.5748113189E-5
-8.2576577554E-5
-8.8906101887E-5
-6.4421177377E-5
-1.4217873104E-5
5.1022821572E-5
1.0168270674E-4
1.2357382802E-4
9.9123560360E-5
4.3223600369E-5
-2.9587175231E-5
-7.8656431290E-5
-1.0588715086E-4
-8.8159949523E-5
-3.5133375786E-5
3.4092157147E-5
9.6104003026E-5
1.3748542405E-4
1.3038029429E-4
7.8200141436E-5
1.7613545060E-5
-4.9075065181E-5
-9.9155539649E-5
-1.0265407618E-4
-7.1373418906E-5
-8.2196085714E-6
8.9477037547E-5
1.4988540206E-4
1.7858932260E-4
1.5368540771E-4
8.4109406456E-5
-9.2376489192E-6
-8.8081730067E-5
-1.2414354132E-4
-9.9562469406E-5
-3.6295480094E-5
5.3490360733E-5
1.1150197825E-4
1.5717515489E-4
1.4684924390E-4
1.0274257511E-4
3.7192238960E-5
-2.6481435634E-5
-8.3308399191E-5
-1.0558747454E-4
-8.2718266643E-5
-9.1008027084E-6
7.9150730746E-5
1.6263248399E-4
2.1414530929E-4
1.8488985952E-4
1.0056359461E-4
-1.0624225251E-5
-1.2137122685E-4
-9.2183414384E-5
-3.9943959564E-5
-3.1514489091E-5
3.2143935095E-5
1.3300090795E-4
1.9593378529E-4
2.2444378119E-4
1.6409583623E-4
5.3973065224E-5
-7.8877364288E-5
-1.8273451133E-4
-2.0807699766E-4
-1.5382858692E-4
-3.9213988930E-5
9.6071523151E-5
1.8743433757E-4
1.8987990916E-4
1.2174156727E-4
3.3616798463E-5
-1.0412873234E-5
3.6016560625E-5
1.1529356707E-4
1.7346502282E-4
1.6493628500E-4
7.3268695271E-5
-2.4850422050E-5
-9.9093699830E-5
-1.4152345247E-4
-1.0792320827E-4
-3.5347521770E-5
3.5952695179E-5
8.9256512003E-5
1.2320384849E-4
1.2166587403E-4
8.1041839441E-5
2.7381896506E-5
-1.7080653924E-5
-4.8919615802E-5
-5.1263184287E-5
-2.3303763009E-5
1.2993765995E-5
3.6281940992E-5
5.3417694289E-5
5.5800308474E-5
4.1863811202E-5
3.3680174965E-5
2.3637805134E-5
3.6337797064E-5
5.0065096002E-5
4.6655640471E-5
4.1225459426E-5
7.5064948761E-6
-6.9839449135E-5
-1.0532455053E-4
-8.6139771158E-5
-1.1839054059E-5
3.4646946005E-5
8.0114079175E-5
1.3107340783E-4
1.5586217632E-4
1.2125108624E-4
2.9890355653E-5
-1.1217789724E-4
-2.1200753981E-4
-2.0912901964E-4
-1.0414909339E-4
4.6662637033E-5
1.6076555476E-4
2.1460753633E-4
1.8756628269E-4
1.1204702314E-4
-4.0448619984E-6
-1.1953023495E-4
-1.2757984223E-4
-7.2696572171E-5
6.0421996751E-6
8.0822594466E-5
1.2905724579E-4
1.7915352946E-4
1.6427966766E-4
-6.6494033673E-5
-5.2967816591E-4
-9.0920226648E-4
-7.9077269184E-4
5.4941012059E-5
1.0252334061E-3
1.3799830456E-3
1.1038964847E-3
5.0402346533E-4
-7.0996442812E-5
-4.2233405403E-4
-4.9129268155E-4
-3.9234912256E-4
-1.8757444341E-4
3.1229446176E-5
2.1888569463E-4
3.4558360930E-4
3.5116916988E-4
2.6582196588E-4
7.9858233223E-5
-1.5770785976E-4
-3.2003382220E-4
-3.9410177852E-4
-3.0400535324E-4
-1.0740339058E-4
1.5945736086E-4
4.3013128454E-4
5.9263821458E-4
5.3380426251E-4
2.9035190818E-4
-4.1782634798E-5
-3.5017016343E-4
-4.8350436846E-4
-4.6324939468E-4
-2.8315270319E-4
4.6617118642E-6
2.7397032827E-4
3.7572713336E-4
3.3911061473E-4
2.2986370604E-4
8.0471404365E-5
-8.0896890724E-5
-2.1984201158E-4
-2.2946848767E-4
-1.6540306387E-4
-6.1213632581E-5
5.5900146254E-5
1.2370455079E-4
1.6303844750E-4
1.5029422939E-4
1.3130501611E-4
2.6234984397E-5
-1.4509721659E-4
-2.7509909123E-4
-2.6604341110E-4
-1.3338850112E-4
-1.0585761629E-6
9.7939977425E-5
1.9038136816E-4
2.2541244980E-4
1.9479361363E-4
8.6136686154E-5
-6.4759119415E-5
-2.3022681708E-4
-3.2486162381E-4
-3.0076639958E-4
-1.3853007695E-4
9.4043451830E-5
3.1168934655E-4
3.9648598760E-4
3.6759187933E-4
2.1086429478E-4
-4.2805913830E-8
-1.7445852282E-4
-2.6943215634E-4
-2.5912643177E-4
-1.5751589090E-4
-1.4592846855E-5
1.4080877881E-4
2.3419040954E-4
2.5468708481E-4
1.7989915796E-4
7.4226385916E-5
-5.6816253346E-5
-1.3659016695E-4
-1.7460060772E-4
-1.4102492714E-4
-5.8179767803E-5
5.5487581995E-5
1.4227682259E-4
1.8764532870E-4
1.6172970645E-4
9.8061305473E-5
4.5890570619E-6
-8.1762194169E-5
-1.2105552014E-4
-1.1019943049E-4
-5.9740943835E-5
1.1464394629E-5
8.9755945375E-5
1.4188680798E-4
1.4336933382E-4
1.0956348851E-4
3.6414852365E-5
-2.2224069107E-5
-7.8621809373E-5
-8.3125662061E-5
-5.4847181310E-5
-2.0502600819E-6
5.1692710259E-5
9.8521052862E-5
1.1572254589E-4
9.3110394666E-5
6.1067740900E-5
1.0365038179E-5
-3.0407856683E-5
-4.1673588567E-5
-4.4244062156E-5
-7.2752474808E-6
2.7413759380E-5
6.2015536242E-5
8.4318616430E-5
7.8925699929E-5
5.9632782359E-5
2.5328970513E-5
7.2380877101E-6
-5.1559996791E-6
-2.5522243231E-5
-1.7362227663E-5
1.8961727619E-6
2.8705445583E-5
6.1469990760E-5
7.4623513503E-5
6.7047227642E-5
5.9850758408E-5
2.3575488012E-5
5.6609278545E-6
-1.7835770268E-5
-1.3749243226E-5
-2.0142178983E-7
3.7908693775E-5
5.8144389187E-5
5.2984803915E-5
4.0018989238E-5
2.9638037085E-5
4.2825343553E-5
5.0041009672E-5
1.4139269479E-5
-1.3227772433E-5
-1.2354960199E-5
-7.4753188529E-6
2.4400523397E-5
4.4685311150E-5
5.9253245127E-5
6.1406800524E-5
5.3570920136E-5
3.7081271875E-5
1.4110037591E-5
2.8492999263E-6
-4.9602356739E-6
7.0813344792E-6
3.0336796770E-5
4.4719956349E-5
9.2164252421E-5
8.5191603287E-5
5.6483922527E-5
2.1895742975E-6
-3.9320543874E-5
-8.0649985468E-5
-8.2815124190E-5
-5.4800778163E-5
-1.5106191859E-5
4.9784593284E-5
1.0458530160E-4
1.2404235313E-4
9.6586684232E-5
5.6398345623E-5
-2.4521036539E-5
-6.6417921335E-5
-1.0629233439E-4
-9.2574045996E-5
-3.6425981670E-5
4.1289790533E-5
9.9026039245E-5
1.2315704953E-4
1.2955316342E-4
8.6822302548E-5
2.2343709133E-5
-4.5083265286E-5
-8.2312815359E-5
-8.1441970544E-5
-6.0193671380E-5
4.3361098506E-6
7.9495331740E-5
1.2507499196E-4
1.4580581337E-4
1.3704790035E-4
7.2866911071E-5
1.1421972886E-6
-7.4112764562E-5
-1.1653257534E-4
-9.5726305156E-5
-4.9291714095E-5
4.2091752402E-5
1.2056371197E-4
1.8369702157E-4
1.9008350791E-4
1.4095093356E-4
5.0833984278E-5
-5.2281736863E-5
-1.3930163113E-4
-1.5662141377E-4
-1.1962653371E-4
-2.2436701692E-5
9.6420594494E-5
1.8749390729E-4
2.1687665721E-4
1.9083302468E-4
1.0455700103E-4
-3.1942734495E-6
-1.0593542829E-4
-1.5871331561E-4
-1.6110980650E-4
-9.1459357648E-5
3.2503600232E-5
1.5921483282E-4
2.5840655435E-4
2.5060906773E-4
1.8091992242E-4
2.1693622693E-5
-5.3215329536E-5
-6.3687074000E-5
-9.1244163926E-5
-4.6094215941E-5
-2.9128859751E-6
8.9495512659E-5
1.7349537229E-4
2.3052364122E-4
1.9410442328E-4
1.1854234617E-4
-1.1631788220E-5
-9.7646843644E-5
-1.1483926792E-4
-7.2032469326E-5
-3.7021702155E-6
5.9802562465E-5
4.6172132716E-5
-3.6360847297E-5
-1.3289685594E-4
-1.5383181162E-4
-8.5656566083E-5
4.5903830324E-5
1.5723740216E-4
2.1547520300E-4
2.2176004713E-4
1.3215461513E-4
2.3393705487E-5
-4.9314147327E-5
-1.2012256775E-4
-1.1877529323E-4
-8.2088878846E-5
-1.4354777522E-5
6.5844971687E-5
1.0702664731E-4
1.0969921714E-4
9.0541946704E-5
5.3820002359E-5
1.1916714720E-5
-7.5046089478E-6
-1.3650581241E-5
-1.2249650899E-5
1.6126735136E-5
1.1553696822E-5
1.5529431403E-5
4.3540028855E-6
-5.2936258726E-6
2.3200758733E-6
4.0383008308E-5
9.6274295359E-5
2.1870472701E-4
2.2246859735E-4
1.2911759550E-4
1.1842581443E-6
-7.0539233276E-5
-1.1086863233E-4
-9.6814834981E-5
-2.6863266248E-5
7.5025693515E-5
1.4721851330E-4
1.6931010177E-4
1.4210956870E-4
8.2154152917E-5
-2.1971587557E-5
-1.0447179666E-4
-9.1647240335E-5
-2.3694988340E-5
4.2135245167E-5
7.2874175386E-5
6.0472625774E-5
5.7504605502E-5
5.6046713144E-5
3.4708529711E-6
-1.5002312139E-4
-3.6129348446E-4
-3.4699343377E-4
-1.4615152031E-5
6.6394942115E-4
1.1725268676E-3
1.1784780770E-3
0.0000000000E+0
0.0000000000E+0
0.0000000000E+0
0.0000000000E+0
0.0000000000E+0
0.0000000000E+0
0.0000000000E+0
0.0000000000E+0
0.0000000000E+0
0.0000000000E+0
0.0000000000E+0
0.0000000000E+0
0.0000000000E+0
0.0000000000E+0
0.0000000000E+0
0.0000000000E+0
0.0000000000E+0
0.0000000000E+0
0.0000000000E+0
0.0000000000E+0
0.0000000000E+0
0.0000000000E+0
0.0000000000E+0
0.0000000000E+0
0.0000000000E+0
0.0000000000E+0
0.0000000000E+0
0.0000000000E+0
0.0000000000E+0
0.0000000000E+0
0.0000000000E+0
0.0000000000E+0
0.0000000000E+0
0.0000000000E+0
0.0000000000E+0
0.0000000000E+0
0.0000000000E+0
0.0000000000E+0
0.0000000000E+0
0.0000000000E+0
0.0000000000E+0
0.0000000000E+0
0.0000000000E+0
0.0000000000E+0
0.0000000000E+0
0.0000000000E+0
0.0000000000E+0
0.0000000000E+0
0.0000000000E+0
0.0000000000E+0
0.0000000000E+0
0.0000000000E+0
0.0000000000E+0
0.0000000000E+0
0.0000000000E+0
0.0000000000E+0
0.0000000000E+0
0.0000000000E+0
0.0000000000E+0
0.0000000000E+0
0.0000000000E+0
0.0000000000E+0
0.0000000000E+0
0.0000000000E+0
0.0000000000E+0
0.0000000000E+0
0.0000000000E+0
0.0000000000E+0
0.0000000000E+0
0.0000000000E+0
0.0000000000E+0
0.0000000000E+0
0.0000000000E+0
0.0000000000E+0
0.0000000000E+0
0.0000000000E+0
0.0000000000E+0
0.0000000000E+0
0.0000000000E+0
0.0000000000E+0
0.0000000000E+0
0.0000000000E+0
0.0000000000E+0
0.0000000000E+0
0.0000000000E+0
0.0000000000E+0
0.0000000000E+0
0.0000000000E+0
0.0000000000E+0
0.0000000000E+0
0.0000000000E+0
0.0000000000E+0
0.0000000000E+0
0.0000000000E+0
0.0000000000E+0
0.0000000000E+0
0.0000000000E+0
0.0000000000E+0
0.0000000000E+0
0.0000000000E+0
0.0000000000E+0
0.0000000000E+0
0.0000000000E+0
0.0000000000E+0
0.0000000000E+0
0.0000000000E+0
0.0000000000E+0
0.0000000000E+0
0.0000000000E+0
0.0000000000E+0
0.0000000000E+0
0.0000000000E+0
0.0000000000E+0
0.0000000000E+0
0.0000000000E+0
0.0000000000E+0
0.0000000000E+0
0.0000000000E+0
0.0000000000E+0
0.0000000000E+0
0.0000000000E+0
0.0000000000E+0
0.0000000000E+0
0.0000000000E+0
0.0000000000E+0
0.0000000000E+0
0.0000000000E+0
0.0000000000E+0
0.0000000000E+0
0.0000000000E+0
0.0000000000E+0
0.0000000000E+0
0.0000000000E+0
0.0000000000E+0
0.0000000000E+0
0.0000000000E+0
0.0000000000E+0
0.0000000000E+0
0.0000000000E+0
0.0000000000E+0
0.0000000000E+0
0.0000000000E+0
0.0000000000E+0
0.0000000000E+0
0.0000000000E+0
0.0000000000E+0
0.0000000000E+0
0.0000000000E+0
0.0000000000E+0
0.0000000000E+0
0.0000000000E+0
0.0000000000E+0
0.0000000000E+0
0.0000000000E+0
0.0000000000E+0
0.0000000000E+0
0.0000000000E+0
0.0000000000E+0
0.0000000000E+0
0.0000000000E+0
0.0000000000E+0
0.0000000000E+0
0.0000000000E+0
0.0000000000E+0
0.0000000000E+0
0.0000000000E+0
0.0000000000E+0
0.0000000000E+0
0.0000000000E+0
0.0000000000E+0
0.0000000000E+0
0.0000000000E+0
0.0000000000E+0
0.0000000000E+0
0.0000000000E+0
0.0000000000E+0
0.0000000000E+0
0.0000000000E+0
0.0000000000E+0
0.0000000000E+0
0.0000000000E+0
0.0000000000E+0
0.0000000000E+0
0.0000000000E+0
0.0000000000E+0
0.0000000000E+0
0.0000000000E+0
0.0000000000E+0
0.0000000000E+0
0.0000000000E+0
0.0000000000E+0
0.0000000000E+0
0.0000000000E+0
0.0000000000E+0
0.0000000000E+0
0.0000000000E+0
0.0000000000E+0
0.0000000000E+0
0.0000000000E+0
0.0000000000E+0
0.0000000000E+0
0.0000000000E+0
0.0000000000E+0
0.0000000000E+0
0.0000000000E+0
0.0000000000E+0
0.0000000000E+0
0.0000000000E+0
0.0000000000E+0
0.0000000000E+0
0.0000000000E+0
0.0000000000E+0
0.0000000000E+0
0.0000000000E+0
0.0000000000E+0
0.0000000000E+0
0.0000000000E+0
0.0000000000E+0
0.0000000000E+0
0.0000000000E+0
0.0000000000E+0
0.0000000000E+0
0.0000000000E+0
0.0000000000E+0
0.0000000000E+0
0.0000000000E+0
0.0000000000E+0
0.0000000000E+0
0.0000000000E+0
0.0000000000E+0
0.0000000000E+0
0.0000000000E+0
0.0000000000E+0
0.0000000000E+0
0.0000000000E+0
0.0000000000E+0
0.0000000000E+0
0.0000000000E+0
0.0000000000E+0
0.0000000000E+0
0.0000000000E+0
0.0000000000E+0
0.0000000000E+0
0.0000000000E+0
0.0000000000E+0
0.0000000000E+0
0.0000000000E+0
0.0000000000E+0
0.0000000000E+0
0.0000000000E+0
0.0000000000E+0
0.0000000000E+0
0.0000000000E+0
0.0000000000E+0
0.0000000000E+0
0.0000000000E+0
0.0000000000E+0
0.0000000000E+0
0.0000000000E+0
0.0000000000E+0
0.0000000000E+0
0.0000000000E+0
0.0000000000E+0
0.0000000000E+0
0.0000000000E+0
0.0000000000E+0
0.0000000000E+0
0.0000000000E+0
0.0000000000E+0
0.0000000000E+0
0.0000000000E+0
0.0000000000E+0
0.0000000000E+0
0.0000000000E+0
0.0000000000E+0
0.0000000000E+0
0.0000000000E+0
0.0000000000E+0
0.0000000000E+0
0.0000000000E+0
0.0000000000E+0
0.0000000000E+0
0.0000000000E+0
0.0000000000E+0
0.0000000000E+0
0.0000000000E+0
0.0000000000E+0
0.0000000000E+0
0.0000000000E+0
0.0000000000E+0
0.0000000000E+0
0.0000000000E+0
0.0000000000E+0
0.0000000000E+0
0.0000000000E+0
0.0000000000E+0
0.0000000000E+0
0.0000000000E+0
0.0000000000E+0
0.0000000000E+0
0.0000000000E+0
0.0000000000E+0
0.0000000000E+0
0.0000000000E+0
0.0000000000E+0
0.0000000000E+0
0.0000000000E+0
0.0000000000E+0
0.0000000000E+0
0.0000000000E+0
0.0000000000E+0
0.0000000000E+0
0.0000000000E+0
0.0000000000E+0
0.0000000000E+0
0.0000000000E+0
0.0000000000E+0
0.0000000000E+0
0.0000000000E+0
0.0000000000E+0
0.0000000000E+0
0.0000000000E+0
0.0000000000E+0
0.0000000000E+0
0.0000000000E+0
0.0000000000E+0
0.0000000000E+0
0.0000000000E+0
0.0000000000E+0
0.0000000000E+0
0.0000000000E+0
0.0000000000E+0
0.0000000000E+0
0.0000000000E+0
0.0000000000E+0
0.0000000000E+0
0.0000000000E+0
0.0000000000E+0
0.0000000000E+0
0.0000000000E+0
0.0000000000E+0
0.0000000000E+0
0.0000000000E+0
0.0000000000E+0
0.0000000000E+0
0.0000000000E+0
0.0000000000E+0
0.0000000000E+0
0.0000000000E+0
0.0000000000E+0
0.0000000000E+0
0.0000000000E+0
0.0000000000E+0
0.0000000000E+0
0.0000000000E+0
0.0000000000E+0
0.0000000000E+0
0.0000000000E+0
0.0000000000E+0
0.0000000000E+0
0.0000000000E+0
0.0000000000E+0
0.0000000000E+0
0.0000000000E+0
0.0000000000E+0
0.0000000000E+0
0.0000000000E+0
0.0000000000E+0
0.0000000000E+0
0.0000000000E+0
0.0000000000E+0
0.0000000000E+0
0.0000000000E+0
0.0000000000E+0
0.0000000000E+0
0.0000000000E+0
0.0000000000E+0
0.0000000000E+0
0.0000000000E+0
0.0000000000E+0
0.0000000000E+0
0.0000000000E+0
0.0000000000E+0
0.0000000000E+0
0.0000000000E+0
0.0000000000E+0
0.0000000000E+0
0.0000000000E+0
0.0000000000E+0
0.0000000000E+0
0.0000000000E+0
0.0000000000E+0
0.0000000000E+0
0.0000000000E+0
0.0000000000E+0
0.0000000000E+0
0.0000000000E+0
0.0000000000E+0
0.0000000000E+0
0.0000000000E+0
0.0000000000E+0
0.0000000000E+0
0.0000000000E+0
0.0000000000E+0
0.0000000000E+0
0.0000000000E+0
0.0000000000E+0
0.0000000000E+0
0.0000000000E+0
0.0000000000E+0
0.0000000000E+0
0.0000000000E+0
0.0000000000E+0
0.0000000000E+0
0.0000000000E+0
0.0000000000E+0
0.0000000000E+0
0.0000000000E+0
0.0000000000E+0
0.0000000000E+0
0.0000000000E+0
0.0000000000E+0
0.0000000000E+0
0.0000000000E+0
0.0000000000E+0
0.0000000000E+0
0.0000000000E+0
0.0000000000E+0
0.0000000000E+0
0.0000000000E+0
0.0000000000E+0
0.0000000000E+0
0.0000000000E+0
0.0000000000E+0
0.0000000000E+0
0.0000000000E+0
0.0000000000E+0
0.0000000000E+0
0.0000000000E+0
0.0000000000E+0
0.0000000000E+0
0.0000000000E+0
0.0000000000E+0
0.0000000000E+0
0.0000000000E+0
0.0000000000E+0
0.0000000000E+0
0.0000000000E+0
0.0000000000E+0
0.0000000000E+0
0.0000000000E+0
0.0000000000E+0
0.0000000000E+0
0.0000000000E+0
0.0000000000E+0
0.0000000000E+0
0.0000000000E+0
0.0000000000E+0
0.0000000000E+0
0.0000000000E+0
0.0000000000E+0
0.0000000000E+0
0.0000000000E+0
0.0000000000E+0
0.0000000000E+0
0.0000000000E+0
0.0000000000E+0
0.0000000000E+0
0.0000000000E+0
0.0000000000E+0
0.0000000000E+0
0.0000000000E+0
0.0000000000E+0
0.0000000000E+0
0.0000000000E+0
0.0000000000E+0
0.0000000000E+0
0.0000000000E+0
0.0000000000E+0
0.0000000000E+0
0.0000000000E+0
0.0000000000E+0
0.0000000000E+0
0.0000000000E+0
0.0000000000E+0
0.0000000000E+0
0.0000000000E+0
0.0000000000E+0
0.0000000000E+0
0.0000000000E+0
0.0000000000E+0
0.0000000000E+0
0.0000000000E+0
0.0000000000E+0
0.0000000000E+0
0.0000000000E+0
0.0000000000E+0
0.0000000000E+0
0.0000000000E+0
0.0000000000E+0
0.0000000000E+0
0.0000000000E+0
0.0000000000E+0
0.0000000000E+0
0.0000000000E+0
0.0000000000E+0
0.0000000000E+0
0.0000000000E+0
0.0000000000E+0
0.0000000000E+0
0.0000000000E+0
0.0000000000E+0
0.0000000000E+0
0.0000000000E+0
0.0000000000E+0
0.0000000000E+0
0.0000000000E+0
0.0000000000E+0
0.0000000000E+0
0.0000000000E+0
0.0000000000E+0
0.0000000000E+0
0.0000000000E+0
0.0000000000E+0
0.0000000000E+0
0.0000000000E+0
0.0000000000E+0
0.0000000000E+0
0.0000000000E+0
0.0000000000E+0
0.0000000000E+0
0.0000000000E+0
0.0000000000E+0
0.0000000000E+0
0.0000000000E+0
0.0000000000E+0
0.0000000000E+0
0.0000000000E+0
0.0000000000E+0
0.0000000000E+0
0.0000000000E+0
0.0000000000E+0
0.0000000000E+0
0.0000000000E+0
0.0000000000E+0
0.0000000000E+0
0.0000000000E+0
0.0000000000E+0
0.0000000000E+0
0.0000000000E+0
0.0000000000E+0
0.0000000000E+0
0.0000000000E+0
0.0000000000E+0
0.0000000000E+0
0.0000000000E+0
0.0000000000E+0
0.0000000000E+0
0.0000000000E+0
0.0000000000E+0
0.0000000000E+0
0.0000000000E+0
0.0000000000E+0
0.0000000000E+0
0.0000000000E+0
0.0000000000E+0
0.0000000000E+0
0.0000000000E+0
0.0000000000E+0
0.0000000000E+0
0.0000000000E+0
0.0000000000E+0
0.0000000000E+0
0.0000000000E+0
0.0000000000E+0
0.0000000000E+0
0.0000000000E+0
0.0000000000E+0
0.0000000000E+0
0.0000000000E+0
0.0000000000E+0
0.0000000000E+0
0.0000000000E+0
0.0000000000E+0
0.0000000000E+0
0.0000000000E+0
0.0000000000E+0
0.0000000000E+0
0.0000000000E+0
0.0000000000E+0
0.0000000000E+0
0.0000000000E+0
0.0000000000E+0
0.0000000000E+0
0.0000000000E+0
0.0000000000E+0
0.0000000000E+0
0.0000000000E+0
0.0000000000E+0
0.0000000000E+0
0.0000000000E+0
0.0000000000E+0
0.0000000000E+0
0.0000000000E+0
0.0000000000E+0
0.0000000000E+0
0.0000000000E+0
0.0000000000E+0
0.0000000000E+0
0.0000000000E+0
0.0000000000E+0
0.0000000000E+0
0.0000000000E+0
0.0000000000E+0
0.0000000000E+0
0.0000000000E+0
0.0000000000E+0
0.0000000000E+0
0.0000000000E+0
0.0000000000E+0
0.0000000000E+0
0.0000000000E+0
0.0000000000E+0
0.0000000000E+0
0.0000000000E+0
0.0000000000E+0
0.0000000000E+0
0.0000000000E+0
0.0000000000E+0
0.0000000000E+0
0.0000000000E+0
0.0000000000E+0
0.0000000000E+0
0.0000000000E+0
0.0000000000E+0
0.0000000000E+0
0.0000000000E+0
0.0000000000E+0
0.0000000000E+0
0.0000000000E+0
0.0000000000E+0
0.0000000000E+0
0.0000000000E+0
0.0000000000E+0
0.0000000000E+0
0.0000000000E+0
0.0000000000E+0
0.0000000000E+0
0.0000000000E+0
0.0000000000E+0
0.0000000000E+0
0.0000000000E+0
0.0000000000E+0
0.0000000000E+0
0.0000000000E+0
0.0000000000E+0
0.0000000000E+0
0.0000000000E+0
0.0000000000E+0
0.0000000000E+0
0.0000000000E+0
0.0000000000E+0
0.0000000000E+0
0.0000000000E+0
0.0000000000E+0
0.0000000000E+0
0.0000000000E+0
0.0000000000E+0
0.0000000000E+0
0.0000000000E+0
0.0000000000E+0
0.0000000000E+0
0.0000000000E+0
0.0000000000E+0
0.0000000000E+0
0.0000000000E+0
0.0000000000E+0
0.0000000000E+0
0.0000000000E+0
0.0000000000E+0
0.0000000000E+0
0.0000000000E+0
0.0000000000E+0
0.0000000000E+0
0.0000000000E+0
0.0000000000E+0
0.0000000000E+0
0.0000000000E+0
0.0000000000E+0
0.0000000000E+0
0.0000000000E+0
0.0000000000E+0
0.0000000000E+0
0.0000000000E+0
0.0000000000E+0
0.0000000000E+0
0.0000000000E+0
0.0000000000E+0
0.0000000000E+0
0.0000000000E+0
0.0000000000E+0
0.0000000000E+0
0.0000000000E+0
0.0000000000E+0
0.0000000000E+0
0.0000000000E+0
0.0000000000E+0
0.0000000000E+0
0.0000000000E+0
0.0000000000E+0
0.0000000000E+0
0.0000000000E+0
0.0000000000E+0
0.0000000000E+0
0.0000000000E+0
0.0000000000E+0
0.0000000000E+0
0.0000000000E+0
0.0000000000E+0
0.0000000000E+0
0.0000000000E+0
0.0000000000E+0
0.0000000000E+0
0.0000000000E+0
0.0000000000E+0
0.0000000000E+0
0.0000000000E+0
0.0000000000E+0
0.0000000000E+0
0.0000000000E+0
0.0000000000E+0
0.0000000000E+0
0.0000000000E+0
0.0000000000E+0
0.0000000000E+0
0.0000000000E+0
0.0000000000E+0
0.0000000000E+0
0.0000000000E+0
0.0000000000E+0
0.0000000000E+0
0.0000000000E+0
0.0000000000E+0
0.0000000000E+0
0.0000000000E+0
0.0000000000E+0
0.0000000000E+0
0.0000000000E+0
0.0000000000E+0
0.0000000000E+0
0.0000000000E+0
0.0000000000E+0
0.0000000000E+0
0.0000000000E+0
0.0000000000E+0
0.0000000000E+0
0.0000000000E+0
0.0000000000E+0
0.0000000000E+0
0.0000000000E+0
0.0000000000E+0
0.0000000000E+0
0.0000000000E+0
0.0000000000E+0
0.0000000000E+0
0.0000000000E+0
0.0000000000E+0
0.0000000000E+0
0.0000000000E+0
0.0000000000E+0
0.0000000000E+0
0.0000000000E+0
0.0000000000E+0
0.0000000000E+0
0.0000000000E+0
0.0000000000E+0
0.0000000000E+0
0.0000000000E+0
0.0000000000E+0
0.0000000000E+0
0.0000000000E+0
0.0000000000E+0
0.0000000000E+0
0.0000000000E+0
0.0000000000E+0
0.0000000000E+0
0.0000000000E+0
0.0000000000E+0
0.0000000000E+0
0.0000000000E+0
0.0000000000E+0
0.0000000000E+0
0.0000000000E+0
0.0000000000E+0
0.0000000000E+0
0.0000000000E+0
0.0000000000E+0
0.0000000000E+0
0.0000000000E+0
0.0000000000E+0
0.0000000000E+0
0.0000000000E+0
0.0000000000E+0
0.0000000000E+0
0.0000000000E+0
0.0000000000E+0
0.0000000000E+0
0.0000000000E+0
0.0000000000E+0
0.0000000000E+0
0.0000000000E+0
0.0000000000E+0
0.0000000000E+0
0.0000000000E+0
0.0000000000E+0
0.0000000000E+0
0.0000000000E+0
0.0000000000E+0
0.0000000000E+0
0.0000000000E+0
0.0000000000E+0
0.0000000000E+0
0.0000000000E+0
0.0000000000E+0
0.0000000000E+0
0.0000000000E+0
0.0000000000E+0
0.0000000000E+0
0.0000000000E+0
0.0000000000E+0
0.0000000000E+0
0.0000000000E+0
0.0000000000E+0
0.0000000000E+0
0.0000000000E+0
0.0000000000E+0
0.0000000000E+0
0.0000000000E+0
0.0000000000E+0
0.0000000000E+0
0.0000000000E+0
0.0000000000E+0
0.0000000000E+0
0.0000000000E+0
0.0000000000E+0
0.0000000000E+0
0.0000000000E+0
0.0000000000E+0
0.0000000000E+0
0.0000000000E+0
0.0000000000E+0
0.0000000000E+0
0.0000000000E+0
0.0000000000E+0
0.0000000000E+0
0.0000000000E+0
0.0000000000E+0
0.0000000000E+0
0.0000000000E+0
0.0000000000E+0
0.0000000000E+0
0.0000000000E+0
0.0000000000E+0
0.0000000000E+0
0.0000000000E+0
0.0000000000E+0
0.0000000000E+0
0.0000000000E+0
0.0000000000E+0
0.0000000000E+0
0.0000000000E+0
0.0000000000E+0
0.0000000000E+0
0.0000000000E+0
0.0000000000E+0
0.0000000000E+0
0.0000000000E+0
0.0000000000E+0
0.0000000000E+0
0.0000000000E+0
0.0000000000E+0
0.0000000000E+0
0.0000000000E+0
0.0000000000E+0
0.0000000000E+0
0.0000000000E+0
0.0000000000E+0
0.0000000000E+0
0.0000000000E+0
0.0000000000E+0
0.0000000000E+0
0.0000000000E+0
0.0000000000E+0
0.0000000000E+0
0.0000000000E+0
0.0000000000E+0
0.0000000000E+0
0.0000000000E+0
0.0000000000E+0
0.0000000000E+0
0.0000000000E+0
0.0000000000E+0
0.0000000000E+0
0.0000000000E+0
0.0000000000E+0
0.0000000000E+0
0.0000000000E+0
0.0000000000E+0
0.0000000000E+0
0.0000000000E+0
0.0000000000E+0
0.0000000000E+0
0.0000000000E+0
0.0000000000E+0
0.0000000000E+0
0.0000000000E+0
0.0000000000E+0
0.0000000000E+0
0.0000000000E+0
0.0000000000E+0
0.0000000000E+0
0.0000000000E+0
0.0000000000E+0
0.0000000000E+0
0.0000000000E+0
0.0000000000E+0
0.0000000000E+0
0.0000000000E+0
0.0000000000E+0
0.0000000000E+0
0.0000000000E+0
0.0000000000E+0
0.0000000000E+0
0.0000000000E+0
0.0000000000E+0
0.0000000000E+0
0.0000000000E+0
0.0000000000E+0
0.0000000000E+0
0.0000000000E+0
0.0000000000E+0
0.0000000000E+0
0.0000000000E+0
0.0000000000E+0
0.0000000000E+0
0.0000000000E+0
0.0000000000E+0
0.0000000000E+0
0.0000000000E+0
0.0000000000E+0
0.0000000000E+0
0.0000000000E+0
0.0000000000E+0
0.0000000000E+0
0.0000000000E+0
0.0000000000E+0
0.0000000000E+0
0.0000000000E+0
0.0000000000E+0
0.0000000000E+0
0.0000000000E+0
0.0000000000E+0
0.0000000000E+0
0.0000000000E+0
0.0000000000E+0
0.0000000000E+0
0.0000000000E+0
0.0000000000E+0
0.0000000000E+0
0.0000000000E+0
0.0000000000E+0
0.0000000000E+0
0.0000000000E+0
0.0000000000E+0
0.0000000000E+0
0.0000000000E+0
0.0000000000E+0
0.0000000000E+0
0.0000000000E+0
0.0000000000E+0
0.0000000000E+0
0.0000000000E+0
0.0000000000E+0
0.0000000000E+0
0.0000000000E+0
0.0000000000E+0
0.0000000000E+0
0.0000000000E+0
0.0000000000E+0
0.0000000000E+0
0.0000000000E+0
0.0000000000E+0
0.0000000000E+0
0.0000000000E+0
0.0000000000E+0
0.0000000000E+0
0.0000000000E+0
0.0000000000E+0
0.0000000000E+0
0.0000000000E+0
0.0000000000E+0
0.0000000000E+0
0.0000000000E+0
0.0000000000E+0
0.0000000000E+0
0.0000000000E+0
0.0000000000E+0
0.0000000000E+0
0.0000000000E+0
0.0000000000E+0
0.0000000000E+0
0.0000000000E+0
0.0000000000E+0
0.0000000000E+0
0.0000000000E+0
0.0000000000E+0
0.0000000000E+0
0.0000000000E+0
0.0000000000E+0
0.0000000000E+0
0.0000000000E+0
0.0000000000E+0
0.0000000000E+0
0.0000000000E+0
0.0000000000E+0
0.0000000000E+0
0.0000000000E+0
0.0000000000E+0
0.0000000000E+0
0.0000000000E+0
0.0000000000E+0
0.0000000000E+0
0.0000000000E+0
0.0000000000E+0
0.0000000000E+0
0.0000000000E+0
0.0000000000E+0
0.0000000000E+0
0.0000000000E+0
0.0000000000E+0
0.0000000000E+0
0.0000000000E+0
0.0000000000E+0
0.0000000000E+0
0.0000000000E+0
0.0000000000E+0
0.0000000000E+0
0.0000000000E+0
0.0000000000E+0
0.0000000000E+0
0.0000000000E+0
0.0000000000E+0
0.0000000000E+0
0.0000000000E+0
0.0000000000E+0
0.0000000000E+0
0.0000000000E+0
0.0000000000E+0
0.0000000000E+0
0.0000000000E+0
0.0000000000E+0
0.0000000000E+0
0.0000000000E+0
0.0000000000E+0
0.0000000000E+0
0.0000000000E+0
0.0000000000E+0
0.0000000000E+0
0.0000000000E+0
0.0000000000E+0
0.0000000000E+0
0.0000000000E+0
0.0000000000E+0
0.0000000000E+0
0.0000000000E+0
0.0000000000E+0
0.0000000000E+0
0.0000000000E+0
0.0000000000E+0
0.0000000000E+0
0.0000000000E+0
0.0000000000E+0
0.0000000000E+0
0.0000000000E+0
0.0000000000E+0
0.0000000000E+0
0.0000000000E+0
0.0000000000E+0
0.0000000000E+0
0.0000000000E+0
0.0000000000E+0
0.0000000000E+0
0.0000000000E+0
0.0000000000E+0
0.0000000000E+0
0.0000000000E+0
0.0000000000E+0
0.0000000000E+0
0.0000000000E+0
0.0000000000E+0
0.0000000000E+0
0.0000000000E+0
0.0000000000E+0
0.0000000000E+0
0.0000000000E+0
0.0000000000E+0
0.0000000000E+0
0.0000000000E+0
0.0000000000E+0
0.0000000000E+0
0.0000000000E+0
0.0000000000E+0
0.0000000000E+0
0.0000000000E+0
0.0000000000E+0
0.0000000000E+0
0.0000000000E+0
0.0000000000E+0
0.0000000000E+0
0.0000000000E+0
0.0000000000E+0
0.0000000000E+0
0.0000000000E+0
0.0000000000E+0
0.0000000000E+0
0.0000000000E+0
0.0000000000E+0
0.0000000000E+0
0.0000000000E+0
0.0000000000E+0
0.0000000000E+0
0.0000000000E+0
0.0000000000E+0
0.0000000000E+0
0.0000000000E+0
0.0000000000E+0
0.0000000000E+0
0.0000000000E+0
0.0000000000E+0
0.0000000000E+0
0.0000000000E+0
0.0000000000E+0
0.0000000000E+0
0.0000000000E+0
0.0000000000E+0
0.0000000000E+0
0.0000000000E+0
0.0000000000E+0
0.0000000000E+0
0.0000000000E+0
0.0000000000E+0
0.0000000000E+0
0.0000000000E+0
0.0000000000E+0
0.0000000000E+0
0.0000000000E+0
0.0000000000E+0
0.0000000000E+0
0.0000000000E+0
0.0000000000E+0
0.0000000000E+0
0.0000000000E+0
0.0000000000E+0
0.0000000000E+0
0.0000000000E+0
0.0000000000E+0
0.0000000000E+0
0.0000000000E+0
0.0000000000E+0
0.0000000000E+0
0.0000000000E+0
0.0000000000E+0
0.0000000000E+0
0.0000000000E+0
0.0000000000E+0
0.0000000000E+0
0.0000000000E+0
0.0000000000E+0
0.0000000000E+0
0.0000000000E+0
0.0000000000E+0
0.0000000000E+0
0.0000000000E+0
0.0000000000E+0
0.0000000000E+0
0.0000000000E+0
0.0000000000E+0
0.0000000000E+0
0.0000000000E+0
0.0000000000E+0
0.0000000000E+0
0.0000000000E+0
0.0000000000E+0
0.0000000000E+0
0.0000000000E+0
0.0000000000E+0
0.0000000000E+0
0.0000000000E+0
0.0000000000E+0
0.0000000000E+0
0.0000000000E+0
0.0000000000E+0
0.0000000000E+0
0.0000000000E+0
0.0000000000E+0
0.0000000000E+0
0.0000000000E+0
0.0000000000E+0
0.0000000000E+0
0.0000000000E+0
0.0000000000E+0
0.0000000000E+0
0.0000000000E+0
0.0000000000E+0
0.0000000000E+0
0.0000000000E+0
0.0000000000E+0
0.0000000000E+0
0.0000000000E+0
0.0000000000E+0
0.0000000000E+0
0.0000000000E+0
0.0000000000E+0
0.0000000000E+0
0.0000000000E+0
0.0000000000E+0
0.0000000000E+0
0.0000000000E+0
0.0000000000E+0
0.0000000000E+0
0.0000000000E+0
0.0000000000E+0
0.0000000000E+0
0.0000000000E+0
0.0000000000E+0
0.0000000000E+0
0.0000000000E+0
0.0000000000E+0
0.0000000000E+0
0.0000000000E+0
0.0000000000E+0
0.0000000000E+0
0.0000000000E+0
0.0000000000E+0
0.0000000000E+0
0.0000000000E+0
0.0000000000E+0
0.0000000000E+0
0.0000000000E+0
0.0000000000E+0
0.0000000000E+0
0.0000000000E+0
0.0000000000E+0
0.0000000000E+0
0.0000000000E+0
0.0000000000E+0
0.0000000000E+0
0.0000000000E+0
0.0000000000E+0
0.0000000000E+0
0.0000000000E+0
0.0000000000E+0
0.0000000000E+0
0.0000000000E+0
0.0000000000E+0
0.0000000000E+0
0.0000000000E+0
0.0000000000E+0
0.0000000000E+0
0.0000000000E+0
0.0000000000E+0
0.0000000000E+0
0.0000000000E+0
0.0000000000E+0
0.0000000000E+0
0.0000000000E+0
0.0000000000E+0
0.0000000000E+0
0.0000000000E+0
0.0000000000E+0
0.0000000000E+0
0.0000000000E+0
0.0000000000E+0
0.0000000000E+0
0.0000000000E+0
0.0000000000E+0
0.0000000000E+0
0.0000000000E+0
0.0000000000E+0
0.0000000000E+0
0.0000000000E+0
0.0000000000E+0
0.0000000000E+0
0.0000000000E+0
0.0000000000E+0
0.0000000000E+0
0.0000000000E+0
0.0000000000E+0
0.0000000000E+0
0.0000000000E+0
0.0000000000E+0
0.0000000000E+0
0.0000000000E+0
0.0000000000E+0
0.0000000000E+0
0.0000000000E+0
0.0000000000E+0
0.0000000000E+0
0.0000000000E+0
0.0000000000E+0
0.0000000000E+0
0.0000000000E+0
0.0000000000E+0
0.0000000000E+0
0.0000000000E+0
0.0000000000E+0
0.0000000000E+0
0.0000000000E+0
0.0000000000E+0
0.0000000000E+0
0.0000000000E+0
0.0000000000E+0
0.0000000000E+0
0.0000000000E+0
0.0000000000E+0
0.0000000000E+0
0.0000000000E+0
0.0000000000E+0
0.0000000000E+0
0.0000000000E+0
0.0000000000E+0
0.0000000000E+0
0.0000000000E+0
0.0000000000E+0
0.0000000000E+0
0.0000000000E+0
0.0000000000E+0
0.0000000000E+0
0.0000000000E+0
0.0000000000E+0
0.0000000000E+0
0.0000000000E+0
0.0000000000E+0
0.0000000000E+0
0.0000000000E+0
0.0000000000E+0
0.0000000000E+0
0.0000000000E+0
0.0000000000E+0
0.0000000000E+0
0.0000000000E+0
0.0000000000E+0
0.0000000000E+0
0.0000000000E+0
0.0000000000E+0
0.0000000000E+0
0.0000000000E+0
0.0000000000E+0
0.0000000000E+0
0.0000000000E+0
0.0000000000E+0
0.0000000000E+0
0.0000000000E+0
0.0000000000E+0
0.0000000000E+0
0.0000000000E+0
0.0000000000E+0
0.0000000000E+0
0.0000000000E+0
0.0000000000E+0
0.0000000000E+0
0.0000000000E+0
0.0000000000E+0
0.0000000000E+0
0.0000000000E+0
0.0000000000E+0
0.0000000000E+0
0.0000000000E+0
0.0000000000E+0
0.0000000000E+0
0.0000000000E+0
0.0000000000E+0
0.0000000000E+0
0.0000000000E+0
0.0000000000E+0
0.0000000000E+0
0.0000000000E+0
0.0000000000E+0
0.0000000000E+0
0.0000000000E+0
0.0000000000E+0
0.0000000000E+0
0.0000000000E+0
0.0000000000E+0
0.0000000000E+0
0.0000000000E+0
0.0000000000E+0
0.0000000000E+0
0.0000000000E+0
0.0000000000E+0
0.0000000000E+0
0.0000000000E+0
0.0000000000E+0
0.0000000000E+0
0.0000000000E+0
0.0000000000E+0
0.0000000000E+0
0.0000000000E+0
0.0000000000E+0
0.0000000000E+0
0.0000000000E+0
0.0000000000E+0
0.0000000000E+0
0.0000000000E+0
0.0000000000E+0
0.0000000000E+0
0.0000000000E+0
0.0000000000E+0
0.0000000000E+0
0.0000000000E+0
0.0000000000E+0
0.0000000000E+0
0.0000000000E+0
0.0000000000E+0
0.0000000000E+0
0.0000000000E+0
0.0000000000E+0
0.0000000000E+0
0.0000000000E+0
0.0000000000E+0
0.0000000000E+0
0.0000000000E+0
0.0000000000E+0
0.0000000000E+0
0.0000000000E+0
0.0000000000E+0
0.0000000000E+0
0.0000000000E+0
0.0000000000E+0
0.0000000000E+0
0.0000000000E+0
0.0000000000E+0
0.0000000000E+0
0.0000000000E+0
0.0000000000E+0
0.0000000000E+0
0.0000000000E+0
0.0000000000E+0
0.0000000000E+0
0.0000000000E+0
0.0000000000E+0
0.0000000000E+0
0.0000000000E+0
0.0000000000E+0
0.0000000000E+0
0.0000000000E+0
0.0000000000E+0
0.0000000000E+0
0.0000000000E+0
0.0000000000E+0
0.0000000000E+0
0.0000000000E+0
0.0000000000E+0
0.0000000000E+0
0.0000000000E+0
0.0000000000E+0
0.0000000000E+0
0.0000000000E+0
0.0000000000E+0
0.0000000000E+0
0.0000000000E+0
0.0000000000E+0
0.0000000000E+0
0.0000000000E+0
0.0000000000E+0
0.0000000000E+0
0.0000000000E+0
0.0000000000E+0
0.0000000000E+0
0.0000000000E+0
0.0000000000E+0
0.0000000000E+0
0.0000000000E+0
0.0000000000E+0
0.0000000000E+0
0.0000000000E+0
0.0000000000E+0
0.0000000000E+0
0.0000000000E+0
0.0000000000E+0
0.0000000000E+0
0.0000000000E+0
0.0000000000E+0
0.0000000000E+0
0.0000000000E+0
0.0000000000E+0
0.0000000000E+0
0.0000000000E+0
0.0000000000E+0
0.0000000000E+0
0.0000000000E+0
0.0000000000E+0
0.0000000000E+0
0.0000000000E+0
0.0000000000E+0
0.0000000000E+0
0.0000000000E+0
0.0000000000E+0
0.0000000000E+0
0.0000000000E+0
0.0000000000E+0
0.0000000000E+0
0.0000000000E+0
0.0000000000E+0
0.0000000000E+0
0.0000000000E+0
0.0000000000E+0
0.0000000000E+0
0.0000000000E+0
0.0000000000E+0
0.0000000000E+0
0.0000000000E+0
0.0000000000E+0
0.0000000000E+0
0.0000000000E+0
0.0000000000E+0
0.0000000000E+0
0.0000000000E+0
0.0000000000E+0
0.0000000000E+0
0.0000000000E+0
0.0000000000E+0
0.0000000000E+0
0.0000000000E+0
0.0000000000E+0
0.0000000000E+0
0.0000000000E+0
0.0000000000E+0
0.0000000000E+0
0.0000000000E+0
0.0000000000E+0
0.0000000000E+0
0.0000000000E+0
0.0000000000E+0
0.0000000000E+0
0.0000000000E+0
0.0000000000E+0
0.0000000000E+0
0.0000000000E+0
0.0000000000E+0
0.0000000000E+0
0.0000000000E+0
0.0000000000E+0
0.0000000000E+0
0.0000000000E+0
0.0000000000E+0
0.0000000000E+0
0.0000000000E+0
0.0000000000E+0
0.0000000000E+0
0.0000000000E+0
0.0000000000E+0
0.0000000000E+0
0.0000000000E+0
0.0000000000E+0
0.0000000000E+0
0.0000000000E+0
0.0000000000E+0
0.0000000000E+0
0.0000000000E+0
0.0000000000E+0
0.0000000000E+0
0.0000000000E+0
0.0000000000E+0
0.0000000000E+0
0.0000000000E+0
0.0000000000E+0
0.0000000000E+0
0.0000000000E+0
0.0000000000E+0
0.0000000000E+0
0.0000000000E+0
0.0000000000E+0
0.0000000000E+0
0.0000000000E+0
0.0000000000E+0
0.0000000000E+0
0.0000000000E+0
0.0000000000E+0
0.0000000000E+0
0.0000000000E+0
0.0000000000E+0
0.0000000000E+0
0.0000000000E+0
0.0000000000E+0
0.0000000000E+0
0.0000000000E+0
0.0000000000E+0
0.0000000000E+0
0.0000000000E+0
0.0000000000E+0
0.0000000000E+0
0.0000000000E+0
0.0000000000E+0
0.0000000000E+0
0.0000000000E+0
0.0000000000E+0
0.0000000000E+0
0.0000000000E+0
0.0000000000E+0
0.0000000000E+0
0.0000000000E+0
0.0000000000E+0
0.0000000000E+0
0.0000000000E+0
0.0000000000E+0
0.0000000000E+0
0.0000000000E+0
0.0000000000E+0
0.0000000000E+0
0.0000000000E+0
0.0000000000E+0
0.0000000000E+0
0.0000000000E+0
0.0000000000E+0
0.0000000000E+0
0.0000000000E+0
0.0000000000E+0
0.0000000000E+0
0.0000000000E+0
0.0000000000E+0
0.0000000000E+0
0.0000000000E+0
0.0000000000E+0
0.0000000000E+0
0.0000000000E+0
0.0000000000E+0
0.0000000000E+0
0.0000000000E+0
0.0000000000E+0
0.0000000000E+0
0.0000000000E+0
0.0000000000E+0
0.0000000000E+0
0.0000000000E+0
0.0000000000E+0
0.0000000000E+0
0.0000000000E+0
0.0000000000E+0
0.0000000000E+0
0.0000000000E+0
0.0000000000E+0
0.0000000000E+0
0.0000000000E+0
0.0000000000E+0
0.0000000000E+0
0.0000000000E+0
0.0000000000E+0
0.0000000000E+0
0.0000000000E+0
