<| "Configuration" -> <| "Acquisition device" -> "UHFLI",  "Start time" -> "10/26/2021 13:54:49",  "Finish time" -> "10/26/2021 15:47:00", "Comments" -> "" |>, "Dimensions" -> {<| "Name" -> "Frequency 1", "Start" -> 6.200000*^+9, "Stop" -> 6.800000*^+9, "Step size" -> 2.000000*^+6 |>, <| "Name" -> "DC Voltage 1", "Start" -> -6.600000*^+0, "Stop" -> -7.400000*^+0, "Step size" -> -5.000000*^-2 |>}, "DataInfo" -> <| "Measured Spots" -> 5.117000*^+3,  "Samples" -> 1,  "Segments" -> 1,  "dFactor" -> 1,  "Sampling Time" -> 7.111111*^-8|>|>
1.8818967510E-5
2.8863479383E-5
2.1680258214E-5
2.3655721451E-5
2.5241880211E-5
2.1519302390E-5
3.4476665314E-5
1.6412558034E-5
5.8583333157E-6
1.8288625870E-5
1.9849417731E-5
1.9306770991E-5
2.5575840845E-5
3.2002595252E-5
2.8084649238E-5
2.5299761909E-5
2.2511940914E-5
1.8624379299E-5
1.5420233831E-5
6.5076514148E-6
1.5026738402E-5
1.2921565212E-5
1.9672722555E-5
3.3054966479E-5
2.8373266104E-5
2.8523220680E-5
3.4521124325E-5
1.9466422964E-5
3.6142300814E-6
9.9063036032E-6
2.4414062500E-5
1.6139040235E-5
2.0072842016E-5
2.7042126748E-5
3.4498597960E-5
2.4414062500E-5
4.2468006722E-5
1.5847478062E-5
1.9649998285E-5
6.6063366831E-6
1.5011918731E-5
4.0538376197E-6
1.5147740487E-5
2.5074218865E-5
3.4514395519E-5
3.3692072611E-5
4.2699126061E-5
3.0483782756E-5
2.4791457690E-5
7.3297298514E-6
1.3404805213E-5
1.5116191935E-5
2.1929037757E-6
2.2665946744E-5
3.1757354736E-5
3.8381922058E-5
3.1067267991E-5
3.1666201538E-5
2.9558071400E-5
1.7423415556E-5
1.5279464424E-5
1.0639417451E-5
9.2253438198E-6
2.5458808522E-5
2.9303121845E-5
4.0103052742E-5
4.1677861009E-5
4.4351071119E-5
4.0847901255E-5
2.8734316583E-5
1.2041535229E-5
4.1479710490E-6
8.8491942734E-7
6.3915387727E-6
1.2759596575E-5
2.8438621665E-5
3.1007977668E-5
4.1034456808E-5
3.9017922245E-5
3.4447817597E-5
9.9483993836E-6
1.6181950923E-5
-1.7208862119E-6
1.5378231183E-5
5.1396666095E-6
1.7921475228E-5
4.5654852874E-5
3.3661792985E-5
5.5126496591E-5
4.4502108358E-5
2.2048945538E-5
1.0571570601E-5
2.2113905288E-6
-5.5059441366E-6
-1.4731730334E-5
1.5456660185E-5
2.5502685457E-5
4.8854493070E-5
5.5915757549E-5
4.6255218331E-5
4.3651997111E-5
2.4892133660E-5
4.1549676098E-6
-1.6617984511E-5
-1.2827257160E-5
-4.2003695853E-6
2.1427369211E-5
3.4116546157E-5
6.3284765930E-5
6.9020793309E-5
6.5407762305E-5
3.8218824193E-5
9.5663592220E-6
-1.8889433704E-5
-3.4787470940E-5
-3.0112941749E-5
-4.3822685257E-6
2.9615545645E-5
6.0067721643E-5
9.1303524098E-5
1.0184254497E-4
6.6136033275E-5
2.3792637512E-5
-2.9574183281E-5
-8.8777416388E-5
-8.8844262065E-5
-2.8427771757E-5
6.3635490370E-5
1.0802119505E-4
1.5686140396E-4
1.3360881712E-4
3.9226759690E-5
-7.6765066481E-5
-1.0543686804E-4
-7.9071789517E-5
1.9985518884E-5
4.1148788295E-5
3.0263443477E-5
2.4414062500E-5
6.9999333938E-5
9.8674686162E-5
1.0697325925E-4
1.1183599709E-4
1.9309949130E-5
-2.0323616918E-4
-2.5911375415E-4
2.5219912640E-5
3.4349253401E-4
4.7746063210E-4
2.7426446322E-4
-8.4144179712E-5
-2.2199883824E-4
-2.1098149009E-4
-1.2061274610E-4
-2.1878350526E-5
7.6066539625E-5
1.3347696513E-4
1.3364625629E-4
1.0973747121E-4
5.0771120005E-5
-7.2554801592E-6
-3.6580930463E-5
-5.8807560710E-5
-4.9391773064E-5
-2.0258699078E-5
2.2052740678E-5
6.1977410224E-5
8.1651692746E-5
8.0501323103E-5
6.5134093167E-5
2.8431892860E-5
-1.1662242468E-5
-1.9197841175E-5
-2.6518094818E-5
-1.8622318748E-5
4.4159009121E-6
2.8519565239E-5
5.4884026759E-5
7.0948968643E-5
6.5299286508E-5
3.7760054692E-5
1.6624724958E-5
1.2971460819E-6
-1.3966800179E-5
-1.1100666597E-5
-4.3049221858E-6
1.7828913405E-5
4.5287166722E-5
5.0327624194E-5
6.2465528027E-5
4.9926782958E-5
2.5572942104E-5
9.6106203274E-6
-2.4942448363E-6
-1.6072706785E-5
9.8591088317E-6
2.0123564172E-5
2.5708309840E-5
4.0179351344E-5
5.5126333610E-5
5.0203537103E-5
4.0078011807E-5
2.6056880596E-5
7.5991963969E-6
-2.4576205760E-6
-4.2000086978E-6
-3.2744021155E-6
2.2388971410E-5
2.8330960776E-5
4.8931268975E-5
5.3413107526E-5
3.3688079565E-5
2.3949414025E-5
1.9060529303E-5
5.6461314672E-6
1.0887160897E-6
-4.9023074098E-6
9.3845999800E-6
2.1171162370E-5
3.9783271495E-5
4.3244287371E-5
3.8243713788E-5
3.2041838857E-5
2.6953197083E-5
2.1865172311E-5
-1.2777862139E-6
-3.5679899156E-6
1.2006750330E-5
1.6367400531E-5
2.7349672745E-5
4.3380446732E-5
4.3285032734E-5
3.7317210808E-5
2.6258931029E-5
1.9798788707E-5
-1.3618730009E-6
1.1365744285E-6
7.9502351580E-7
1.7672346439E-5
1.3989792205E-5
2.9727269429E-5
3.4835422411E-5
3.6766566335E-5
3.6751746665E-5
2.5174918118E-5
1.8568523228E-5
1.0273593944E-5
4.1719758881E-7
6.7703309470E-6
2.2056652233E-5
2.0836247131E-5
3.8625206798E-5
3.7933373823E-5
2.4414062500E-5
2.6167428586E-5
2.8495676815E-5
1.8206553068E-5
6.1781262049E-6
1.8395669758E-5
1.1772103608E-5
2.2733281366E-5
2.1859118714E-5
3.3655436709E-5
3.2348220702E-5
3.7018256261E-5
2.2876367438E-5
2.4778686929E-5
1.4814198948E-5
2.2618100047E-6
1.9508670084E-5
1.5453179367E-5
2.6437581982E-5
3.1641277018E-5
3.4482090267E-5
2.9381178318E-5
3.0694983433E-5
2.7320673689E-5
2.2064906079E-5
1.0230485350E-5
9.5584313386E-6
1.1166499462E-5
1.9504060037E-5
2.8592010493E-5
2.4825497529E-5
3.7606270052E-5
4.0665152482E-5
3.1336024402E-5
2.9763788915E-5
2.0571111235E-5
1.1351727881E-5
1.2619071640E-5
1.7372041475E-5
2.6572495698E-5
2.4883088189E-5
3.5516638308E-5
3.8963812403E-5
3.2645417376E-5
2.8546876273E-5
2.1689699497E-5
2.5351636577E-5
1.8978968728E-5
2.4131149984E-5
1.9584631081E-5
3.0605646315E-5
2.8020783792E-5
2.5291845668E-5
2.1611107513E-5
2.0740577019E-5
2.5259214453E-5
5.4422533140E-6
1.7301389016E-5
1.2319360394E-5
2.5197979993E-5
2.5226210709E-5
2.7522922027E-5
3.1813757959E-5
2.7967558707E-5
2.2049120161E-5
1.4097918756E-5
1.6949034762E-5
1.5198357869E-5
1.3356725685E-5
2.1291617304E-5
3.0560058075E-5
3.3229286781E-5
2.4831073824E-5
2.6547233573E-5
2.2729323245E-5
2.1560199093E-5
1.5027041081E-5
1.8445076421E-5
8.0325524324E-6
1.1929438915E-5
2.0336429588E-5
2.7645134832E-5
2.9156752861E-5
3.8192793726E-5
3.4415093250E-5
2.6860553771E-5
1.7462170217E-5
1.2287520804E-5
1.4457351062E-5
8.5210776888E-6
1.0937545449E-5
2.3238651919E-5
3.3347320276E-5
4.0649669244E-5
4.1462143417E-5
3.9286166429E-5
2.3610133212E-5
1.7678935546E-5
1.4049874153E-5
1.3151741587E-5
9.8922522740E-6
2.5070004630E-5
3.1611160374E-5
4.9595255405E-5
4.0057883598E-5
4.0733977221E-5
3.0157028231E-5
2.5547971017E-5
1.2350291945E-5
2.6435824112E-6
1.4790834393E-5
2.1998467855E-5
2.8067268430E-5
3.9468985051E-5
4.3817178811E-5
3.0998757574E-5
3.8270384538E-5
2.3711461108E-5
1.2585776858E-5
4.8645539209E-6
1.4550925698E-5
1.2970005628E-5
1.6742071602E-5
2.5856064166E-5
4.1852344293E-5
4.2520102579E-5
4.1263608727E-5
4.0939985774E-5
3.0825077555E-5
3.6260928027E-6
-4.4067041017E-6
8.8396365756E-6
1.2497999705E-6
1.8343934789E-5
4.1394808795E-5
5.2065355703E-5
5.4202869068E-5
4.5052811038E-5
2.3391970898E-5
1.6497331671E-5
-6.1286729761E-6
-1.0239332914E-5
-2.6451540179E-6
1.8329045269E-5
2.4383608251E-5
3.0402280389E-5
5.4187257775E-5
4.9413100351E-5
3.3031275961E-5
1.9440311007E-5
-8.1721227617E-7
-1.3004010543E-5
-6.5234606155E-6
-1.1964619625E-5
1.3304874301E-5
3.6124186590E-5
5.0462165382E-5
5.9791898821E-5
6.3937914093E-5
4.2643130291E-5
1.7126684543E-5
-1.3857905287E-5
-1.9958522171E-5
-3.1084788497E-5
-7.1547459811E-6
2.1650781855E-5
6.9154601080E-5
9.4181171156E-5
9.1783667451E-5
7.3606672233E-5
2.0694499835E-5
-5.1730801351E-5
-9.0944662228E-5
-8.0936111046E-5
-1.6191182658E-5
5.4852571339E-5
1.1660406599E-4
1.4657983556E-4
1.2004099553E-4
4.9741147086E-5
-6.7476520782E-5
-9.4032357450E-5
-7.0563436022E-5
1.8943881150E-5
5.7466479485E-5
4.0833698586E-5
4.2801466770E-5
6.8211019971E-5
7.6437031387E-5
8.1115192735E-5
6.8253395149E-5
3.6111206282E-5
-4.6606338583E-5
-1.4113399666E-4
-1.7457524082E-4
3.5266322083E-5
3.1242821132E-4
3.5439188359E-4
1.3262194116E-4
-2.2879844764E-4
-3.8572949125E-4
-2.4725858821E-4
-4.4457102195E-5
9.2144997328E-5
1.5692082234E-4
1.7988393083E-4
1.3025212102E-4
6.1297579669E-5
5.8223144151E-6
-4.3795432430E-5
-6.8700290288E-5
-6.0035113712E-5
-2.5641859974E-5
1.6553467140E-5
6.4735079650E-5
9.2894886623E-5
8.8461546696E-5
5.8536732104E-5
3.3019843976E-5
5.4859323428E-6
-2.3903709370E-5
-3.0344538390E-5
-1.2912671082E-5
3.9288308471E-6
3.9060134440E-5
5.6385144126E-5
7.0880644491E-5
6.7608081737E-5
4.1999563109E-5
1.5316496138E-5
-3.4427386708E-6
-1.6749138013E-6
-2.3507326841E-5
-5.7984492742E-6
2.2323883604E-5
3.2677012495E-5
6.1018497218E-5
5.2266672720E-5
5.0076504703E-5
2.7861387934E-5
1.4020991512E-5
-6.1697093770E-6
-1.1050025932E-5
-7.2447350249E-6
1.6903481446E-5
2.3567466996E-5
4.8589380458E-5
6.1653845478E-5
5.6318542920E-5
3.6704179364E-5
2.0953209605E-5
1.5212630387E-5
3.0953204259E-6
-1.5366822481E-6
6.9423113024E-7
2.0582287106E-5
3.4967111423E-5
5.1138002891E-5
4.8612803221E-5
6.0912163463E-5
3.0199799220E-5
-1.3417284936E-5
6.5939733759E-6
1.2367742602E-5
1.1515174993E-5
6.2910839916E-6
2.9007741249E-5
3.6699092015E-5
4.9623625819E-5
4.6487431973E-5
3.9086909964E-5
2.0616757683E-5
1.3981258962E-5
8.8704866358E-6
-8.1092584876E-7
3.2860552892E-6
1.2852752116E-5
3.3736438490E-5
3.5728514194E-5
4.1119405068E-5
3.5684031899E-5
3.4455640706E-5
1.6045977827E-5
4.3424428441E-6
7.8566023150E-6
3.6049867049E-6
5.6896940805E-6
2.7774157933E-5
2.8544187079E-5
3.3617031294E-5
3.6131066735E-5
3.5778747405E-5
2.4944916367E-5
2.0140293054E-5
7.4438052252E-6
-2.0355219021E-7
4.0784827434E-6
2.3925187997E-5
2.5346525944E-5
3.3886393065E-5
4.5346829575E-5
3.3588660880E-5
2.7772551402E-5
2.3551681078E-5
2.0505732391E-5
1.6391533427E-5
1.2875604443E-5
2.1671829745E-5
1.8750817980E-5
2.7865834999E-5
3.2066798303E-5
3.2728281802E-5
3.3708708360E-5
2.7808384038E-5
1.8142000772E-5
5.6022778154E-6
7.5352261776E-6
5.5748620071E-6
1.8581585027E-5
2.3244682233E-5
3.1059700995E-5
3.9821350947E-5
3.3285922836E-5
2.5146827101E-5
2.7097319252E-5
2.2117013577E-5
1.8624286167E-5
1.3794889674E-5
1.3605330605E-5
1.6433745623E-5
1.9764399621E-5
2.8556631877E-5
3.0531245283E-5
3.2559770624E-5
2.3202248848E-5
2.9643590095E-5
2.1187646780E-5
2.0767853129E-5
1.8238916527E-5
1.2445449829E-5
2.1809199824E-5
2.8723070863E-5
4.3108512182E-5
3.1550019047E-5
3.7553429137E-5
2.9354228172E-5
2.9474613256E-5
1.3147434220E-5
7.5013726019E-6
2.1761958487E-5
2.8009689412E-5
2.3710099048E-5
2.7031777426E-5
2.7044105808E-5
2.1105271298E-5
2.4275213945E-5
1.8927128985E-5
1.7821963411E-5
1.6856915318E-5
1.6044697259E-5
2.9314903076E-5
3.1633768230E-5
2.5807402562E-5
2.8066243976E-5
2.3401062935E-5
2.3795501328E-5
1.2991216499E-5
1.6802502796E-5
2.6907771826E-6
1.4331052080E-5
2.3405079264E-5
3.0925206373E-5
2.6187777984E-5
2.8237595688E-5
2.7037586551E-5
2.5768100749E-5
2.1172896959E-5
1.7783266958E-5
1.7570273485E-5
1.0192242917E-5
2.3337616585E-5
2.0870578009E-5
3.1426898203E-5
3.6765122786E-5
3.4948810934E-5
2.6316184084E-5
1.9356247503E-5
1.8402270507E-5
1.5948805958E-5
4.7223293223E-6
1.7843686510E-5
2.1881412249E-5
2.7430872432E-5
3.1737750395E-5
3.9404293056E-5
2.6042747776E-5
3.2409222330E-5
2.4237576871E-5
2.4203641805E-5
1.6261497512E-5
7.1495072917E-6
1.1163472664E-5
3.0762143432E-5
2.8793106320E-5
3.0912237707E-5
3.0929886269E-5
3.6383292172E-5
3.8775161374E-5
2.3409142159E-5
1.4525488950E-5
3.0298950151E-6
1.6861071344E-5
2.2810033988E-5
3.0707078985E-5
3.2397219910E-5
3.8284342735E-5
3.3180357422E-5
2.3537105880E-5
1.9400275778E-5
1.8057238776E-5
7.1383081377E-6
4.3730251491E-7
3.4326105379E-6
1.6334035899E-5
4.1666091420E-5
2.4451978970E-5
4.4643960428E-5
4.0280551184E-5
2.8004834893E-5
3.0007888562E-5
1.4866120182E-5
1.3281707652E-5
2.9495335184E-6
1.0223919526E-5
2.7522351592E-5
4.2410381138E-5
3.6348646971E-5
4.9053644761E-5
3.7700915709E-5
2.6642414741E-5
2.8064008802E-6
-2.8887996450E-6
-6.5355445259E-6
-4.4914195316E-7
1.0899582412E-5
2.6379059999E-5
4.9461878371E-5
5.2448140923E-5
3.8938387297E-5
3.5043072421E-5
2.0228128414E-5
7.3026167229E-7
-3.2901531085E-6
-1.6996427439E-5
-9.9594122730E-6
7.1143731476E-6
4.2729335837E-5
6.9213658572E-5
8.8987953498E-5
7.4790080546E-5
3.9291696157E-5
6.0027348809E-6
-1.4783977531E-5
-2.9177486430E-5
-1.8419395201E-5
-3.8619735278E-6
2.5302125140E-5
6.6339620389E-5
9.4545504547E-5
9.2297326776E-5
8.0926564991E-5
1.9134057220E-5
-5.1076349337E-5
-9.0300454761E-5
-6.6154741218E-5
-4.1221501307E-7
6.7696091721E-5
1.0022625793E-4
1.2568220263E-4
1.1613318929E-4
4.9850065261E-5
-5.2025925834E-5
-8.3310576158E-5
-7.1449298415E-5
-1.6187329311E-5
6.4460269642E-5
6.1287567952E-5
5.7702767663E-5
4.0505582001E-5
5.4889009334E-5
6.1611260754E-5
5.1717681345E-5
3.1393475364E-5
-1.8537254073E-5
-6.4366881272E-5
-9.4039586841E-5
-7.4284267613E-5
2.2523396183E-5
1.8485314213E-4
2.5436149445E-4
8.2181347536E-5
-2.0933130291E-4
-3.7302420242E-4
-2.5142467348E-4
3.6004662979E-5
2.5807644706E-4
2.6524852728E-4
1.7837341875E-4
8.0613431058E-5
-2.4298904464E-6
-5.9613049963E-5
-8.1410072747E-5
-7.1897241288E-5
-3.2027461565E-5
2.5981047656E-5
6.9380109200E-5
9.8043307664E-5
9.7995332909E-5
7.6139590239E-5
3.3287855330E-5
1.1087511666E-6
-2.2530253045E-5
-2.8680602554E-5
-2.6216020341E-5
7.0001464338E-6
3.9780198130E-5
5.9797649737E-5
6.3958100510E-5
6.5608986189E-5
5.6856812444E-5
2.3348478134E-5
-6.9828936831E-6
-1.4940416440E-5
-1.5002267901E-5
3.9946404286E-6
2.2549950517E-5
4.5901851263E-5
6.2107259873E-5
4.8953574151E-5
5.4995645769E-5
3.5452353768E-5
1.2491177768E-5
-5.9865647927E-6
6.6449982115E-6
-1.0134745389E-5
7.0909503848E-6
2.8401310555E-5
4.2754493188E-5
5.7548889891E-5
5.2604253870E-5
4.9254624173E-5
2.7076422702E-5
1.6299786512E-5
-3.1888019294E-6
-5.2689108998E-6
8.7010790595E-6
3.1410541850E-5
3.6811048630E-5
4.4572493061E-5
4.6261120588E-5
5.3598277736E-5
4.1265797335E-5
1.7608446069E-5
3.7808087655E-6
-8.1026926637E-6
-1.0166130960E-5
2.5529414415E-6
1.4937110245E-5
4.0248897857E-5
5.1581999287E-5
5.6054105517E-5
3.9505993481E-5
2.9073853510E-5
1.3493548613E-5
1.3117841445E-5
-1.1736643501E-6
-5.1984679885E-6
8.2329148428E-6
2.8602452948E-5
8.2218938044E-5
4.3361855205E-5
3.0039332340E-5
2.8778519480E-5
1.3228831813E-5
7.9994788395E-6
7.6466123575E-6
8.4874685855E-6
1.6708904877E-5
2.4323817342E-5
3.4571776632E-5
5.0486600958E-5
3.9550138171E-5
3.5062595270E-5
2.0815245807E-5
5.9834914283E-6
1.9838451408E-6
9.0608722532E-6
1.7099292017E-5
2.5874783750E-5
3.4852477255E-5
3.7238735239E-5
4.7282641754E-5
3.0431279446E-5
2.6388990226E-5
1.6483175568E-5
2.0104134455E-5
1.3254547957E-5
1.3892154675E-5
1.9630556926E-5
2.4414062500E-5
2.3842800874E-5
4.0465244092E-5
3.2952544278E-5
3.1438516452E-5
2.7516216504E-5
1.4583277516E-5
1.7682916950E-5
1.0018819012E-5
1.8884404562E-5
2.2673339117E-5
1.9839603919E-5
2.9630574862E-5
3.1606957781E-5
3.5958527587E-5
3.6148075014E-5
2.2672710474E-5
1.9444909412E-5
1.8188392278E-5
8.1533798949E-6
1.5713134780E-5
2.0652473904E-5
2.6972929481E-5
3.0843017156E-5
3.3782317768E-5
3.7882721517E-5
2.5477097369E-5
2.7875148225E-5
2.5192007887E-5
1.3639195822E-5
1.1945923325E-5
9.6105621197E-6
1.7215416301E-5
3.2158894463E-5
2.7346715796E-5
3.2725208438E-5
3.4543988294E-5
2.8925656806E-5
2.5599135551E-5
1.7724570352E-5
1.6161845997E-5
3.8930145092E-5
5.8192503639E-5
1.0942615336E-4
4.4418894686E-5
-5.2105356009E-5
-1.1052121408E-5
3.3285992685E-5
3.1116593163E-5
3.6305305547E-5
3.9246887900E-5
2.8714130166E-5
2.1706114057E-5
2.5496189482E-5
2.2346817422E-5
1.2438336853E-5
1.5736359637E-5
2.5373685639E-5
1.3920688070E-5
2.3345567751E-5
2.3661297745E-5
1.9937602337E-5
1.3036851306E-5
2.3781473282E-5
2.5771337095E-5
2.0274566486E-5
2.2562337107E-5
1.5900109429E-5
1.1758657638E-5
2.2140587680E-5
1.5681807417E-5
1.9666948356E-5
1.7317978200E-5
1.5007017646E-5
2.0967982709E-5
2.6973045896E-5
2.7224072254E-5
2.7541036251E-5
2.7391326147E-5
2.0317197777E-5
1.1424336117E-5
2.4116330314E-5
1.5189778060E-5
1.6137922648E-5
3.3046002499E-5
2.2712547797E-5
3.6938756238E-5
2.7828512247E-5
2.2784026805E-5
1.6437983140E-5
8.4967468866E-6
2.6824628002E-5
1.6212626360E-5
1.8294726032E-5
1.8657522741E-5
2.6592658832E-5
2.5461416225E-5
2.7544109616E-5
2.8708588797E-5
2.6268453802E-5
2.0669121295E-5
2.3991439957E-5
6.0455640778E-6
1.0402314365E-5
3.4235382918E-5
2.7024000882E-5
3.3050216733E-5
3.6903133149E-5
3.2285205088E-5
3.3209635876E-5
2.6759097818E-5
7.6622818597E-6
1.9648252055E-5
6.4596766607E-6
1.2471771333E-5
1.9856984727E-5
2.9898807406E-5
3.9178761653E-5
4.0314567741E-5
3.6604760680E-5
2.5071715936E-5
1.1816772167E-5
2.2173521574E-5
-8.2006445154E-7
1.0911829304E-5
5.4875970819E-6
2.3421668447E-5
4.0504976641E-5
3.0335306655E-5
3.1098362523E-5
3.6144198383E-5
2.2837670985E-5
1.7028592992E-5
-3.5906676203E-6
6.4273015596E-6
1.1816376355E-5
1.2194004376E-5
3.0189834069E-5
3.6064244341E-5
4.6237569768E-5
6.4490234946E-5
4.0967320092E-5
1.5537068248E-5
4.3292646296E-6
-6.9848145359E-6
-1.4490506146E-5
-2.5680870749E-6
8.5916486569E-6
3.4443254116E-5
4.7183432616E-5
6.7752599717E-5
6.0906226282E-5
3.7454348057E-5
1.2656801846E-5
-9.8957563750E-6
-2.8391461819E-5
-2.4403422139E-5
2.4414062500E-5
2.8466410003E-5
7.2884361727E-5
1.0288335616E-4
1.0724135209E-4
8.2281196958E-5
-1.0787637439E-5
-1.4227917418E-4
-1.7275243299E-4
-8.7210873609E-5
3.1132251023E-5
1.3817034196E-4
1.4738739701E-4
1.0942189256E-4
8.7280687878E-5
4.9217022024E-5
-3.9728707634E-5
-8.3271716724E-5
-5.6578766090E-5
5.2170245909E-6
6.0414266773E-5
4.7969585284E-5
4.5180344023E-5
3.7768098991E-5
4.6179268975E-5
5.2061583847E-5
4.5116699767E-5
1.9974797032E-5
-5.3289928474E-6
-4.1733670514E-5
-6.4470060171E-5
-4.7394807917E-5
2.6156427339E-6
9.9031510765E-5
1.5725580743E-4
1.5736313071E-4
6.7353609485E-5
-9.7515736709E-5
-2.2927540122E-4
-1.6114198370E-4
9.3957060018E-5
3.4063543425E-4
3.6661003251E-4
2.0552722271E-4
-1.3538682833E-5
-1.2414115481E-4
-1.3707645703E-4
-1.0298177367E-4
-3.5387231036E-5
3.0099146533E-5
8.4473262544E-5
1.1921470286E-4
1.0375153506E-4
8.0642360264E-5
3.4101121127E-5
-8.4591563791E-6
-3.4501787740E-5
-4.3469981756E-5
-2.1887046750E-5
-2.7001486160E-6
3.9621314500E-5
5.9108121787E-5
7.4401905297E-5
6.9269316738E-5
4.6012119855E-5
2.5854434352E-5
-5.3008901887E-6
-1.2783100829E-5
-1.6013556160E-5
-3.0300696381E-6
1.6607600264E-5
4.1625450831E-5
5.7934643701E-5
6.3957727981E-5
4.8424839042E-5
3.0074303502E-5
1.6597774811E-5
-7.6663796790E-6
-1.0604597628E-5
-1.1468329467E-5
8.4885745310E-6
2.9340863693E-5
4.1437160689E-5
5.4458889645E-5
4.8359786160E-5
3.5044038668E-5
2.1418777759E-5
1.2130441610E-5
3.3392221667E-6
-9.1841910035E-6
7.1854097770E-6
1.9917520694E-5
2.8919149189E-5
5.0818955060E-5
4.6251493040E-5
4.4107902794E-5
2.7802982367E-5
1.9886554218E-5
1.4646211639E-6
-4.4960062951E-6
-5.9335026891E-6
1.2972275727E-5
2.4696649051E-5
3.9001822006E-5
5.1655271091E-5
5.0845229998E-5
3.8271315861E-5
2.4721398949E-5
1.3400742318E-5
1.7987680621E-6
8.6846994237E-6
4.2441883124E-6
1.6698951367E-5
2.4616357404E-5
4.0755723602E-5
5.1959615667E-5
3.7169363349E-5
3.5330280661E-5
2.8058839961E-5
6.4586987720E-6
-8.8628148659E-7
5.3382245822E-7
5.0096656197E-6
2.4056225083E-5
2.7125817723E-5
4.3546501547E-5
4.1525589768E-5
4.7868851106E-5
5.0161720719E-5
-1.0370416567E-5
1.4628749341E-6
3.3761491068E-6
1.6451149713E-5
2.7354434132E-5
3.3957860432E-5
3.5457930061E-5
3.2373482826E-5
2.7692597359E-5
2.3291877005E-5
2.2755633108E-5
7.2982395069E-6
1.3613235205E-5
1.0524527170E-5
1.8213980365E-5
1.7384055536E-5
2.9632262885E-5
3.4388783387E-5
2.8220843523E-5
2.6099139358E-5
2.2787170018E-5
2.0334275905E-5
1.3273966033E-5
6.9487374276E-6
4.9585476518E-6
9.0237939731E-6
2.6079849339E-5
2.9798911418E-5
3.7393451202E-5
2.7609209064E-5
3.5830773412E-5
1.5591480769E-5
7.5587187895E-6
1.2700399384E-5
1.3012124691E-5
2.4887220933E-5
1.7430470325E-5
2.6070082094E-5
3.4104345831E-5
2.7036841492E-5
3.5867420956E-5
3.4758506808E-5
2.8097559697E-5
1.8153584096E-5
9.6303177998E-6
1.0767229833E-5
1.8760736566E-5
1.4992477372E-5
2.9615499078E-5
2.7448614127E-5
3.3045990857E-5
2.9136624652E-5
2.4928280617E-5
1.2034864631E-5
1.8238835037E-5
1.7628900241E-5
1.4163088053E-5
2.8051517437E-5
3.6905414890E-5
4.6603835653E-5
2.8415082487E-5
3.3404992427E-5
2.1444505546E-5
1.1386000551E-6
-7.3398579844E-6
-1.3431196567E-5
5.5841635913E-6
2.9642670415E-5
5.1275442820E-5
5.7940999978E-5
7.9281465153E-5
6.4253795427E-5
1.2438709382E-5
-7.6992181133E-5
2.7414900250E-5
1.0525690159E-4
7.1615108757E-5
5.0372991245E-5
1.6498460900E-5
1.0117888450E-6
-6.3515384682E-6
6.7434855737E-6
1.4975515660E-5
2.5867682416E-5
2.1896581165E-5
3.5104737617E-5
2.1157378796E-5
2.4073501117E-5
2.2996379994E-5
1.4022400137E-5
2.1417823154E-5
2.4138600565E-5
2.3835420142E-5
3.2742321490E-5
1.7522694543E-5
2.0610832143E-5
2.7775694616E-5
2.2870954126E-5
3.0188774689E-5
2.9058777726E-5
3.1374499666E-5
3.0179391614E-5
2.2808660287E-5
2.6468851137E-5
2.0585511811E-5
2.3079896345E-5
1.3298622798E-5
2.3981160484E-5
2.1690083667E-5
2.8007174841E-5
3.0612922273E-5
3.8455915637E-5
3.2806710805E-5
4.1162781417E-5
2.9678107238E-5
2.4519406724E-5
2.0915421191E-5
1.3109191787E-5
7.5140502305E-6
3.1356036196E-5
2.7833611238E-5
3.3835147041E-5
3.2204319722E-5
3.1264498829E-5
3.4565874375E-5
3.0639476608E-5
2.1791865583E-5
1.7121643759E-5
1.3236934319E-5
1.7777946778E-5
2.6487698778E-5
3.6523176823E-5
3.5712798125E-5
3.4677295479E-5
2.6520772371E-5
3.2205181196E-5
2.0248524379E-5
1.3859977480E-5
1.4843861572E-5
5.9543293901E-6
2.1309766453E-5
1.8151022959E-5
3.6792841274E-5
3.3902341965E-5
4.9071316608E-5
4.3222482782E-5
3.0645669903E-5
1.8948363140E-5
1.6366702039E-5
2.8697191738E-6
1.2085027993E-5
1.7284660134E-5
1.6002985649E-5
3.9869628381E-5
3.6551419180E-5
4.6856910922E-5
4.2896822560E-5
1.7471320461E-5
1.4512450434E-5
-2.9504299166E-7
-1.0075164028E-6
-1.5908502974E-6
1.3559451327E-5
3.1833513639E-5
5.8729539160E-5
5.4222368635E-5
6.3050130848E-5
3.7954503204E-5
4.1083199904E-6
-9.9366763606E-6
-3.1935097649E-5
-2.3078068625E-5
-8.2676880993E-6
2.2356526460E-5
6.2401115429E-5
7.7609694564E-5
9.4347540291E-5
5.8675231413E-5
-4.6364148148E-6
-6.3037662768E-5
-6.4719212243E-5
-3.7290062755E-5
2.4057377595E-5
5.7799019852E-5
7.8399106862E-5
8.9746108281E-5
9.7841676326E-5
4.5042694546E-5
-3.2571644987E-5
-8.4960600363E-5
-8.4973813503E-5
6.8565132095E-7
1.4115874655E-4
2.0204896573E-4
1.1081144912E-4
2.4414062500E-5
-3.7150958087E-5
-2.4469417985E-5
-4.5414781200E-7
1.1760205962E-5
1.0625552386E-5
-7.0833018981E-6
-2.4498207494E-5
-1.9648694433E-5
7.4603245594E-6
2.4414062500E-5
8.7545101999E-5
1.1802107329E-4
9.7038154493E-5
2.1624343935E-5
-5.7579122951E-5
-1.2022301089E-4
-9.8222028466E-5
9.5840077848E-6
1.5004237648E-4
2.4613509886E-4
1.8100524321E-4
-4.0016416460E-5
-2.1796777146E-4
-2.6474635815E-4
-1.4103135327E-4
1.6926438548E-5
1.1359031778E-4
1.5116975410E-4
1.4965290902E-4
9.5491914547E-5
4.3534114957E-5
-1.4153961092E-5
-4.4940842782E-5
-5.7528086474E-5
-3.8607802707E-5
1.3242592104E-6
3.6082090809E-5
6.4391863999E-5
7.9464865851E-5
7.1620510427E-5
5.1619403530E-5
1.6727752518E-5
-6.6921464168E-6
-2.3131538182E-5
-2.2020936012E-5
-7.2270166129E-6
2.4716893676E-5
3.8334401324E-5
5.4972013459E-5
6.1770877801E-5
5.4677238222E-5
3.3535633701E-5
1.6279553529E-5
-3.4093623981E-6
-1.8139288295E-5
-1.5082210302E-5
3.3611431718E-6
2.5119422934E-5
4.3055007700E-5
5.3447543178E-5
5.9911562130E-5
4.7561968677E-5
2.3759668692E-5
4.4354586862E-6
-1.1163088493E-5
-1.2131989934E-6
-5.1779206842E-7
1.8761528190E-5
3.1462893820E-5
4.1677791159E-5
4.4578080997E-5
5.3938711063E-5
3.6582513711E-5
2.1690200082E-5
9.2909554952E-6
-4.6865548939E-6
1.0711839422E-6
1.0332872625E-5
2.3921497631E-5
3.7272262852E-5
4.6064460184E-5
5.7655468118E-5
4.1193258948E-5
3.0531291849E-5
1.2656126637E-5
9.3925045804E-7
-1.5925616027E-8
9.5710740425E-6
3.1432311515E-5
2.9038719366E-5
3.8453296292E-5
4.5297399628E-5
3.1530996784E-5
3.3879338297E-5
1.6079051420E-5
8.6600543001E-6
7.2649680079E-6
2.4665496312E-6
3.1335861422E-6
2.1950760856E-5
3.8937083445E-5
3.3253012224E-5
4.5098667033E-5
3.2484554685E-5
3.0919013078E-5
1.1662230827E-5
-1.7518294044E-6
3.9945123717E-6
6.9190398791E-6
4.8171263189E-6
2.5099958293E-5
3.0281092039E-5
3.9927812758E-5
4.3323147110E-5
4.0945445652E-5
2.8240727260E-5
6.3733430580E-6
-4.0454324355E-8
1.2928270735E-6
6.9840811194E-6
1.6500847414E-5
3.7310458719E-5
7.3907454500E-5
3.2293668482E-5
1.2989016250E-5
1.7428793944E-5
1.7707108054E-5
1.3722945005E-5
1.5975721180E-5
7.2685419583E-6
2.0167534239E-5
2.0390865393E-5
2.3493275511E-5
2.8571393340E-5
4.3237057980E-5
3.3166073262E-5
2.1468126215E-5
1.7514266074E-5
1.6725121532E-5
5.6308810599E-6
1.6701256391E-5
2.6037788484E-5
2.2831710521E-5
3.0198937747E-5
3.3850863109E-5
3.5938178188E-5
3.0388240702E-5
2.9227230697E-5
2.3074133787E-5
1.6112939920E-5
1.9272370264E-5
1.4084577560E-5
2.1323841065E-5
2.6977667584E-5
2.8750556520E-5
2.6290223467E-5
2.8611242305E-5
2.9997352975E-5
2.1857628599E-5
1.9752851222E-5
1.9176630303E-5
1.6626727302E-5
2.1898245904E-5
2.5085394736E-5
4.1111977770E-5
3.0215631704E-5
1.3699708506E-5
1.6320834402E-5
1.3636972290E-5
7.3209288531E-6
1.0718591511E-6
1.8461432774E-5
2.2710615303E-5
2.0276568830E-5
5.0231534988E-5
3.6871246993E-5
4.1270477231E-5
2.6510690804E-5
1.0995182674E-5
-4.0299491958E-7
-1.5117798466E-5
-6.1397324317E-6
1.4057510998E-5
3.3851631451E-5
5.1188236103E-5
6.5753981473E-5
5.8806512971E-5
3.9036828093E-5
8.1818434412E-6
-4.5115454122E-5
-9.6366356596E-5
-5.8327626903E-5
1.0642225388E-4
7.2176498363E-5
-1.0972726159E-5
-4.0490936954E-5
-2.1488231141E-5
-5.2743940615E-6
9.0894289316E-6
2.8061680495E-5
4.0198792703E-5
3.4557341132E-5
3.7969113327E-5
3.2189721241E-5
2.4152779951E-5
9.7171403469E-6
2.0583264995E-5
1.3512896840E-5
1.9644317217E-5
2.5294639635E-5
2.7570244855E-5
2.8911361004E-5
1.6968464479E-5
2.3275392595E-5
2.3410213180E-5
3.4686306025E-5
2.4437357205E-5
2.7739012147E-5
2.6003073435E-5
2.1639117039E-5
1.2668059208E-5
1.2191338465E-5
1.8713541794E-5
1.9454257563E-5
2.4720258079E-5
2.0455161575E-5
3.5207101609E-5
3.0725239775E-5
2.8247490990E-5
3.6965881008E-5
2.7516740374E-5
1.6289041377E-5
1.3514840975E-5
2.2489787079E-5
2.6561669073E-5
2.3264007177E-5
2.8616795315E-5
3.5176845267E-5
3.5451899748E-5
3.1906657386E-5
3.5388569813E-5
1.9616330974E-5
1.3823155314E-5
1.0264106095E-5
1.1607329361E-5
1.9861047622E-5
2.3924477864E-5
3.6148400977E-5
2.7833960484E-5
2.9469269793E-5
3.1988462433E-5
2.3081048857E-5
1.4338153414E-5
7.9935300164E-6
-5.1074195654E-6
1.9677681848E-7
1.7402530648E-5
3.1350227072E-5
3.9837253279E-5
3.9625796489E-5
4.1873427108E-5
2.9052887111E-5
2.4547986686E-5
1.2594822329E-5
1.1446280405E-5
3.3576041460E-6
6.3030980527E-6
1.4403031673E-5
4.6536978334E-5
4.0802441071E-5
5.0746533088E-5
5.2301899996E-5
3.2364437356E-5
1.4044239651E-5
-1.2178206816E-5
-2.3679505102E-5
-1.3669196051E-5
2.7592875995E-6
2.9658165294E-5
5.5990857073E-5
8.6911546533E-5
1.0286879260E-4
6.0012994800E-5
-1.1696794536E-5
-6.2354467810E-5
-6.2208657620E-5
-1.8073583487E-5
2.5441055185E-5
4.8795493785E-5
5.8202887886E-5
7.9692550937E-5
8.9567829856E-5
6.3537585085E-5
-7.5709773228E-6
-6.2626879663E-5
-6.7800993567E-5
-4.0088198148E-6
5.3919269704E-5
7.7894213612E-5
5.1782373339E-5
2.6003923267E-5
2.2903736680E-5
3.3704179804E-5
3.8654659875E-6
-1.2659712229E-5
-6.3066836446E-7
2.0802766084E-5
3.6085932515E-5
2.6481598615E-5
2.7061998844E-5
3.7440878804E-5
3.0879513360E-5
2.1428114269E-5
2.1924776956E-5
1.0128086433E-5
2.3536384106E-6
-2.7263723313E-5
-3.7921429611E-5
-1.1548120529E-5
4.1285750922E-5
9.1546168554E-5
1.2211091816E-4
1.1831520824E-4
7.9162407204E-5
-1.4048710000E-5
-1.4929149765E-4
-1.4192356029E-4
9.7999814899E-6
2.0927083679E-4
2.9514197958E-4
1.8695387989E-4
6.3760508784E-5
-3.6566972266E-5
-8.0913014246E-5
-9.5242389946E-5
-5.8024853934E-5
-9.0411282144E-6
3.8570992182E-5
8.6284894499E-5
9.4323942906E-5
8.7054725738E-5
6.3850998414E-5
1.7413659953E-5
-2.1229544654E-5
-3.1876750290E-5
-2.7400592807E-5
-2.4220044724E-5
1.6771221999E-5
4.1527254507E-5
5.6773331017E-5
6.7736709026E-5
5.2044482436E-5
3.4080911427E-5
1.1107278988E-5
-7.3207309470E-6
-2.0470388699E-5
-1.2614508159E-5
7.7476142906E-6
2.6410655118E-5
4.9534661230E-5
5.8811658528E-5
6.0863059480E-5
5.2549119573E-5
2.5341007858E-5
7.4420240709E-6
-5.7718716593E-8
-3.1738309192E-7
6.1425846071E-6
1.8824904691E-5
4.2031763587E-5
4.1105190757E-5
5.4790405557E-5
4.3384660966E-5
3.0460604466E-5
2.3675488773E-5
-4.7420966439E-6
4.2211031541E-6
8.5218111054E-6
1.3342907187E-5
2.1814694628E-5
3.8771925028E-5
4.2682804632E-5
4.6013970859E-5
4.2685563676E-5
2.6220851577E-5
9.0130837635E-6
6.2202918344E-6
1.2312771287E-5
1.2033456005E-5
1.4931883197E-5
2.7749303262E-5
3.8047356065E-5
4.4788280502E-5
4.6023854520E-5
2.8762931469E-5
2.2863468620E-5
9.5140305348E-6
3.1191506423E-6
-5.1137874835E-6
1.2799981050E-5
3.1184614635E-5
3.7616898771E-5
4.0196662303E-5
3.9303407538E-5
3.1263357958E-5
2.4644657969E-5
6.9694360719E-6
1.1085788719E-5
4.9089663662E-6
1.1215533596E-5
1.8281023949E-5
2.3922580294E-5
2.8855435084E-5
3.7952698766E-5
3.3623783383E-5
3.1965330708E-5
2.1063210442E-5
1.1686212383E-5
5.1567330957E-6
1.7549493350E-6
1.6407831572E-5
9.1500463897E-6
2.7249811682E-5
4.1359767783E-5
3.9718544576E-5
3.9555993862E-5
3.2315531279E-5
9.8756048830E-6
1.3198901434E-5
5.6856893935E-6
4.5429100282E-6
8.5533130915E-6
1.8136168364E-5
3.4918787422E-5
4.1622365825E-5
6.6719762983E-5
3.1439261510E-5
1.8730293959E-6
9.6175470391E-6
1.0144372936E-5
1.4615466353E-5
1.7922930419E-5
2.4038250557E-5
2.1804333664E-5
3.7445209454E-5
4.0395092218E-5
3.4933886490E-5
2.4036515969E-5
2.0566687453E-5
2.2747949697E-5
1.8876860849E-5
1.4207290951E-5
1.0519695934E-5
1.8984102644E-5
2.5110295973E-5
3.8747605867E-5
3.6869675386E-5
3.1193718313E-5
3.1144393141E-5
1.8391723279E-5
1.5791959595E-5
1.7204030883E-5
2.0710134413E-5
2.7244398370E-5
4.3297151569E-5
4.2809022124E-5
2.3478001821E-5
8.6033134722E-6
4.7236215324E-6
4.1239312850E-6
6.2879640609E-6
1.4719204046E-5
2.1871353965E-5
2.1760375239E-5
2.9908306896E-5
3.3976323902E-5
3.5253027453E-5
3.2816187012E-5
2.2595387417E-5
1.2340873946E-5
8.8841188698E-7
1.4914898202E-6
3.8686441258E-6
1.3319822028E-5
2.3344601504E-5
4.4373120181E-5
4.1835033334E-5
3.9927917532E-5
2.9049522708E-5
1.1599657591E-5
-3.1525269114E-8
-8.0629135482E-6
-1.4943443239E-5
3.5202945583E-6
3.1292985658E-5
5.0590466708E-5
5.8990018442E-5
6.4562121407E-5
5.2973732818E-5
2.4787033907E-5
-1.9718043040E-5
-6.1034923420E-5
-8.3596876359E-5
-5.9543910903E-5
6.2980398070E-5
1.1277702870E-4
-3.3262872602E-5
-7.5475487395E-5
-5.5054819678E-5
-1.1647667270E-5
2.2123835515E-5
3.6634935531E-5
5.2802718710E-5
4.7824031207E-5
2.7939339633E-5
2.3048510774E-5
1.7372437287E-5
1.7222762108E-5
1.6597704962E-5
1.8197391182E-5
1.8528220244E-5
3.4516444430E-5
3.4098618198E-5
2.8551591094E-5
3.6662397905E-5
2.5160610675E-5
1.2610969134E-5
2.7049460913E-5
2.1070288494E-5
1.8265226390E-5
3.1622115056E-5
2.0147976465E-5
1.9570346921E-5
2.7944764587E-5
2.7059752028E-5
2.4098204448E-5
2.8160947840E-5
2.5906658265E-5
2.3161084391E-5
2.1244748495E-5
2.9028684366E-5
2.3017916828E-5
2.9092759359E-5
1.6628741287E-5
2.2797193378E-5
1.0568439029E-5
2.5112763978E-5
3.2471877056E-5
3.1075463630E-5
3.5182991996E-5
3.1801348086E-5
2.7619546745E-5
2.3433845490E-5
1.3147864956E-5
9.2946924270E-6
-4.8299552870E-7
2.1994928829E-5
1.3755797409E-5
2.2734026424E-5
3.5046914126E-5
3.2531295437E-5
3.1260366085E-5
2.9429211280E-5
1.5570840333E-5
9.4739138149E-6
8.9599168860E-6
5.7227211073E-6
2.0671728998E-5
9.8070246169E-6
3.7195440381E-5
4.4488813728E-5
4.2869546450E-5
4.3134472798E-5
2.7147168293E-5
4.5196386055E-6
-4.1076564230E-6
4.0453160180E-7
-1.1100724805E-5
1.2789946050E-5
3.1215418129E-5
6.0547993054E-5
7.4356934057E-5
8.3721079865E-5
4.9167894758E-5
-4.9938797020E-6
-3.2997678499E-5
-2.8033403213E-5
-2.0737526939E-6
3.2089033629E-5
3.3977814018E-5
5.1554327365E-5
6.6780392082E-5
9.2515791768E-5
5.7530996856E-5
2.1533225663E-6
-4.2165792547E-5
-7.4440392201E-5
-2.2287655156E-5
4.2611570097E-5
6.8216118963E-5
2.4414062500E-5
3.0213873833E-5
1.4139339328E-5
1.1377164628E-5
9.8670949229E-6
7.1452348493E-6
2.0153436344E-5
1.3973773457E-5
1.0996230412E-5
7.3609757237E-6
3.4938624594E-5
2.9931007884E-5
4.8827019054E-5
2.4414062500E-5
3.4801696890E-5
1.9300880376E-5
1.0585319251E-5
-5.9430487455E-6
-1.6951654106E-5
-1.1140364222E-5
1.6016571317E-5
5.1241565961E-5
7.2106008886E-5
5.4825097323E-5
4.2014056817E-6
-1.1579727288E-5
-2.6139896362E-5
-2.0931835752E-5
-2.0734756253E-5
-1.9505084492E-5
2.6445928961E-5
1.0473575676E-4
1.5913326060E-4
8.2088622733E-5
-7.1983085947E-5
-1.9897869788E-4
-1.6741127474E-4
-4.8259994947E-5
4.3767201714E-5
1.1093713110E-4
1.2125079520E-4
1.1537576793E-4
7.3041114960E-5
1.4499202371E-5
-2.2949336562E-5
-4.6458770521E-5
-4.1228858754E-5
-1.4812068548E-5
1.4239561278E-5
5.6358345319E-5
8.0260366669E-5
7.6974637342E-5
6.5643654672E-5
3.7361134309E-5
1.0370789096E-5
-1.3315328397E-5
-2.2151158191E-5
-1.8147798255E-5
8.9870183729E-6
3.6332954186E-5
5.2332284395E-5
6.9496198559E-5
6.2255491504E-5
5.1020609680E-5
2.3594486992E-5
1.8367427401E-6
-1.8662284128E-5
-2.2844411433E-6
-3.1984061934E-6
1.2199976482E-5
3.9856089279E-5
4.6282133553E-5
5.1580206491E-5
5.1826250274E-5
3.2024167012E-5
1.7326977104E-5
4.9996189773E-6
5.7427678253E-8
1.6966718249E-6
9.5512252302E-6
1.6721826978E-5
4.4298567809E-5
5.1141693257E-5
4.5934796799E-5
3.6774703766E-5
3.2608013133E-5
1.5024503227E-5
7.9244840892E-6
-1.6251811758E-6
-6.1577884480E-7
1.4798762277E-5
2.1266576368E-5
4.5006233267E-5
4.2009854223E-5
3.8711330853E-5
2.8144801035E-5
1.9198842347E-5
6.8815075793E-6
6.4196297900E-6
3.6658020690E-6
2.0731904078E-5
1.7721485346E-5
3.0891469213E-5
4.0307524613E-5
3.3741234801E-5
3.9264687802E-5
2.2589776198E-5
2.1715171169E-5
1.6743084416E-6
1.0740128346E-6
9.3413167635E-6
1.2062629685E-5
2.8378632850E-5
3.3200159668E-5
3.5021640359E-5
3.6196596920E-5
2.6705022900E-5
3.2202457077E-5
1.8566148355E-5
9.1092544609E-6
1.8100091256E-5
1.1003471445E-5
1.2317218352E-5
2.6175507809E-5
4.3205649126E-5
3.6893377546E-5
4.0441262535E-5
3.0215294099E-5
1.4220084995E-5
1.3524165843E-5
4.1411258280E-7
1.5498721040E-6
7.9735182228E-6
1.4847773127E-5
3.4953781868E-5
3.3565808552E-5
3.0443747527E-5
3.7954410072E-5
2.4029926862E-5
1.7692206893E-5
4.9684545957E-6
9.3056005427E-6
1.0603503324E-5
1.4820671640E-5
1.4357746113E-5
2.5014055426E-5
3.9391871541E-5
4.2753305751E-5
4.2240996845E-5
1.1950684711E-5
4.1833496653E-6
1.9238179084E-5
1.9252055790E-5
1.9645562861E-5
2.8087757527E-5
2.7009029872E-5
2.1614599973E-5
3.4546107053E-5
3.1637889332E-5
3.0823051928E-5
1.9671185873E-5
1.9797054119E-5
1.8200208433E-5
2.7282407972E-5
1.8627406098E-5
3.1460670288E-5
3.9958267007E-5
3.4411356318E-5
2.3599446285E-5
2.4472048971E-5
1.1693465058E-5
9.6401316114E-6
6.1137601733E-6
1.7909461167E-5
2.8042122721E-5
2.9107637237E-5
3.0742259695E-5
2.6265194173E-5
3.4288049209E-5
1.8312607426E-5
8.3983759397E-6
4.5641791075E-7
6.2102568336E-6
1.2034713291E-5
1.2630305719E-5
2.7804402634E-5
2.9964209533E-5
3.7716235965E-5
3.7875724956E-5
2.1078228019E-5
1.1292763520E-5
-2.4186330848E-6
5.0030532293E-6
-1.2130360119E-6
3.3828197047E-6
2.3197359405E-5
3.6857055965E-5
4.8214977142E-5
5.4643501062E-5
4.4515426270E-5
3.0074536334E-5
1.3741059229E-5
-7.9324352555E-6
-1.3862806372E-5
-1.1456746142E-5
7.6790573076E-6
3.4877192228E-5
5.5510015227E-5
7.3763332331E-5
7.4086640964E-5
5.1497260574E-5
7.5817224570E-6
-3.8448011037E-5
-8.3609158176E-5
-9.2500925532E-5
-2.2491952404E-5
1.3194681378E-4
4.4229452032E-5
-5.7656248101E-5
-8.7187974716E-5
-4.6904012561E-5
-2.1638581529E-6
4.1554763447E-5
5.6579045486E-5
6.9831602743E-5
5.3584144917E-5
4.1626009624E-5
2.8361368458E-5
1.0902737267E-5
-2.6697292924E-6
2.4549080990E-6
7.9764169641E-6
2.3823441006E-5
2.6250351220E-5
3.6142673343E-5
3.9914017543E-5
2.6536232325E-5
3.1155394389E-5
1.9208237063E-5
2.5000062305E-5
1.8389592878E-5
1.4445115812E-5
1.7129874323E-5
2.9358442406E-5
1.5567184892E-5
1.7440039665E-5
3.4225475974E-5
2.7872540522E-5
2.1388707682E-5
2.6402750518E-5
2.7539895381E-5
3.2039533834E-5
1.5302363317E-5
2.2643839474E-5
2.4050474166E-5
9.0895453469E-6
1.2734555639E-5
9.3817827293E-6
2.5413336697E-5
2.3506372235E-5
2.5468913372E-5
2.8856820426E-5
3.5144330467E-5
2.4059833958E-5
2.6717968284E-5
1.7420214135E-5
4.3735955842E-6
9.3031441793E-6
2.0557548850E-5
1.7802091315E-5
3.1311367638E-5
3.2761774491E-5
5.2489957307E-5
4.9659865908E-5
3.1134823802E-5
3.2095820643E-6
-1.9867846277E-5
-1.6018201131E-5
-1.4341378119E-5
9.2471251265E-6
3.8349709939E-5
6.0785328970E-5
7.7692698689E-5
6.2253104989E-5
2.6857980992E-5
-1.0310497601E-5
-1.4749704860E-5
4.1878665797E-6
9.4839022495E-6
1.4466571156E-5
2.6278977747E-5
4.7213525977E-5
6.0378515627E-5
6.7711051090E-5
5.4669391830E-5
9.7403419204E-6
-3.2559537794E-5
-6.0662836769E-5
-4.6585476958E-5
2.6674591936E-5
7.0564518683E-5
9.0192921929E-5
5.9954973404E-5
1.8092524260E-5
-4.2463419959E-6
3.7701334804E-6
-4.9944850617E-6
1.3590580784E-5
1.7923454288E-5
1.7879484221E-5
2.6686966884E-5
1.6408087686E-5
2.7494551613E-5
3.5275076515E-5
3.3624388742E-5
3.4372194204E-5
1.8156378064E-5
1.3379717711E-5
-1.5527999494E-5
-1.0001193732E-5
2.0468840376E-6
1.8352002371E-5
4.3108535465E-5
5.2276265342E-5
6.2931259164E-5
4.7279044520E-5
2.0779913757E-5
-1.4940800611E-5
-2.1797115914E-5
-3.8778758608E-6
3.0175794381E-5
5.5229698773E-5
5.6136387866E-5
4.7859759070E-5
4.6381261200E-5
3.6198389716E-5
1.4029513113E-5
-2.2084929514E-5
-5.2848435007E-5
-3.4893583506E-5
4.1172117926E-5
1.6132004093E-4
1.9869476091E-4
1.3648694148E-4
3.6337319761E-5
-4.5879627579E-5
-7.6931389051E-5
-7.4067490642E-5
-4.5673537534E-5
1.4763791116E-7
5.1952234936E-5
8.8957371191E-5
9.3053281310E-5
7.4884842618E-5
3.7419470026E-5
5.4427655417E-7
-1.5059951693E-5
-4.0662335232E-5
-2.3136788513E-5
-4.1856314055E-6
2.3287674412E-5
4.9653567840E-5
7.0079567379E-5
6.6124915612E-5
5.6807580404E-5
2.7182628400E-5
8.3802267910E-6
-5.2155810409E-6
-2.1646986715E-5
3.0506984331E-6
1.5160115436E-5
3.3424515276E-5
5.2712566685E-5
5.9530115687E-5
5.3063896485E-5
3.4746958408E-5
1.7719203606E-5
1.8148100935E-6
-5.7686469518E-6
7.2166905740E-6
1.8454075325E-5
2.0927935838E-5
3.8786849472E-5
5.1268923562E-5
4.9461890012E-5
4.2640801985E-5
3.4878891892E-5
1.7175124958E-5
2.5163288228E-6
-6.7247892730E-6
-2.5226850994E-6
1.3986637350E-5
2.9767479281E-5
3.6547053605E-5
5.2154459990E-5
4.2924529407E-5
3.1981081701E-5
1.5637942124E-5
2.2101216018E-6
-4.6681147069E-6
4.7626439482E-6
3.7010642700E-6
1.7276871949E-5
4.0138047188E-5
4.0835002437E-5
3.7913280539E-5
3.2138044479E-5
2.3480341769E-5
1.8833344802E-5
1.1638505384E-5
1.2876116671E-6
1.8790015019E-6
1.6331381630E-5
2.3962557315E-5
3.3167353830E-5
3.4559227060E-5
4.4878141488E-5
2.7295853942E-5
1.3484130614E-5
8.9777982795E-6
1.4970917255E-5
2.0344043150E-6
1.0101287626E-5
1.7932185437E-5
3.3972330856E-5
3.5249977372E-5
3.8918829522E-5
3.3389404415E-5
3.1822826712E-5
2.0218803547E-5
1.7439643852E-5
9.6663017758E-6
6.7067448982E-6
9.3618640677E-6
2.3233587853E-5
2.7476379181E-5
3.5938003565E-5
4.5231194235E-5
4.5342813246E-5
2.7290044817E-5
1.9221124239E-5
1.9851606339E-6
2.0017148927E-6
4.1206949390E-6
1.7267442308E-5
2.5975622701E-5
2.4691375437E-5
3.7751928903E-5
2.9878574422E-5
3.2180733978E-5
2.9330013785E-5
2.7592002879E-5
1.0107841808E-5
8.4465951660E-6
-4.7853682189E-7
1.6777811106E-5
2.1342176478E-5
3.9096479304E-5
4.7245668247E-5
5.5725895800E-5
2.4414062500E-5
-1.5111803077E-5
1.4689029194E-5
2.0446872804E-5
3.4048780798E-5
3.1087396200E-5
3.8828304968E-5
4.1397043969E-5
3.4714955836E-5
2.8327747713E-5
1.7114332877E-6
5.1593291573E-6
6.3786050305E-6
2.4257227778E-5
2.3587420582E-5
2.8713140635E-5
2.7975405100E-5
4.0194019675E-5
2.7295108884E-5
2.4801236577E-5
2.1521549206E-5
1.0417203885E-5
1.1410983279E-5
1.2981705368E-5
1.1576164980E-5
2.0470307208E-5
2.0262273028E-5
2.8231483883E-5
4.4592120685E-5
3.4524046350E-5
2.3262016475E-5
2.1244550589E-5
1.2296903879E-5
1.0335934348E-6
5.1320181229E-6
5.2525079809E-6
2.0453671459E-5
3.8209080230E-5
3.2870774156E-5
3.0403980053E-5
3.7896574940E-5
2.2174289915E-5
1.4158838894E-5
-1.3904296793E-6
2.9216636903E-6
2.7967616914E-7
1.4124833979E-5
2.6084494310E-5
3.2638746779E-5
5.3799012676E-5
5.7476747316E-5
4.0408433415E-5
2.0907109137E-5
-7.2918017396E-6
-2.0383403170E-5
-2.7401384431E-5
-3.8263155148E-6
2.1109555382E-5
5.5294856430E-5
9.1699999760E-5
1.0375116253E-4
9.1595004781E-5
2.7013639919E-5
-3.5323947668E-5
-1.2414247030E-4
-1.3480833732E-4
7.8061583921E-5
1.5713423491E-4
5.0961272791E-5
-3.3944495953E-5
-5.3281441797E-5
-4.5885704458E-5
-2.3206544574E-5
1.1917809025E-5
4.0435174014E-5
6.5912073479E-5
5.3618650418E-5
4.6807515900E-5
3.4758262335E-5
1.3295351528E-5
1.3209751341E-5
-2.5218934751E-6
2.2040761541E-5
1.3413408306E-5
2.1670688875E-5
3.0152092221E-5
3.3078272826E-5
3.1543127261E-5
2.7789431624E-5
2.4414062500E-5
1.9751407671E-5
2.3058126680E-5
2.0477222279E-5
1.4127942268E-5
2.9356242157E-5
1.9235571381E-5
9.4910734333E-6
2.6796082965E-5
2.2650766186E-5
1.6711652279E-5
2.2977881599E-5
1.3509893324E-5
2.5077699683E-5
2.2502383217E-5
2.6666175108E-5
2.1643133368E-5
2.1044490858E-5
1.7661752645E-5
1.9361777231E-5
1.9940454513E-5
2.4753413162E-5
3.1289586331E-5
3.6024115979E-5
4.1676021647E-5
3.6065734457E-5
2.0543986465E-5
1.6601139214E-5
-3.9140111767E-6
-1.1150515638E-5
4.7569395974E-6
1.0075489990E-5
3.8514088373E-5
5.5425870233E-5
5.1845354028E-5
4.2279355693E-5
2.1120358724E-5
-9.0602785349E-6
-2.2192043252E-5
-8.1251026132E-6
5.0447322428E-5
6.0118967668E-5
5.4325640668E-5
3.2621005084E-5
2.9240327421E-5
2.7629488613E-5
2.6584276929E-5
1.7239584122E-5
-3.0173570849E-6
-1.4976935927E-5
-2.7323304675E-5
4.0544895456E-6
5.5767223240E-5
9.7279145850E-5
8.0551963767E-5
3.7661346141E-5
-1.3939698692E-5
-2.1096516866E-5
-9.7127282060E-6
2.2607715800E-5
3.4635514020E-5
3.6059832200E-5
2.8145080432E-5
2.1926045883E-5
3.2288639340E-5
1.9870093092E-5
2.0576501265E-5
2.1487521007E-5
2.2802629974E-5
1.6819406301E-5
8.0690020696E-6
1.2542353943E-5
6.5219821409E-6
7.1144429967E-6
2.6767526287E-5
5.8866443578E-5
5.4592848756E-5
4.3830520008E-5
2.6504555716E-5
7.7739125118E-6
-1.3463420328E-5
-1.0169344023E-5
8.5632549599E-6
3.9690313860E-5
6.2297470868E-5
6.6810450518E-5
4.1874358430E-5
2.4414062500E-5
7.6157855803E-6
3.6259531044E-6
2.8647598810E-6
1.0647019372E-5
2.0530447363E-5
1.9046652596E-5
2.8092460706E-5
5.2352668718E-5
5.4885563441E-5
3.9963657036E-5
2.3467000574E-6
-7.7035976577E-5
-7.2048406584E-5
2.4414062500E-5
5.2003527526E-5
1.1236913270E-4
1.3084905222E-4
1.0133238975E-4
5.2859238349E-5
2.2387364879E-6
-1.7953303177E-5
-4.6082318295E-5
-3.4859403967E-5
-1.3778894208E-5
2.6320258620E-5
6.2173872721E-5
2.4414062500E-5
7.7014567798E-5
5.1074987278E-5
2.6514474302E-5
-8.9502427730E-7
-2.2266386076E-5
-2.4420663248E-5
4.7247158363E-7
1.5076214913E-5
4.3274206109E-5
5.0423410722E-5
6.1560305767E-5
4.8057234380E-5
3.8932752795E-5
1.1170015205E-5
3.2188487239E-6
-1.7439993098E-5
-7.4266339652E-6
6.3700601459E-6
2.7189985848E-5
4.7480920330E-5
5.4390844889E-5
4.5994063839E-5
4.9494008999E-5
2.8429273515E-5
9.2468922958E-6
-1.3302196749E-6
-7.9117831775E-6
5.7855271735E-6
1.6975321341E-5
2.8585526160E-5
4.4046831317E-5
4.9738574307E-5
3.6701106000E-5
3.3326505217E-5
2.3944780696E-5
9.7779207864E-6
7.9833786005E-6
4.6925852075E-7
1.6477191821E-6
2.8584443497E-5
3.1787680927E-5
4.6497455333E-5
4.3624441605E-5
3.7710566539E-5
2.2915494628E-5
9.5502124168E-6
1.0728370398E-5
2.2868043743E-6
7.1580056102E-6
1.0663073044E-5
1.2655067258E-5
3.0259788035E-5
3.9857975207E-5
3.5647547337E-5
3.3630395772E-5
2.0788691472E-5
1.5398534015E-5
6.2830047682E-6
9.5202703961E-6
1.1110329069E-5
1.4739192557E-5
2.9725581407E-5
3.3774028997E-5
3.9581255987E-5
2.9468955471E-5
2.7065502944E-5
2.4578638840E-5
7.6351803728E-6
7.5592542999E-6
1.4387152623E-5
8.5106119514E-6
1.4252355322E-5
3.1303090508E-5
3.8829981349E-5
3.5839679185E-5
3.4864398184E-5
2.6142480783E-5
1.7329026013E-5
1.9878917373E-5
1.1906016152E-5
3.2041687518E-6
1.4762545470E-5
2.3060711100E-5
3.1427235807E-5
3.5464006941E-5
2.9054377227E-5
2.6063760742E-5
2.1131546236E-5
1.4433497563E-5
1.1316349264E-5
2.1249288693E-7
1.0921282228E-5
1.6635877546E-5
2.0262191537E-5
3.2336171716E-5
4.7566194553E-5
3.8744579069E-5
3.9804971311E-5
2.8627330902E-5
1.9444455392E-5
1.1479109526E-5
2.0579993725E-5
2.9770925175E-5
4.1987653821E-5
3.3372174948E-5
2.7962157036E-5
2.7199240866E-5
2.2122939117E-5
1.4118710533E-5
5.9761339798E-6
4.7437730246E-6
5.3507741541E-6
2.1635496523E-5
3.3492071087E-5
3.9407168515E-5
4.3796887621E-5
3.5766558721E-5
2.0546454470E-5
2.1173618734E-6
-6.5527157859E-6
-2.9516522773E-6
7.2182621808E-6
2.6793999131E-5
4.3945468496E-5
4.9330329057E-5
3.4996331669E-5
2.2909732070E-5
2.4560757446E-5
7.9424120486E-6
2.2268318571E-5
1.4978612307E-5
1.3633642811E-5
2.0645663608E-5
2.0948157180E-5
2.8759834822E-5
4.6414497774E-5
2.8864631894E-5
2.9573775827E-5
2.4414062500E-5
1.3298646081E-5
1.3396271970E-5
-2.3754895664E-6
2.8989394195E-6
1.6298051923E-5
2.7245748788E-5
4.7451956198E-5
4.9063924234E-5
5.3240370471E-5
3.5345810465E-5
1.9787240307E-5
8.9303823189E-6
-1.4529912733E-6
-1.1097826064E-5
-4.9452413805E-6
1.8503365572E-5
3.9065501187E-5
5.8724125848E-5
7.4401858730E-5
6.1481364537E-5
3.9147329516E-5
3.7564081140E-6
-1.8411513883E-5
-4.4780131429E-5
-3.6397413350E-5
-5.8201607317E-6
5.2834418602E-5
1.1258082232E-4
1.5697363997E-4
1.4585484750E-4
5.4731697310E-5
-9.5713196790E-5
-4.5774376486E-5
1.3443821808E-4
1.7438677605E-4
1.3263263972E-4
5.8827851899E-5
4.6953209676E-6
-2.7179019525E-5
-2.0142679568E-5
-3.0331884044E-5
6.2717124820E-6
2.3941718973E-5
4.1163957212E-5
5.8485462797E-5
4.8029469326E-5
4.3406360782E-5
2.4970341473E-5
1.6894331202E-5
5.5712647736E-6
1.8956919666E-5
1.3580033556E-5
1.4243659098E-5
2.4760805535E-5
3.8293679244E-5
2.6576139498E-5
2.1756871137E-5
2.4035864043E-5
2.1427345927E-5
1.6410928220E-5
8.7735010312E-6
1.5916663688E-5
1.0917091277E-5
2.0401854999E-5
2.6497442740E-5
1.5675136819E-5
1.5359395184E-5
2.5212776381E-5
2.3068056907E-5
1.9687192980E-5
2.7323234826E-5
2.9532716143E-5
3.0118529684E-5
2.0773569122E-5
1.1795526370E-5
1.5935627744E-5
1.1241633911E-5
7.8702578320E-7
1.9557296764E-5
3.4773070365E-5
5.4976239335E-5
5.4894026835E-5
2.9526720754E-5
8.0395024271E-6
-3.9210077375E-6
5.5737444200E-6
2.1241325885E-5
2.4846580345E-5
2.1237472538E-5
3.6550918593E-5
3.5304692573E-5
4.2263336945E-5
3.4101447090E-5
2.3530272301E-5
4.1524996050E-6
1.1808599811E-5
1.4167511836E-5
5.4330215790E-6
8.6781918072E-6
2.2868835367E-5
3.9002567063E-5
9.0724416079E-5
9.9920504728E-5
3.6833272315E-5
-4.9664371182E-5
-7.1159366055E-5
-3.6904297303E-5
2.7679698541E-5
5.0903542433E-5
6.8711489440E-5
4.6438933350E-5
2.9813894070E-5
9.0289162473E-6
7.1292975918E-6
7.1345595644E-6
1.9887322560E-5
2.0600063726E-5
2.4957454297E-5
1.7837341875E-5
1.7812906299E-5
2.2154161706E-5
3.0690350103E-5
2.8770323842E-5
3.6977406125E-5
3.0101486481E-5
2.9822404030E-5
1.3800244778E-5
-1.0486436076E-5
-4.7793146225E-7
4.4886954129E-6
3.8543238770E-5
4.4954463374E-5
5.8073725086E-5
5.8514112607E-5
3.3145165071E-5
-9.5263705589E-6
-2.1238974295E-5
-4.6858214773E-6
9.6789794043E-6
2.5944877415E-5
3.6720908247E-5
4.0061143226E-5
3.9640581235E-5
4.1508767753E-5
3.5831250715E-5
2.9975955839E-5
2.4924438912E-5
1.6302324366E-5
7.7527598479E-6
1.3864133507E-6
8.6533371361E-6
3.4718227107E-5
7.3581782637E-5
8.2346936691E-5
5.5412552320E-5
-3.7135859019E-5
-1.0697230464E-4
-8.7228545456E-5
-3.0262197833E-5
2.5758473202E-5
8.8343978862E-5
1.0191951879E-4
1.0272003710E-4
6.6648190843E-5
2.7844111900E-5
-1.2489967048E-6
-3.2244226895E-5
-3.6465411540E-5
-2.1298555657E-5
8.4262806923E-6
4.4020975474E-5
6.0252100230E-5
6.6942942796E-5
5.8637349867E-5
3.6369962617E-5
1.5695113689E-5
-1.2807652820E-5
-1.6818568110E-5
-1.0602327529E-5
-3.0922936276E-6
1.6616145149E-5
4.6666315757E-5
5.0053279847E-5
5.4458796512E-5
5.5154366419E-5
2.9229186474E-5
1.5632400755E-5
2.7645844966E-6
-5.7225697674E-6
1.0297517292E-5
1.4076288789E-5
2.5550846475E-5
4.5854959171E-5
4.5035954099E-5
4.6102260239E-5
3.4112785942E-5
2.8179539367E-5
7.7181495727E-6
3.6416924558E-6
-8.0069759861E-6
8.3681428806E-6
1.7282448243E-5
3.2662821467E-5
3.9263907819E-5
4.6118756290E-5
4.5319064520E-5
2.8707052114E-5
1.9211065955E-5
1.0945159011E-5
1.3221718837E-5
9.6081639640E-6
1.0451918934E-5
3.1639717053E-5
3.4170935395E-5
4.1541748214E-5
3.7008116487E-5
3.7625979166E-5
1.8422841094E-5
8.7455613539E-6
1.0588252917E-5
8.0865691416E-6
1.1427619029E-5
1.8259009812E-5
3.6989338695E-5
4.4988293666E-5
4.1445193346E-5
3.7271343171E-5
2.9996817465E-5
2.2636249195E-5
6.3127721660E-6
1.1089700274E-5
8.8196829894E-6
2.0751683041E-5
2.5770149659E-5
2.9113015625E-5
2.7271069120E-5
3.1377573031E-5
3.7154718302E-5
2.7918221894E-5
2.2930884733E-5
1.2890913058E-5
7.7730626800E-6
8.9112436400E-6
2.6401272043E-5
2.1880120038E-5
3.4180935472E-5
3.6907219327E-5
3.5747210494E-5
3.4007604699E-5
3.0484120361E-5
2.2778089624E-5
8.8445842267E-6
1.2781808619E-5
1.3709545601E-5
1.3437983580E-5
1.7335021403E-5
3.4283322747E-5
4.7612201888E-5
4.4799712486E-5
3.4801731817E-5
2.8116640168E-5
1.3498938643E-5
1.1717271991E-5
1.5927548520E-5
3.0537450219E-5
3.5009777638E-5
4.6867958735E-5
4.0692521724E-5
2.1492876112E-5
2.1100288722E-5
5.4060365074E-6
8.6010782980E-6
-4.1714054532E-6
1.1305243243E-5
3.0475424136E-5
2.7385342400E-5
3.8041733205E-5
4.5763910748E-5
3.0299054924E-5
2.4732260499E-5
1.0151788592E-5
6.6776992753E-7
1.2344215065E-6
4.2864354327E-6
2.6934524066E-5
3.1444139312E-5
3.2191339414E-5
3.4962873905E-5
3.9755029137E-5
1.9532185979E-5
2.1157611627E-5
7.1572139860E-6
9.7100855782E-7
-7.7051809058E-7
4.6387431212E-6
2.3164181038E-5
3.9702048525E-5
4.7374388669E-5
5.3916708566E-5
5.0065247342E-5
2.5861128233E-5
-5.9959129430E-6
-1.7549225595E-5
3.0898419208E-5
4.1313678957E-5
3.1669030431E-5
3.2251328229E-5
2.7945952024E-5
3.0558079015E-5
3.6758498754E-5
3.8201175630E-5
1.8591852858E-5
8.1102014520E-6
1.7381506041E-6
1.3589428272E-5
4.2518251576E-6
2.6060745585E-5
3.3272255677E-5
4.7579267993E-5
6.1044632458E-5
4.2530777864E-5
3.4840963780E-5
1.2447300833E-5
-4.1152932681E-6
-1.4026742428E-5
-8.1190722994E-6
1.5016412362E-6
4.3402472511E-5
7.4613199106E-5
8.1297860017E-5
8.8933599184E-5
6.5924040975E-5
2.8378923889E-5
-3.9051123895E-5
-8.8842445985E-5
-1.0135554476E-4
-4.2930012569E-5
7.6842971613E-5
1.7242883332E-4
7.2187604384E-5
-1.1649917578E-4
-1.5522732865E-4
-5.8704253752E-5
1.6733014490E-5
8.5206516089E-5
9.5962150956E-5
1.0029163677E-4
6.0844153632E-5
1.4477490913E-5
-5.0363829360E-6
-1.5652796719E-5
-8.1635662355E-6
1.9241357222E-6
1.8542003818E-5
3.5793695133E-5
3.9934529923E-5
4.9958843738E-5
4.4917617924E-5
3.5456591285E-5
2.2189144511E-5
8.4089348093E-6
9.8869670184E-6
8.1070815214E-6
4.5709544793E-6
1.1554372031E-5
2.5782652664E-5
2.2524886298E-5
3.1903304625E-5
2.5034311693E-5
2.7495715766E-5
2.0195869729E-5
2.1004339214E-5
2.5509449187E-5
1.7575034872E-5
2.7475913520E-5
2.7480907738E-5
1.0745506734E-5
1.3155362103E-5
2.8211798052E-5
3.1735759693E-5
4.0381832513E-5
4.6329747419E-5
3.0074059031E-5
1.2986571528E-5
1.4259223826E-5
1.1936575174E-5
1.2576277368E-5
1.9639381207E-5
3.2194284722E-5
3.0278053599E-5
3.1521415803E-5
2.9725651256E-5
2.4296634364E-5
2.2825004998E-5
3.0008540488E-5
2.9927014838E-5
2.0380469504E-5
1.1471426114E-5
1.3677706011E-5
1.1248653755E-5
2.7701409999E-5
3.6712945438E-5
5.2561168559E-5
6.0111656785E-5
4.9603474327E-5
2.1419301629E-5
-3.5799900069E-5
-4.9034529366E-5
-3.6161427851E-5
4.3897458817E-5
9.1568590144E-5
9.2019978913E-5
4.2908417526E-5
1.6211753245E-5
-9.6449977718E-6
-6.8998080678E-6
-1.2859702110E-6
1.1551845819E-5
3.6377226933E-5
3.7064647767E-5
2.8467224910E-5
3.1922280322E-5
3.2989622559E-5
2.6776175945E-5
2.2844504564E-5
2.1570269018E-5
1.1650100350E-5
1.9771582447E-5
1.3129471336E-5
1.7643219326E-5
1.7629191279E-5
2.4357403162E-5
2.8837658464E-5
4.1094899643E-5
5.4357899353E-5
4.3874746188E-5
2.1287822164E-5
3.8599595427E-6
-2.6016205083E-5
-1.4330842532E-6
3.0889629851E-5
6.1314599589E-5
6.1109347736E-5
4.8749719281E-5
3.1543604563E-5
1.4390400611E-5
6.8847904914E-6
3.5795499571E-6
1.4977692626E-5
1.7289910465E-5
2.2640114184E-5
3.0477729159E-5
2.8566701802E-5
2.9777293093E-5
3.2652937806E-5
3.5358639433E-5
3.8851692806E-5
2.5559344794E-5
1.4100305270E-5
1.3894902077E-5
-1.1016475037E-5
-1.3649370521E-5
-8.4381783382E-6
7.1621197278E-5
1.5494088875E-4
1.0873242282E-4
-2.0846561528E-5
-8.9132774158E-5
-9.0732227548E-5
-4.9742404372E-5
2.7913600206E-6
5.4226175416E-5
8.2233618016E-5
8.9252076581E-5
7.3944462931E-5
4.7258171253E-5
1.3300008141E-5
-8.4493542090E-6
-2.4689675774E-5
-1.5966384671E-5
1.2605101801E-6
3.0025932937E-5
4.9440935254E-5
6.7160930485E-5
6.2258192339E-5
4.4622796121E-5
2.8702022973E-5
4.3231993913E-6
-6.6719367169E-6
-9.7557087429E-6
2.2821128368E-6
1.7388327978E-5
2.9302493202E-5
4.3141120113E-5
5.4408016149E-5
4.0828867350E-5
3.5975687205E-5
2.2993539459E-5
2.3881206289E-6
3.6857672967E-6
8.9868553915E-6
1.6972492449E-5
1.3991771266E-5
3.6180624737E-5
4.9965351354E-5
4.2600685265E-5
3.6708475090E-5
3.4278980455E-5
1.8992717378E-5
4.6308268793E-6
2.0359526388E-6
8.5342442618E-6
2.2776518016E-5
3.7190353031E-5
3.2795639708E-5
4.9069523811E-5
4.3870264199E-5
3.3189728855E-5
2.6930496096E-5
1.3146817219E-5
8.9970766568E-6
6.9375499152E-6
8.1620644779E-6
2.1077250130E-5
3.5972206387E-5
3.5478780045E-5
3.8996490184E-5
3.0702701769E-5
3.2080116215E-5
2.2941851056E-5
1.5882356092E-5
9.4802933746E-6
9.1533642262E-6
2.0893325563E-5
2.8971279971E-5
2.9769039246E-5
3.9355899207E-5
3.1781254801E-5
4.4653529767E-5
2.9320979955E-5
2.2799265570E-5
8.5621490144E-6
1.0426156222E-7
-1.6609905288E-6
1.9917462487E-5
3.3172999974E-5
4.9947830848E-5
2.8612196910E-5
3.6878231912E-5
3.5721587482E-5
1.6561138909E-5
2.2641476243E-5
1.1956226081E-5
1.6426411457E-5
1.4784699306E-5
2.3133761714E-5
2.4196691811E-5
3.5424262750E-5
3.3414654899E-5
4.0327047463E-5
3.9032415952E-5
3.2893847673E-5
1.9059947226E-5
1.8641829956E-5
1.5347695444E-5
1.8744322005E-5
3.4206616692E-5
3.5151804331E-5
4.3376442045E-5
3.1185906845E-5
3.3229822292E-5
2.1968921646E-5
4.0452461690E-6
-4.0738377720E-6
1.0816147551E-5
1.6687973402E-5
3.7450762465E-5
4.3041142635E-5
4.0780310519E-5
3.5916292108E-5
2.3143040016E-5
1.1364801321E-5
-2.4117995054E-6
-8.2016107626E-6
6.0094520450E-6
1.8223468214E-5
3.6474666557E-5
3.7577736656E-5
3.1769159249E-5
2.9242935124E-5
2.2752000950E-5
1.3550138101E-5
7.0404843428E-6
7.1721500718E-6
1.0916334577E-5
1.2980529573E-5
1.5304028057E-5
3.2072933390E-5
4.0778424590E-5
4.0878797881E-5
3.0014000366E-5
2.8530939016E-5
1.4853861649E-5
-1.6396050342E-6
-5.2289105953E-7
2.4833367206E-6
9.8069664091E-6
3.2967422157E-5
5.3688441403E-5
5.5901892483E-5
5.2381353453E-5
4.0172878653E-5
1.2921623420E-5
-8.7075168267E-6
-2.6371027342E-5
-1.8503970932E-5
1.2595509179E-5
6.1413540971E-5
4.4791924302E-5
3.7806818727E-5
3.3958896528E-5
2.9233389067E-5
2.6706058997E-5
1.0687741451E-5
5.6457589381E-6
5.0088507124E-6
-1.3593467884E-6
1.4335731976E-5
3.3467088360E-5
4.9990788102E-5
7.3912169321E-5
7.4654573110E-5
4.6596245375E-5
2.5758449919E-5
-9.3499780632E-6
-3.7112855352E-5
-5.1005138085E-5
-3.1373358797E-5
8.3135440946E-6
7.9997105061E-5
1.4274347341E-4
1.5587505186E-4
1.1958269170E-4
2.5745329912E-5
-1.1913988273E-4
-8.0493011049E-5
1.0215027724E-4
2.1595308790E-4
1.4362155925E-4
5.6797172874E-5
-2.1997571457E-5
-5.6304468308E-5
-5.3003639915E-5
-2.8206547722E-5
3.0490220524E-6
3.5632052458E-5
6.8404071501E-5
6.0263939668E-5
5.3726520855E-5
4.1585392318E-5
1.9625783898E-5
1.9613769837E-6
-4.5235618018E-6
6.0617458068E-8
1.6372755635E-5
2.2033858113E-5
3.4466187935E-5
2.8138805645E-5
4.4239184353E-5
3.5658816341E-5
3.5766302607E-5
2.4299765936E-5
2.0868657156E-5
1.7696432769E-5
1.1374661699E-5
1.1524115689E-5
1.0750407819E-5
8.9866458439E-6
2.1848152391E-5
2.3007171694E-5
3.3212825655E-5
4.7906849068E-5
3.1560612842E-5
2.8108607511E-5
7.2629540228E-6
7.3613715359E-6
1.6670092009E-5
2.4628813844E-5
2.7737522031E-5
3.2517174258E-5
3.3956253900E-5
2.2865470964E-5
1.8847675528E-5
2.1364551503E-5
1.6304256860E-5
1.3831444085E-5
2.4632865097E-5
1.9367679488E-5
1.5675951727E-5
2.4031032808E-5
2.1614355501E-5
2.4392013438E-5
2.6520853861E-5
3.5896711051E-5
3.3455365337E-5
3.3321662339E-5
3.3665960654E-5
1.0521360673E-5
-2.5257782544E-5
-1.9833189435E-5
1.1159933638E-5
4.2744993698E-5
6.4129172825E-5
5.7383568492E-5
5.0855532754E-5
3.3593201078E-5
7.4998359196E-6
-1.8042197916E-5
-1.4309631660E-5
1.3667158783E-5
3.3342640381E-5
4.6495406423E-5
5.0522189122E-5
3.2909435685E-5
2.8880452736E-5
2.2247550077E-5
2.1664146334E-5
1.8865976017E-5
4.3527688831E-6
1.3616646174E-5
1.9392871763E-5
1.7255300190E-5
3.2186973839E-5
3.5754626150E-5
4.1208928450E-5
3.5376742016E-5
3.4595536999E-5
1.7706071958E-5
1.9705889281E-5
2.0778039470E-6
3.8394820876E-6
-5.7763769292E-6
3.1154695897E-5
6.1370758340E-5
7.3979469018E-5
4.9867178313E-5
1.2796767987E-5
-1.6018329188E-5
-1.7065426800E-5
7.6893367805E-6
1.9507249817E-5
3.4260202664E-5
3.8845092058E-5
5.4395582993E-5
3.8524460978E-5
2.9368081594E-5
2.4414062500E-5
1.6088830307E-5
2.2361171431E-5
1.6838335432E-5
1.2441049330E-5
1.9198912196E-5
2.4146225768E-5
3.7839799188E-5
2.7847557793E-5
2.8117455075E-5
3.6886415909E-5
3.6875554360E-5
3.1137804034E-5
4.0168873965E-5
3.6279624327E-5
1.0361452587E-5
-4.0513067506E-5
-7.9780269882E-5
1.7632835079E-5
1.6214224743E-4
1.5124107012E-4
1.9615818746E-5
-5.1728414838E-5
-6.9160747809E-5
-4.6571460553E-5
-1.2252642773E-5
2.2303534205E-5
6.7192944699E-5
7.9124269544E-5
7.8260444573E-5
6.0017756187E-5
3.0102510936E-5
-3.7665246054E-6
-1.0453327559E-5
-8.2902377472E-6
6.5251952037E-7
1.7088092863E-5
3.6273594014E-5
5.1920185797E-5
5.5240991060E-5
5.2912614774E-5
4.3759623076E-5
1.9138911739E-5
1.0982179083E-5
-1.2271455489E-6
-3.5099568777E-6
8.7828957476E-6
1.3000075705E-5
4.2237853631E-5
5.2051618696E-5
4.2535969987E-5
4.2469112668E-5
2.5960628408E-5
1.0630453471E-5
6.4342748374E-6
4.1777850129E-6
9.1069610790E-6
1.4187046327E-5
2.5268795434E-5
3.4599239006E-5
3.8563704583E-5
4.0981825440E-5
2.7402851264E-5
2.6706047355E-5
1.5824881848E-5
8.3746388556E-6
1.1342240032E-5
1.5593855642E-5
1.8385553267E-5
3.1858601141E-5
3.3901166170E-5
4.3575349264E-5
3.7147756665E-5
2.5719846598E-5
2.4100078735E-5
1.3564387336E-5
6.0172518716E-6
1.3436889276E-5
1.7196545377E-5
2.7355167548E-5
3.1092262360E-5
3.0628510284E-5
3.7459738086E-5
3.1622464302E-5
3.6364782135E-5
1.6458088066E-5
1.1225847993E-5
1.0475318413E-5
7.7973352746E-6
5.2473624238E-6
3.1596713233E-5
3.1589192803E-5
4.6041375026E-5
4.2635411956E-5
4.0047150105E-5
2.5016500148E-5
1.7988693435E-5
9.5942523330E-7
6.1453320087E-7
6.3361716457E-6
1.7056323122E-5
3.4801487344E-5
4.3594453017E-5
5.4717226886E-5
4.0507165249E-5
1.4913245104E-5
2.3185065947E-5
1.4150422067E-5
1.0653259233E-5
2.0451331511E-5
2.0978553220E-5
3.4848379436E-5
3.4700462129E-5
4.1204446461E-5
3.0340556985E-5
1.9224046264E-5
8.3656166681E-6
-1.2901728042E-6
1.6065512318E-5
1.2137915473E-5
2.1551072132E-5
2.4888722691E-5
3.8713496178E-5
4.1781971231E-5
3.6601489409E-5
2.4924369063E-5
9.6668372862E-6
-2.6426976547E-6
-1.2497673742E-5
6.0442020185E-6
1.8674891907E-5
2.2890663239E-5
2.7049437630E-5
5.0948397257E-5
2.8634141198E-5
1.8368323799E-5
1.4803826343E-5
1.8248881679E-5
8.7787280791E-6
4.8193964176E-6
1.9272055942E-5
1.8148624804E-5
3.5341549664E-5
3.3188692759E-5
3.5512412432E-5
2.7254852465E-5
2.3505091667E-5
2.0736246370E-5
7.3488336057E-6
5.2753719501E-6
1.1955737137E-6
1.7547060270E-5
2.1632306743E-5
4.4204725418E-5
4.5683723874E-5
4.5027665328E-5
3.5967340227E-5
2.0155950915E-5
1.0014290456E-5
-6.6908192821E-6
4.2907427997E-6
3.0441791750E-6
1.1813978199E-5
3.6438030656E-5
5.4934283253E-5
6.5220531543E-5
5.5751309265E-5
2.5566993281E-5
6.1962869950E-6
-2.3230444639E-5
-3.2208755146E-5
-2.7279031928E-5
1.4674360864E-5
6.3567189501E-5
6.6337315367E-5
4.0068232920E-5
2.7972902170E-5
2.7941691223E-5
1.8692470621E-5
1.6879290342E-6
-1.9639998208E-5
-2.0055135246E-5
3.2987445593E-7
2.8625677805E-5
5.7836936321E-5
6.8957603073E-5
8.9447456414E-5
8.1440084616E-5
4.4579838868E-5
-1.7436710186E-5
-6.7448127084E-5
-1.1463331757E-4
-1.0576028144E-4
6.6518550739E-6
1.5150473919E-4
1.0630881880E-4
-8.5891503843E-5
-1.6920190538E-4
-1.0218335083E-4
-3.5007658880E-5
3.8545473944E-5
7.2200351862E-5
1.0345308110E-4
7.3785008865E-5
5.0131604076E-5
1.7088104505E-5
2.6477733627E-6
-1.4799181372E-5
-1.9792246166E-5
1.0422198102E-6
1.2144399807E-5
3.7061702459E-5
4.9016182311E-5
5.3329893854E-5
4.7721993178E-5
3.3375131897E-5
2.0915316417E-5
1.1476699729E-5
3.5886070691E-6
3.3333431929E-6
1.2502784375E-5
1.8351606559E-5
2.6194634847E-5
3.7470238748E-5
3.2888515852E-5
4.0215486660E-5
3.0399160459E-5
2.6760296896E-5
2.1288450807E-5
1.1494185310E-5
1.1410214938E-6
9.0554822236E-6
1.9765668548E-5
3.5211397334E-5
3.4756690729E-5
4.0391623042E-5
3.4707656595E-5
3.1931896228E-5
1.6180286184E-5
1.9044161308E-5
7.7513395809E-6
9.6498173662E-6
1.2056634296E-5
2.7879583649E-5
3.5839388146E-5
2.4970632511E-5
2.7105328626E-5
2.3316242732E-5
2.2762222215E-5
2.2252206690E-5
1.9825552590E-5
1.7376744654E-5
1.9028119277E-5
1.1892861221E-5
-1.7376034521E-6
1.3049389236E-5
2.6911951135E-5
5.0604110584E-5
5.7810894214E-5
3.9780384395E-5
1.6125536058E-5
5.1015871577E-6
1.3048236724E-5
1.1701486074E-5
2.2416771389E-5
1.1279550381E-5
1.1499761604E-5
1.9441265613E-5
3.1773908994E-5
4.7939340584E-5
4.6879367437E-5
2.7062988374E-5
-1.1726142839E-5
-7.1128713899E-6
-5.1304232328E-8
2.3254216648E-5
3.7577655166E-5
3.7790380884E-5
3.2859726343E-5
3.4639472141E-5
2.7335702907E-5
2.6973907369E-5
1.7898587975E-5
1.2753834017E-5
1.4166394249E-5
1.1717819143E-5
1.8831330817E-5
1.7935759388E-5
3.2487278804E-5
4.8739672638E-5
5.3944031243E-5
4.7201057896E-5
1.7050851602E-5
-1.9884889479E-5
-3.5950611345E-5
-5.9651909396E-6
2.8443615883E-5
5.1914458163E-5
5.4161704611E-5
5.5511249230E-5
2.8206349816E-5
2.0407605916E-5
6.4926687629E-6
2.0206440240E-6
-6.8756169640E-6
1.4977261890E-5
2.4060008581E-5
3.0525599140E-5
4.1907688137E-5
3.5947235301E-5
4.2059028055E-5
3.5836710594E-5
1.6559858341E-5
1.2700224761E-5
1.1115986854E-5
1.5016726684E-5
2.2035941947E-5
1.3485702220E-5
1.8806336447E-5
2.5657855439E-5
3.1165848485E-5
3.1173683237E-5
3.4324650186E-5
4.9053388648E-5
6.6256115680E-5
6.6793931184E-5
3.4340214915E-5
-1.7589842900E-5
-1.1364362436E-4
5.6148390286E-6
1.7525432631E-4
1.5335457865E-4
5.9281277937E-5
-9.2850183136E-6
-3.6582851316E-5
-4.2246014345E-5
-2.4872296489E-5
3.0100345612E-6
3.5519141238E-5
6.6531728954E-5
6.8413105329E-5
6.6763011275E-5
4.1637930553E-5
1.6539636999E-5
-6.8267108875E-7
-8.2297017798E-6
-8.7691121735E-6
1.2853532098E-6
1.0527553968E-5
4.4614111539E-5
4.8785086256E-5
4.7219311818E-5
3.4163240343E-5
2.4948059580E-5
1.3419589959E-5
3.3528078348E-6
3.4483033232E-6
8.4668397904E-6
1.1144485325E-5
2.8866704087E-5
3.6269309930E-5
4.4741656165E-5
4.3236196506E-5
3.4887401852E-5
1.5994173009E-5
1.9907066598E-5
4.0023238398E-6
2.0414241589E-6
8.1791309641E-6
1.2763484847E-5
3.6315736360E-5
3.8058601785E-5
3.2722949981E-5
3.5012804437E-5
2.6231876108E-5
2.2421171888E-5
1.7699447926E-5
3.2639363780E-7
1.0993797332E-6
2.6157416868E-5
1.8750166055E-5
3.8410711567E-5
3.5090174059E-5
3.0898966360E-5
3.0036200768E-5
3.0181428882E-5
1.8796930089E-5
1.4329375699E-5
3.7167104892E-6
1.5574740246E-5
1.7701007891E-5
2.1202187054E-5
3.0277506447E-5
3.3361860550E-5
3.7638994399E-5
2.9643625020E-5
1.9188132137E-5
2.8635561465E-5
1.6429100651E-5
1.2788665481E-5
8.7459106000E-6
1.1041294783E-5
2.9379199258E-5
3.7926249205E-5
3.6587985232E-5
3.0867848544E-5
3.8013781886E-5
3.2617908436E-5
1.8624484073E-5
1.1427374557E-5
2.2518134210E-5
2.8279109392E-5
3.4165405668E-5
2.4324934929E-5
3.0577252618E-5
2.8234405908E-5
2.7314038015E-5
7.5844931417E-6
-1.1689611711E-6
8.7489606813E-6
1.0196352378E-5
2.4975824635E-5
3.0290405265E-5
4.7378300223E-5
3.7601520307E-5
3.9068202022E-5
3.5283749457E-5
1.1580693536E-5
2.0658131688E-6
1.6004429199E-6
8.7496009655E-6
1.8604204524E-5
3.1917204614E-5
3.7445779889E-5
3.9525388274E-5
4.4789502863E-5
2.8984039090E-5
1.0622618720E-5
4.0884129703E-6
-1.6203499399E-5
-1.0311603546E-6
2.6292889378E-5
3.1769333872E-5
3.9755483158E-5
3.5682076122E-5
2.4655368178E-5
2.9415555763E-5
2.3023691028E-5
1.1843128596E-5
3.8146157749E-6
1.3756297994E-5
8.7457592600E-6
1.7777516041E-5
3.0423211864E-5
2.8405280317E-5
4.8967101611E-5
4.7018739861E-5
3.9948802441E-5
2.1948001813E-5
5.1144976169E-6
2.3465720005E-6
-5.2880495787E-6
8.3943246865E-6
2.4231406860E-5
3.9840617682E-5
5.6330696680E-5
6.0278724414E-5
4.1093828622E-5
2.7626706287E-5
1.3534422033E-5
-1.1121854186E-5
-5.9247715399E-6
-1.2496125419E-5
5.4382020608E-6
4.0250760502E-5
6.6320120824E-5
7.2184647435E-5
7.5864000248E-5
5.2303692792E-5
1.5769270249E-5
-2.4281186051E-5
-6.1604508666E-5
-4.5475794468E-5
1.4621589799E-5
5.8801344131E-5
6.1611377169E-5
6.5446621740E-5
5.8455485851E-5
5.0105282571E-5
3.4829881042E-5
-5.8650970459E-6
-2.8035521972E-5
-4.4391350821E-5
-3.8242654409E-5
-6.5693049692E-6
3.8967712316E-5
1.3580733212E-4
2.0517007215E-4
1.1908047600E-4
-7.2589132471E-5
-1.3321250444E-4
-3.1524104995E-7
1.4757567551E-4
1.7650659429E-4
1.4297800371E-4
8.4769143725E-5
1.7762323841E-5
-2.9772357084E-5
-4.9762648996E-5
-4.3782033026E-5
-2.0011712331E-5
1.7580424901E-5
4.4903927483E-5
6.7018088886E-5
6.8474723959E-5
4.8635399435E-5
3.3709453418E-5
1.0477972683E-5
5.2099348978E-6
-7.3354458436E-7
-2.3641390726E-6
5.9273792431E-6
1.2150243856E-5
2.3283681366E-5
4.3357315007E-5
3.9938767440E-5
4.4608523604E-5
4.0328421164E-5
2.5092100258E-5
3.3117830753E-6
1.0142335668E-6
-2.5162007660E-6
9.9811353721E-6
2.2328295744E-5
3.7066859658E-5
3.8000568747E-5
4.3191772420E-5
3.5286962520E-5
1.8082815222E-5
2.0209338981E-5
1.4520995319E-5
4.3013831601E-6
1.6568205319E-5
1.8369348254E-5
2.2942840587E-5
3.5737780853E-5
4.4571398757E-5
2.3557792883E-5
2.8990348800E-5
1.7517246306E-5
1.9354908727E-5
1.0323780589E-5
1.5006784815E-5
1.6230391338E-6
2.3756350856E-5
2.3967132437E-5
1.8769979942E-5
2.6412995066E-5
4.2071274947E-5
4.8285268713E-5
3.5070034209E-5
6.5786065534E-6
-6.6806212999E-6
-1.0880338959E-5
2.8204056434E-6
2.3674056865E-5
3.1673582270E-5
2.5355699471E-5
2.7130870148E-5
2.4224910884E-5
1.9738392439E-5
1.8338079098E-5
2.5513907894E-5
1.8260162324E-5
2.1549011580E-5
2.1320860833E-5
1.2207194231E-6
7.5600692072E-6
1.0333454702E-5
2.2970372811E-5
4.8642931506E-5
5.8025727049E-5
4.0560413617E-5
6.2171020545E-6
-1.1752871796E-5
1.0454095901E-8
5.9773563408E-6
2.9826932586E-5
2.3977097589E-5
3.1191110610E-5
3.9527670014E-5
3.4998205955E-5
3.8071104790E-5
2.8612173627E-5
3.1177501659E-5
-1.0836182628E-5
-1.7139560077E-5
2.7972972020E-6
4.2553094681E-5
6.5961678048E-5
7.2942103727E-5
4.2712688445E-5
2.8909975662E-5
-2.4596229195E-7
-5.1388400607E-6
-9.0310466476E-6
1.6006792430E-5
1.9816926215E-5
3.5470526199E-5
3.8346112705E-5
4.5362033415E-5
3.8435508030E-5
2.1216692403E-5
1.9097665790E-5
3.9759674110E-6
9.1633992270E-6
6.8643479609E-6
1.4334206935E-5
3.7502218037E-5
4.0154310408E-5
4.2474910150E-5
4.0675338822E-5
2.6098929811E-5
1.8800364341E-5
1.8540874589E-5
1.9484502263E-5
1.8855917733E-5
2.0517501979E-5
2.0173669327E-5
2.2724631708E-5
7.0749898442E-6
1.6645365395E-5
1.0069552809E-5
2.6821333449E-5
4.3008173816E-5
5.9435225558E-5
7.0419861005E-5
5.8209232522E-5
4.3891835958E-6
-9.1776461343E-5
6.2922248617E-6
2.4414062500E-5
1.3259532861E-4
7.6187273955E-5
1.7039012164E-5
2.4414062500E-5
-4.1417405009E-5
-2.6719039305E-5
-2.0008569117E-5
2.0788051188E-5
3.9033708162E-5
5.0807057415E-5
6.0535396916E-5
3.7919753231E-5
3.4209329168E-5
1.4227419160E-5
-2.3606698960E-6
-1.2681121007E-5
6.8428693340E-6
1.6936042812E-5
3.0315713956E-5
3.2684043980E-5
4.9535476137E-5
4.1070126462E-5
3.9770908187E-5
2.6167742907E-5
1.4799449127E-5
4.0919985618E-8
7.3027797044E-6
2.2909254766E-5
2.4070555810E-5
3.5458710044E-5
3.9066211320E-5
3.8337043952E-5
3.4427980426E-5
3.3006933517E-5
2.0785303786E-5
1.2729607988E-5
1.1282856576E-5
1.4734664001E-5
1.2204539962E-5
2.0314089488E-5
3.9843830745E-5
3.9036641828E-5
4.1332026012E-5
3.5121478139E-5
3.4400704316E-5
1.7031072639E-5
1.2408569455E-5
6.5816915594E-6
1.2389034964E-5
2.4147308431E-5
2.1686533000E-5
3.3916311804E-5
2.9110349714E-5
3.6868022288E-5
3.9860163815E-5
2.3336755111E-5
1.7890089657E-5
1.2100010645E-5
8.5808220320E-6
1.4785421081E-5
2.3936678189E-5
3.1518831383E-5
3.5182572901E-5
3.6450137849E-5
4.1692180093E-5
3.3080799039E-5
2.2013182752E-5
9.8876073026E-6
6.4797815867E-6
2.0463112741E-5
2.5257805827E-5
2.9700377490E-5
4.2652979028E-5
3.9054139051E-5
2.4960981681E-5
1.4439050574E-5
1.5318905935E-5
1.5139463357E-6
8.6249201559E-6
1.5270989388E-5
1.9328331109E-5
3.9089890196E-5
4.5640137978E-5
3.3994496334E-5
2.9558117966E-5
2.2684445139E-5
7.8268582002E-6
-3.2354611904E-6
9.9211814813E-6
2.1155935246E-5
9.5108989627E-6
2.4117156863E-5
4.7729047947E-5
3.9605458732E-5
3.5744975320E-5
3.7732697092E-5
1.6963831149E-5
1.3573386241E-5
2.4671317078E-6
-3.1727482565E-6
9.5443567262E-6
2.8999394271E-5
4.0124938823E-5
5.6021683850E-5
3.7715525831E-5
1.8643424846E-5
8.7405904197E-6
1.7681659665E-5
1.5732715838E-5
1.3811141253E-5
1.3182091061E-5
2.4047249462E-5
3.2372167333E-5
3.0454166699E-5
4.1872868314E-5
5.0945358817E-5
3.1679333187E-5
1.3257074170E-5
9.9856057205E-6
-1.1813244782E-6
4.8240297474E-6
1.1933129281E-5
2.3387873079E-5
4.0957808960E-5
4.8722862266E-5
5.4931372870E-5
5.4752733559E-5
2.9495742637E-5
2.0636990666E-5
-2.7794856578E-6
-5.6614982896E-6
-2.7465750464E-6
2.5352928787E-5
2.7968536596E-5
5.7377968915E-5
6.6665769556E-5
6.8080215716E-5
4.0814979001E-5
2.4128879886E-5
-1.5596160665E-6
-2.2809824440E-5
-2.0517152734E-5
-2.5256932712E-5
1.4095450752E-5
6.2826438808E-5
8.9855352419E-5
1.1288049864E-4
8.6020829624E-5
3.3509964123E-5
-2.0780507475E-5
-5.0480721985E-5
-3.9321638178E-5
-2.2034090943E-5
7.0473761299E-6
5.0266634207E-5
1.0757362470E-4
1.3463369105E-4
1.0784419719E-4
5.1422382240E-5
-3.6191800609E-5
-1.4215926639E-4
-4.2981584557E-5
1.3367598876E-4
2.5199095253E-4
1.6261730343E-4
3.5168416797E-5
-6.3921487891E-5
-9.3947781718E-5
-8.4323447666E-5
-3.5419082269E-5
1.4127010945E-5
5.2522984334E-5
8.7292992977E-5
7.7044148932E-5
7.3026120665E-5
3.5807408857E-5
2.2303953301E-5
-5.0384318456E-6
-1.9068422261E-5
-4.8096524552E-6
1.3167166617E-5
1.7451099120E-5
4.3027312495E-5
4.8808509018E-5
5.1626574714E-5
4.2489008046E-5
3.7887785584E-5
1.4197628480E-5
1.0143849067E-6
-9.8368269391E-6
-5.3353141993E-6
1.3630499598E-5
2.2448564414E-5
3.8157729431E-5
4.8546015750E-5
4.7004898079E-5
4.0555186569E-5
2.8156943153E-5
1.7688528169E-5
1.1813826859E-6
1.7088837922E-6
1.0288041085E-5
2.3118592798E-5
2.7716718613E-5
3.7666095886E-5
3.7109677214E-5
3.4361472352E-5
2.6125065050E-5
1.7506361473E-5
1.0120542720E-5
5.2043702453E-6
1.6010960098E-5
1.6253301874E-5
2.2852048277E-5
2.6449118740E-5
2.7654040604E-5
2.6310281827E-5
3.7493812851E-5
3.9875169750E-5
2.3054587655E-5
1.3526563998E-5
5.5263866671E-6
-8.3740684204E-6
-3.7182006054E-6
2.2769591305E-5
4.0954223368E-5
4.3837388511E-5
4.0629284921E-5
3.3069553319E-5
2.5108607951E-5
1.7248454969E-5
6.8915775047E-6
2.2924982476E-5
1.9034126307E-5
2.3424380924E-5
2.2616540081E-5
3.0118983704E-5
2.1229370031E-5
2.8012949041E-5
3.1525595113E-5
2.6846758555E-5
3.0096177942E-5
1.8443784211E-5
2.0847539417E-5
1.4279806055E-5
1.7383345403E-5
1.7230596859E-5
2.5043403729E-5
2.2424722555E-5
2.9804534278E-5
4.4349743984E-5
4.6572263818E-5
3.7401565350E-5
1.0320846923E-5
-5.5825454183E-6
3.0949711799E-6
1.0317144916E-5
7.2613125668E-6
2.7120404410E-5
5.4953363724E-5
7.4722862339E-5
4.3936795555E-5
-3.5985140133E-7
-3.0546938069E-5
-2.3710133973E-5
-3.8526486605E-6
1.9166094716E-5
2.2167281713E-5
5.6007888634E-5
5.9458240867E-5
4.5349157881E-5
2.8491951524E-5
9.0052839370E-6
1.7791986466E-6
-1.1953059584E-6
-7.4544223026E-7
1.3159157243E-5
3.5656150430E-5
4.3464102782E-5
4.4138194061E-5
4.5993353706E-5
2.8047908562E-5
2.4453259538E-5
1.3077154290E-5
-1.1065858416E-6
2.3761764169E-6
1.8216343596E-5
1.6297760885E-5
2.7378497179E-5
3.3011683262E-5
3.7240225355E-5
2.6662088930E-5
2.1406193263E-5
2.7803622651E-5
2.7348543517E-5
2.4122081231E-5
2.1020369604E-5
2.3787026293E-5
1.7838855274E-5
1.3811537065E-5
1.1628121138E-5
1.6868661623E-5
2.0604091696E-5
4.0310737677E-5
6.0523569119E-5
7.8789144757E-5
7.7797379347E-5
3.0836067162E-5
-7.1320240389E-5
1.0826776270E-5
1.2797863456E-4
1.2110575335E-4
7.6743180401E-5
3.6303000524E-5
5.7191704400E-6
-1.6283255536E-5
-1.8654868472E-5
-4.6035507694E-6
-8.5857464000E-7
2.4432106874E-5
4.0761288255E-5
4.7838885803E-5
4.6988693066E-5
3.9586308412E-5
1.6809359658E-5
8.2269194537E-6
6.0772290451E-7
3.9582373574E-6
1.2306461576E-5
2.2190925665E-5
3.5552121698E-5
4.4034351594E-5
5.0123583060E-5
3.6238937172E-5
3.3394410274E-5
1.9625434652E-5
7.2744674981E-6
-1.4445977285E-7
6.8017863669E-6
7.3855277152E-6
1.8694833852E-5
3.1933095305E-5
5.3338182624E-5
4.6432693489E-5
3.4627981949E-5
3.0095234978E-5
1.4043156989E-5
7.0589594544E-6
5.4338597693E-6
1.0022195056E-5
1.6529939603E-5
2.9460492077E-5
3.3889210317E-5
3.6788359284E-5
3.8448791019E-5
3.6010891198E-5
2.4966674391E-5
1.3068877161E-5
1.8408533651E-5
7.7750533820E-6
1.4628178906E-5
1.0572816245E-5
2.1868443582E-5
3.6096503026E-5
4.5414920896E-5
3.0691199935E-5
3.0671223066E-5
2.8479483443E-5
2.1500664297E-5
3.6410172470E-6
2.1533470135E-5
2.5060563347E-5
3.0139868613E-5
3.8665847387E-5
3.8540898822E-5
2.4544494226E-5
3.1696911900E-5
1.3415515423E-5
1.1844094843E-6
1.1043995619E-5
1.8933915999E-5
2.2104324307E-5
3.1708693131E-5
3.9465562440E-5
3.5056087654E-5
3.0919013078E-5
2.2048922255E-5
1.1491263285E-5
-6.0879392550E-7
2.2597727366E-6
1.0070216376E-5
1.6994692851E-5
2.3233704268E-5
3.5395065787E-5
3.7018780130E-5
4.2232824489E-5
2.5650067254E-5
2.6452192105E-5
-4.5984052122E-7
1.7444719560E-6
-6.2740989961E-6
6.7785964348E-6
2.4730700534E-5
5.3244130686E-5
5.5539421738E-5
4.7208275646E-5
2.9147486202E-5
2.5994959287E-5
-7.0203095675E-7
-7.5917690993E-6
1.4434568584E-6
2.4304701946E-5
3.7427409552E-5
3.3063546288E-5
2.9137567616E-5
4.0635303594E-5
2.7640990447E-5
2.3371295537E-5
1.7145404126E-5
1.7254333943E-5
1.0483292863E-5
2.4823471904E-6
1.2340594549E-5
2.6332132984E-5
4.0983362123E-5
4.7452107538E-5
3.8028438575E-5
4.5212078840E-5
3.0879303812E-5
2.6309769600E-5
-4.6471366659E-6
-6.5810861997E-6
-4.6249595471E-6
1.5392061323E-5
2.7628091629E-5
4.7767988872E-5
6.1418581755E-5
6.7130743993E-5
3.8253038655E-5
2.2491626441E-5
-6.9418572821E-6
-1.6917975154E-5
-2.6071432512E-5
-1.1594546959E-5
2.2868521046E-5
5.0559116062E-5
7.4173475152E-5
9.3060056681E-5
7.3438044639E-5
4.1469372809E-5
-7.8249140643E-6
-4.0239712689E-5
-5.8701389936E-5
-6.0102168937E-5
-9.7909825854E-6
5.6292023510E-5
1.1977015529E-4
1.1525023729E-4
8.4370351399E-5
6.3743814827E-5
-1.3348704670E-5
-7.8379025220E-5
-1.1298009195E-4
-9.4551441728E-5
8.5417251105E-5
2.0054386696E-4
1.4038095250E-4
-5.1993643865E-5
-1.6095475294E-4
-1.3820420718E-4
-8.4366858938E-5
2.5087152608E-6
6.0576247052E-5
1.0284509044E-4
9.9103164396E-5
7.6368660667E-5
5.1700160839E-5
7.2161317804E-6
-2.4982914328E-5
-1.6756576952E-5
-2.6535498909E-5
-5.2257673815E-6
1.8872611690E-5
4.3292774353E-5
5.7869346347E-5
5.4160016589E-5
4.8983807210E-5
2.2244465071E-5
1.4313799329E-5
4.5215361753E-6
1.8157181330E-6
-1.2548500672E-5
1.4263461344E-5
2.0962790586E-5
3.4696981310E-5
6.0796586331E-5
5.7721778285E-5
4.6423461754E-5
2.1294003818E-5
1.4648726210E-5
-2.7409754693E-6
-2.3793778382E-6
5.3721829318E-6
1.1033983901E-5
2.9148114844E-5
4.4913007878E-5
3.9289752021E-5
3.3190508838E-5
2.6363250799E-5
5.4564676248E-6
9.3528884464E-6
2.9609305784E-6
1.2913125101E-5
1.1321273632E-5
1.6425224021E-5
2.7242908254E-5
2.9184622690E-5
3.4068431705E-5
3.1159957870E-5
2.5228282902E-5
2.2269692272E-5
2.0919356029E-5
4.4602667913E-6
-1.0660244152E-5
7.9290242866E-6
2.0661426242E-5
2.8355105314E-5
3.1885865609E-5
5.3584435955E-5
4.7617731616E-5
2.6467314455E-5
3.9560487494E-6
1.0513095185E-5
8.6664222180E-7
7.7212112957E-6
2.4414062500E-5
2.5566539261E-5
3.4463894553E-5
3.7078722380E-5
3.7255673669E-5
1.9956252072E-5
2.6453344616E-5
2.3952033370E-5
1.6137445346E-5
1.0491535068E-5
1.6195827629E-5
1.9241834525E-5
2.6311690453E-5
2.7542468160E-5
3.8366927765E-5
3.6954495590E-5
2.8796738478E-5
2.1248275879E-5
1.8490687944E-5
1.2928445358E-5
1.6829674132E-5
1.3180833776E-5
1.4498084784E-5
1.3672304340E-5
1.1259270832E-5
2.1068495698E-5
3.0547671485E-5
5.4364919197E-5
7.2333519348E-5
3.2997364178E-5
-3.2770016695E-5
-5.7392159944E-5
-7.5905467384E-6
4.3451681267E-5
7.0814124776E-5
6.8216351793E-5
5.0788570661E-5
3.6913645453E-5
7.5490796009E-6
9.1290217825E-6
-1.1723022909E-7
-1.7877528444E-5
1.1969450861E-5
3.5474286414E-5
5.4923980497E-5
5.5021687877E-5
4.7399080359E-5
4.3367920443E-5
1.8983043264E-5
2.4414062500E-5
5.7386932894E-7
3.2264390029E-6
1.0477297474E-5
2.9841938521E-5
2.9240141156E-5
4.8374396283E-5
4.2408879380E-5
4.0362752042E-5
2.6105437427E-5
1.7073820345E-5
1.8260267097E-5
8.1276171841E-6
1.6877043527E-5
1.5979807358E-5
1.6032240819E-5
2.4652713909E-5
3.1285779550E-5
2.6726454961E-5
3.2227998599E-5
2.1251477301E-5
3.0196865554E-5
2.8078013565E-5
2.1817698143E-5
2.5512347928E-5
1.3264617883E-5
1.8170895055E-5
8.1839621999E-6
1.1519924738E-5
1.8493004609E-5
2.5315652601E-5
5.0097261556E-5
5.8320409152E-5
8.1808492545E-5
3.9595144335E-5
-6.0866097921E-5
1.1538132094E-5
8.4151641934E-5
9.2464964839E-5
7.9935102260E-5
5.6237529498E-5
2.5464978534E-5
-3.4698983654E-6
-7.6329684817E-6
-1.9917730242E-6
1.2008100748E-5
1.9197363872E-5
3.4709169994E-5
4.0432647802E-5
4.5536679681E-5
4.1856057941E-5
2.8250436298E-5
2.2960652131E-5
1.4095241204E-5
2.7080648579E-6
5.1600392908E-6
3.7904712373E-6
1.8637545872E-5
2.8750649652E-5
4.2671407573E-5
4.2950501665E-5
3.9697811007E-5
2.2152625024E-5
2.3768900428E-5
6.3403043896E-6
-2.8292881325E-6
7.7899312601E-6
1.2122967746E-5
3.1312706414E-5
3.7123740185E-5
4.2351649608E-5
2.7317507191E-5
3.0603143386E-5
2.2436748258E-5
1.5490839724E-5
1.7880764790E-5
3.7905061617E-6
1.2421444990E-5
1.1930300389E-5
3.0378205701E-5
3.5036285407E-5
3.7478038575E-5
3.7706678267E-5
2.9836664907E-5
1.7969741020E-5
8.8665634395E-6
1.3810314704E-5
2.0432833116E-5
2.0271341782E-5
3.5125832073E-5
3.2685627229E-5
3.5453971940E-5
2.9369152616E-5
1.3455341104E-5
3.4249387681E-6
1.0785646737E-5
1.6273418441E-5
1.1068559252E-5
2.5110330898E-5
2.8456770814E-5
3.3446564338E-5
3.2711646053E-5
3.3543433527E-5
2.6390771381E-5
1.5321420506E-5
7.8382086941E-6
1.1954747606E-5
2.1941610612E-6
1.1189922225E-5
2.6763370260E-5
3.6353571340E-5
3.8231769576E-5
3.9221486076E-5
2.6564940344E-5
2.8056965674E-5
3.5061733797E-6
7.3183327912E-7
7.8376266175E-6
8.1368605607E-6
1.8117355648E-5
2.5197281502E-5
4.4578092638E-5
4.1783275083E-5
3.1440053134E-5
2.5878357700E-5
8.1582809799E-6
-6.2335398978E-6
-1.2120546307E-5
-2.3516709916E-6
8.9375651442E-6
3.8530374876E-5
7.4682687413E-5
5.4342835211E-5
2.1297042258E-5
1.3544317335E-5
7.6763099061E-6
1.3175862841E-5
3.3725984395E-6
1.4919368550E-5
1.3171986211E-5
3.0707684345E-5
2.9271247330E-5
4.4558418449E-5
5.1909277681E-5
4.4493621681E-5
3.3952319062E-5
1.5880062710E-5
-6.2606995926E-7
-5.8047706261E-6
8.3173275925E-6
5.7225697674E-6
3.0954414978E-5
3.8286321796E-5
4.8347120173E-5
4.9918424338E-5
3.5828968975E-5
2.0902056712E-5
4.8104790040E-6
-1.1998007540E-5
-1.5708897263E-5
-6.6078617238E-6
2.3662019521E-5
3.8152316119E-5
6.2412489207E-5
7.8715931161E-5
7.5658492280E-5
4.1878374758E-5
5.5423355661E-6
-2.0119745750E-5
-4.6339945402E-5
-4.4620025437E-5
-7.8644137830E-6
3.8446509279E-5
8.2101963928E-5
1.2825621525E-4
1.2873198139E-4
7.6534494294E-5
4.3007894419E-6
-7.9953554089E-5
-1.2199350167E-4
-8.4801996130E-5
1.7425627447E-6
1.2249845313E-4
1.9248001045E-4
8.6371251384E-5
-1.1171062943E-4
-2.4710901780E-4
-1.6227572923E-4
-1.9637611694E-5
8.1104296261E-5
1.3535454636E-4
1.4500685502E-4
1.0571591556E-4
5.5952358526E-5
1.8558930605E-7
2.4414062500E-5
-5.3679267876E-5
-2.6751612312E-5
-1.0870140977E-5
3.0832458287E-5
4.4377043378E-5
6.7313294859E-5
6.8899372129E-5
5.1807006821E-5
2.2324395831E-5
1.0542722885E-5
5.0598755479E-7
-6.7156506702E-6
-3.6687124520E-6
1.7460261006E-5
2.9268686193E-5
3.4700671676E-5
5.4767203984E-5
3.4394080284E-5
4.5697123277E-5
2.3553008213E-5
1.2878805865E-5
7.8753451818E-6
-4.5954016969E-6
-8.5289706476E-6
1.2975384016E-5
3.0761922243E-5
4.0772440843E-5
4.8407376744E-5
4.1208788752E-5
2.3680890444E-5
1.1844001710E-5
1.5388627071E-5
-5.1438342780E-6
5.8816047386E-6
2.5365490000E-5
1.5310291201E-5
3.4333777148E-5
3.8908689748E-5
3.3840094692E-5
3.6943110171E-5
2.5819567963E-5
1.6258563846E-5
7.4953073636E-6
7.0176436566E-6
5.0403526984E-6
-7.3842238641E-8
1.8737604841E-5
2.9254972468E-5
4.2211008258E-5
3.6280008498E-5
3.0194222926E-5
2.2405572235E-5
1.8987117801E-5
1.2349232566E-5
-1.7103739083E-6
5.2349525505E-6
1.8665834796E-5
2.2033287678E-5
4.3231586460E-5
3.9864901918E-5
2.6382808573E-5
2.9848597478E-5
2.4523143656E-5
2.1441560238E-5
3.5376171581E-6
1.3878545724E-5
4.5220018365E-6
1.0843656492E-5
2.3867504205E-5
2.2650044411E-5
3.2608502078E-5
3.2264844048E-5
3.3075571991E-5
2.3618992418E-5
1.3587798458E-5
7.9534947873E-6
1.1857645586E-5
2.0563113503E-5
1.9706436433E-5
2.2757984697E-5
2.5569682475E-5
2.4213606957E-5
3.1191820743E-5
2.8845807537E-5
2.9057555365E-5
3.2474938779E-5
1.7321214545E-5
9.8481541500E-6
-2.0058709197E-6
-5.0260219723E-6
2.8229714370E-5
6.3046580182E-5
8.1554567444E-5
4.2142486200E-5
1.1534092482E-5
1.4126184396E-6
-1.5493587125E-5
-5.5047799833E-6
3.3367890864E-6
1.6986753326E-5
4.0021818131E-5
4.7504261601E-5
4.4777907897E-5
3.5487837157E-5
3.9184954948E-5
2.5162531528E-5
-2.9005773830E-5
-3.5886070692E-6
3.1894072890E-6
3.0829187016E-5
3.1997344921E-5
4.9334298819E-5
5.1767984405E-5
3.8159289397E-5
2.8287339955E-5
1.2257229537E-5
1.5152420383E-5
4.9074762501E-6
1.0061217472E-5
2.3057369980E-5
2.5370588991E-5
3.2011081929E-5
3.8225483149E-5
3.1008827499E-5
2.7866556774E-5
2.0468549337E-5
1.4751497656E-5
1.0701944120E-5
5.6040473283E-6
9.9530559965E-6
2.1659990306E-5
2.7195224537E-5
2.5531242135E-5
2.1093245595E-5
2.8370134532E-5
2.6248255744E-5
2.3389363195E-5
1.8320989329E-5
1.6557669733E-5
2.7857290114E-5
1.8707104027E-5
2.2285105660E-5
1.5710527077E-5
6.9871894084E-6
1.4105183072E-5
2.2305303718E-5
3.4063297789E-5
6.9662230091E-5
8.7549083403E-5
1.2835604139E-6
-7.8980519905E-5
-6.0014892370E-6
4.1285238694E-5
6.1297288631E-5
6.1207811815E-5
5.2034948021E-5
3.5609363111E-5
1.5731435269E-5
9.5875933767E-6
-6.4069055953E-6
-3.8805417717E-6
6.3470099122E-6
1.2296997011E-5
3.0759407672E-5
3.7874386179E-5
4.5773212332E-5
3.2839889172E-5
2.4369917810E-5
1.4685234055E-5
3.9913342335E-6
5.4055359215E-6
6.2808976509E-6
1.0122056119E-5
2.8255709912E-5
3.3738568890E-5
3.9906101301E-5
5.3103989922E-5
4.5444408897E-5
3.3019273541E-5
1.1328468099E-5
2.5319284759E-6
8.7468186394E-6
1.2557953596E-5
2.8441473841E-5
2.7452618814E-5
3.9191497489E-5
3.5489443689E-5
3.9956206455E-5
2.7978071011E-5
2.4625204968E-5
1.8908199854E-5
1.4040421229E-5
