<| "Configuration" -> <| "Acquisition device" -> "UHFLI",  "Start time" -> "10/29/2021 16:46:46",  "Finish time" -> "10/29/2021 18:16:01", "Comments" -> "" |>, "Dimensions" -> {<| "Name" -> "Frequency 1", "Start" -> 6.200000*^+9, "Stop" -> 6.800000*^+9, "Step size" -> 2.000000*^+6 |>, <| "Name" -> "DC Voltage 1", "Start" -> -6.600000*^+0, "Stop" -> -7.400000*^+0, "Step size" -> -5.000000*^-2 |>}, "DataInfo" -> <| "Measured Spots" -> 5.117000*^+3,  "Samples" -> 1,  "Segments" -> 1,  "dFactor" -> 1,  "Sampling Time" -> 7.111111*^-8|>|>
7.1287155152E-6
1.4321936760E-5
5.3911702708E-6
9.9329510704E-6
1.1642649770E-5
2.4414062500E-5
1.3221509289E-5
1.0789337102E-5
6.6690845416E-6
1.6854912974E-5
5.1901559346E-6
1.4981930144E-5
8.6309271865E-6
1.9062426872E-5
1.1201703455E-5
1.5028950293E-5
1.5382806305E-5
1.0369205848E-5
8.9148641564E-6
1.3468076941E-5
1.1234648991E-5
1.2757838704E-5
1.9570905715E-5
3.9555830881E-6
1.5093793627E-5
1.4807458501E-5
6.5167783761E-6
8.1460690126E-6
4.4222106226E-6
1.7464742996E-5
8.1308186055E-6
1.0275607929E-5
1.2630736455E-5
1.5711819287E-5
1.5009497292E-5
1.9230262842E-5
6.0165766627E-6
1.0203069542E-5
1.4640274458E-5
-6.1732716860E-7
1.4047068544E-5
1.1609960347E-5
1.2456800323E-5
1.6194337513E-5
8.6539192126E-6
1.0159460362E-5
1.3939803466E-5
1.2604158837E-5
2.7538160794E-6
2.0446802955E-5
7.1445596405E-6
1.6767310444E-5
1.6641942784E-5
1.1757714674E-5
1.7671484966E-5
5.0035538152E-6
1.0180787649E-5
4.2388215661E-6
6.9465604612E-6
1.6067374963E-5
6.7552900874E-6
1.5989586245E-5
1.2536149006E-5
1.2348685414E-5
1.5905487817E-5
1.5483470634E-5
8.9885550552E-6
2.9792543501E-6
1.1938915122E-5
9.1452733615E-6
6.6551147029E-6
3.8055703044E-6
9.8809483461E-6
2.0863290410E-5
1.0021834169E-5
1.3505388051E-5
1.1104007717E-5
9.9587254226E-6
1.5266216360E-5
1.0955077596E-5
1.5827047173E-5
2.4324993137E-5
1.1536630336E-5
3.3753574826E-6
1.4906062279E-5
1.0670744814E-5
1.7533148639E-5
8.5102743470E-6
1.0323408060E-5
3.9910315536E-6
6.4179184847E-6
1.4642451424E-5
1.1320132762E-5
1.5134993009E-5
8.7196473033E-6
1.9736355170E-5
1.8146238290E-5
2.7698755729E-5
1.1203845497E-5
-9.7656156869E-7
1.9252020865E-5
-4.8400252126E-6
2.8969254345E-6
1.2452132069E-6
1.4796771575E-5
1.5482283197E-5
1.9379251171E-5
8.9965877123E-6
1.2258789502E-5
1.1511368212E-5
8.5321138614E-6
4.6008499339E-6
4.3886480854E-6
-1.1875294149E-6
6.0021993705E-6
1.7827830743E-5
1.2880738359E-5
5.7784141973E-6
1.6219040845E-5
6.7466986366E-6
1.3936380856E-5
7.4358191342E-6
1.4191528317E-5
-3.0699884519E-6
8.1717735157E-6
1.3439939357E-5
2.3767119273E-5
2.1958944853E-5
1.6192847397E-5
3.0859373510E-6
4.2704399675E-6
1.9438099116E-6
7.4501149355E-7
2.6145600714E-6
1.2086739298E-5
2.2623804398E-5
8.9638866485E-6
1.2192968279E-5
1.2934568804E-5
1.9952596631E-5
8.8040833362E-6
1.2383656576E-5
1.1774350423E-5
1.0068551637E-5
-9.1664260254E-7
1.6491382848E-5
4.0298316162E-5
3.3587741199E-5
1.4287757222E-5
-5.4668984376E-6
-2.5903584901E-5
4.3638632632E-6
1.7239770386E-5
3.4398061688E-5
1.2092024554E-5
2.2002391051E-5
1.5515042469E-5
5.6495540776E-6
-4.6042026952E-6
3.8673053496E-6
1.3873563148E-6
1.1415092740E-5
1.1261517648E-5
1.4562462457E-5
1.5257252380E-5
1.5066214837E-5
1.4817505144E-5
1.1361960787E-5
1.3392406982E-5
6.2654144131E-6
1.9601196982E-6
7.4150506408E-6
1.0525854305E-5
2.0134181250E-5
1.5797221567E-5
1.5113514382E-5
1.9996624905E-5
1.3857474551E-5
1.1941930279E-5
1.3509613928E-5
3.7759542465E-6
2.1913554519E-6
7.1516958998E-6
7.6704891399E-6
1.3288843911E-5
2.7258764021E-6
1.0012683924E-5
1.2657209299E-5
2.1112698596E-5
1.5587441158E-5
9.0431421994E-7
2.0274892450E-7
1.7068744637E-5
4.0551763959E-6
1.4007382561E-5
1.5935767442E-5
1.5550944954E-5
1.4542846475E-5
7.0110894741E-6
6.0057733209E-6
7.7103846707E-6
1.0689091869E-5
8.4585160950E-6
1.2962578330E-5
9.0186833405E-6
1.5697663184E-5
7.7435397544E-6
1.7359573394E-5
9.0098590591E-6
1.4406419359E-5
8.2027516328E-6
5.9875077569E-6
1.1820043437E-5
3.9296224713E-6
6.5681058914E-6
1.6881071497E-5
1.6263790894E-5
1.3935344759E-5
8.1960810349E-6
7.1306712926E-6
1.5097099822E-5
4.7635170631E-6
1.6941758804E-5
6.6550681367E-6
4.5657739975E-6
1.4817633201E-5
9.5213647001E-6
1.2010545470E-5
1.5507848002E-5
4.7557055950E-6
1.0604399722E-5
9.8500167951E-6
1.4211132657E-5
7.0944079199E-6
1.7980695702E-6
1.4964968432E-5
1.4979869593E-5
1.2358871754E-5
5.4474337958E-6
1.1740124319E-5
1.2686545961E-5
1.0473188013E-5
1.1345394887E-5
8.1505626441E-6
9.3655427919E-6
1.1022249237E-5
1.5852786601E-5
7.2351074778E-6
1.1401541997E-5
6.8436725997E-6
1.0212196503E-5
1.7762591596E-5
1.1667294894E-5
7.8569632024E-6
5.8308243752E-6
1.1155591346E-5
4.4827815145E-6
2.5110086425E-5
1.7652579117E-5
5.4916250520E-6
1.6240542755E-5
1.4571263455E-5
1.7645279877E-5
1.4228571672E-5
5.2982126363E-6
1.7974991351E-5
9.1903028079E-6
5.0427741371E-6
1.2759550009E-5
1.0827439837E-5
4.7709094360E-6
3.2079755329E-6
9.4610033557E-6
9.8917633295E-6
7.8782089987E-6
4.4479849748E-6
1.5966349747E-5
6.6596781836E-6
1.7946318257E-5
1.0716821998E-5
9.5271971077E-6
1.2432143558E-5
4.1618128307E-6
1.0944274254E-5
1.5458674170E-6
8.8976579720E-6
1.2207264081E-5
1.1671904940E-5
6.7833927460E-6
6.6436245107E-6
1.3005500659E-5
8.8191940450E-6
9.8976190203E-6
1.1511938646E-5
1.1562753934E-5
1.1590053327E-5
6.1386264861E-6
2.9958086088E-6
1.1359108612E-5
8.7098800578E-6
5.3941272199E-6
9.2592905277E-6
-1.1941301636E-6
1.1344335508E-5
1.1092890054E-5
9.3346461654E-6
6.4512481914E-6
6.0427701101E-6
3.5356846638E-6
6.7794928328E-6
1.5484634787E-5
8.4350933321E-6
1.3828114607E-5
1.1275883298E-5
6.4243329690E-6
1.6168737784E-5
5.5310316384E-6
1.9557890482E-5
1.4060665853E-5
8.4382947535E-6
2.1699082572E-5
1.4620763250E-5
5.8365403676E-6
1.3988197315E-5
7.6795811766E-6
1.0358705185E-5
1.1395814363E-5
1.5270698350E-5
1.7045368440E-5
6.4068590291E-6
5.4624746554E-6
1.1425756384E-5
9.8330550828E-6
9.9915894680E-6
1.7168535851E-5
9.6999923699E-6
1.0395178106E-5
4.9743219280E-6
4.1792984121E-6
6.8285153248E-6
4.0203216485E-6
1.6068818513E-5
8.0291647465E-6
1.4044763520E-5
1.5744939446E-5
1.4755735174E-5
1.0300299618E-5
1.3016187586E-5
9.2334230431E-6
1.0692549404E-5
2.0032073371E-5
1.8109788652E-5
1.3134372421E-5
1.6249972395E-5
6.8011460827E-6
9.7538344563E-6
1.3999082148E-5
6.5508647822E-6
5.1423558034E-6
1.9722781144E-5
2.3901113309E-6
6.5487460234E-6
1.0917591862E-5
7.8335171566E-6
1.3694039080E-5
1.0107853450E-5
1.2799655087E-5
1.4598516282E-5
1.5244784299E-5
1.0059692431E-5
1.3197341468E-5
1.3799336739E-5
1.3796670828E-5
1.5905720647E-5
1.5542062465E-5
9.8565826193E-6
1.3825937640E-5
1.4808319975E-5
4.4888933190E-6
7.8526558355E-6
1.2532097753E-5
8.9374836535E-6
1.1593278032E-5
1.1846062262E-5
6.3378363848E-6
2.1550222299E-5
1.1275196448E-5
8.5707171820E-6
5.2421470173E-6
7.9130521046E-6
2.3672124371E-6
1.5852856450E-6
1.2582354248E-5
1.3021612540E-5
2.9317103326E-6
1.0495691095E-5
2.9160408303E-6
1.7354846932E-5
1.0300299618E-5
5.7719298639E-6
1.6878009774E-5
5.7391356677E-6
3.6218320020E-6
1.4453113545E-5
1.6000797041E-5
1.7146149184E-5
1.0134850163E-5
1.7929193563E-5
1.5802250709E-5
1.0198727250E-5
1.3220729306E-5
1.3495865278E-5
1.0057957843E-5
6.6975830123E-6
5.2362214775E-6
1.0669289623E-5
1.1510192417E-5
1.2179813348E-5
1.1809484568E-5
8.2284794190E-6
1.2920657173E-5
1.1463114060E-5
1.3164896518E-5
1.2561213225E-6
5.3071184084E-6
1.0406330694E-5
1.5010987408E-5
1.0468682740E-5
2.6825780514E-5
1.0894041043E-5
7.1799033322E-6
-5.0538452343E-6
6.4287567512E-6
-2.1365704018E-7
9.5262774267E-6
1.5836046077E-5
1.2793869246E-5
1.1017278302E-5
1.3587321155E-5
1.3220531400E-5
1.5426636673E-5
1.1879485101E-5
6.5393163823E-6
8.7814172731E-6
5.5229756980E-7
3.8614030928E-6
1.2233038433E-5
2.0195776596E-5
3.3146946225E-5
3.2488652504E-5
4.7991401516E-6
-2.1624355577E-5
-1.0764936451E-5
-1.3632036280E-5
3.1879649031E-5
2.9992917552E-5
1.9315991085E-5
1.5156937297E-5
7.1201589890E-6
-2.6636058465E-6
3.4597585909E-6
8.5797975772E-6
1.2364145368E-5
1.1886598077E-5
2.2626318968E-5
2.1080428268E-5
1.8099346198E-5
1.1743127834E-5
1.3271439821E-5
1.1554034427E-5
4.8214569688E-6
8.8882981801E-6
1.1572299991E-5
9.0528046712E-6
8.4623461590E-6
1.4491390903E-5
2.0490726456E-5
1.7469946761E-5
1.5715043992E-5
2.6369583793E-6
1.5978934243E-5
1.2084958144E-5
1.3036397286E-5
9.4343558885E-6
1.0810059030E-5
7.5856340119E-6
1.4340283815E-5
1.5643122606E-5
2.0110909827E-5
1.4242040925E-5
1.1489051394E-5
8.2173035481E-6
6.4563006163E-6
9.3805720099E-6
8.6779124104E-6
1.2771028560E-5
1.5905208420E-5
1.5768792946E-5
1.0101508815E-5
7.2150724009E-6
1.3925996609E-5
1.0332895909E-5
1.1295347940E-5
3.7401332520E-6
7.8422832304E-6
6.3054496423E-6
1.8220546189E-5
9.7374548205E-6
9.1490102932E-6
1.5956419520E-5
1.5061232261E-5
1.1045241263E-5
6.6124368459E-6
9.2045986094E-6
1.0848988313E-5
8.8627100922E-6
5.3283525631E-6
1.3951200526E-5
1.2358371169E-5
9.0415356681E-6
8.9200679213E-6
1.0577507783E-5
1.5118974261E-5
5.3211115301E-6
8.6141633802E-6
1.3906229287E-5
5.6428252720E-6
5.1674083807E-6
1.4823290985E-5
1.8330372404E-5
1.3395317365E-5
1.0624551214E-5
1.5521771275E-5
1.2960983440E-5
8.7216147222E-6
2.3208558562E-7
9.3429232949E-6
3.8801692426E-6
2.5940127670E-6
1.5766872093E-5
1.0694656521E-5
8.6221261882E-6
1.3423443306E-5
9.8934513518E-6
1.9946519751E-5
4.2907777242E-6
1.1282879859E-5
8.4231840447E-6
1.7908099107E-5
7.5646326878E-6
9.5558934846E-6
1.3489590492E-5
6.0251681135E-6
1.1915434152E-5
1.1820218060E-5
6.3561717981E-6
8.1443111413E-6
4.0021142923E-6
9.5362542198E-6
8.3709717729E-6
9.5832627267E-6
1.3625854626E-5
1.4492415357E-5
1.5666219406E-5
1.1959753465E-5
4.4635613449E-6
5.1021808759E-6
1.2330862228E-5
9.3561830000E-6
5.6080985815E-6
1.3287016191E-5
9.3294889667E-6
8.9906156064E-6
9.7899930552E-6
9.4794551842E-6
9.3384762295E-6
2.3543112911E-5
7.3981587775E-6
6.8646972069E-6
1.2276496273E-5
2.4414062500E-5
1.9350997172E-5
1.1434440967E-5
6.8707857281E-6
5.6974589825E-6
1.2696080376E-5
1.5357462689E-5
8.0197467470E-6
1.1994130909E-5
9.2578586191E-6
1.5421072021E-6
1.2149405666E-5
1.7966842279E-5
4.7296751291E-6
1.2132164557E-5
1.4278595336E-5
-4.1586463340E-6
5.2795163356E-6
3.6322628148E-6
8.6059328170E-6
4.4199405238E-6
1.1470809113E-5
1.1304195505E-5
2.4058052804E-5
4.4411397539E-6
9.4422488474E-6
1.2686243281E-5
6.7760469392E-6
-4.9861846492E-7
1.3648183085E-6
1.3436074369E-5
7.0871203208E-6
1.0329496581E-5
1.7163343727E-5
1.0420545004E-5
1.1921836995E-5
1.3150693849E-5
4.1892169975E-6
4.4771004468E-6
1.8650270067E-5
6.9322995842E-6
7.0179463365E-6
9.7218086012E-6
1.3991072774E-5
9.0981135145E-6
1.0958639905E-5
1.3320799917E-5
1.4427420683E-5
7.3040486314E-6
1.2998096645E-5
1.1813861784E-5
1.2323202100E-5
1.0935985483E-5
6.8129971624E-6
1.1964596342E-5
3.8877944462E-6
1.1815305334E-5
3.9703794755E-6
4.9793510698E-6
8.9971697890E-6
1.1747574899E-5
1.3082684018E-5
1.0872632265E-5
1.6490742564E-5
1.0802934412E-5
9.0944580734E-6
1.0402349289E-5
1.4061725233E-5
1.7055647913E-5
7.8665674665E-6
9.1320602224E-6
1.2868409976E-5
1.3742537703E-5
3.4035183489E-6
6.5009226092E-6
1.2375158258E-5
1.2309767772E-5
5.6082033553E-6
1.8101022579E-5
1.0426656809E-5
1.2892170344E-5
8.9757260868E-6
4.2118830606E-6
8.6514162831E-6
2.9508839362E-6
1.0146631394E-5
1.1485442519E-5
1.0969839059E-5
7.7021773905E-6
1.6897555906E-5
6.9773173891E-6
5.3751282395E-7
9.0250745416E-6
1.1154985987E-5
1.1129223276E-5
1.2627220713E-5
8.3263730631E-6
9.9143362605E-6
1.6593420878E-5
1.1553324293E-5
9.0112444014E-6
6.5919011831E-6
7.7006523498E-6
7.1461661720E-6
1.3001286425E-5
1.1127640028E-5
7.8349024990E-6
3.1919567847E-6
4.8493384384E-6
2.2148597054E-5
1.3777229469E-5
1.0397180449E-5
7.2005554103E-6
8.3501334302E-6
8.2204933279E-6
8.0126919784E-6
2.2660370450E-5
1.2403738219E-5
2.0840298384E-5
4.4308835640E-6
1.5364214778E-5
8.4348488599E-6
5.7034892962E-6
1.1317944154E-5
1.3081007637E-5
1.1694745626E-5
9.8280725070E-6
9.0328161606E-6
1.6187049914E-5
2.9168208129E-6
1.4191109221E-5
4.4206855819E-6
5.5390293710E-6
6.7014829257E-6
-8.8147353380E-7
1.0169320740E-5
1.7024029512E-5
1.5231186990E-5
2.2267689928E-5
1.3224477880E-5
6.7422864959E-6
1.3965531252E-5
1.6504945233E-5
-1.6648322344E-6
5.0886534155E-6
1.1047802400E-5
-4.7959154472E-6
1.1316838209E-5
1.3213267084E-5
1.6177259385E-5
1.8684181850E-5
1.2340501417E-5
3.7080142647E-6
4.9447291531E-6
1.1635397095E-5
5.9104524553E-6
1.6223802231E-5
2.1781399846E-5
1.0732922238E-5
8.6649088190E-6
3.0306633562E-6
1.2440397404E-5
1.2195645832E-5
1.0406039655E-5
1.3159110677E-5
-6.7371292971E-6
6.8487133830E-7
1.4379224740E-5
1.0620336980E-5
1.0730314534E-5
3.0881538987E-5
2.6270165108E-5
2.1244341041E-5
-6.7215529270E-6
-1.4579971321E-5
4.5344000682E-6
1.7328700050E-5
4.3566012755E-5
2.1221407223E-5
6.8981782534E-6
6.5139145591E-6
1.2727221474E-6
-3.7689344026E-6
3.8932659663E-6
6.4100837335E-6
1.3555004261E-5
1.1989485938E-5
1.7018069047E-5
1.2788106687E-5
1.0353245307E-5
1.6530021094E-5
8.0271158368E-6
1.9607739523E-5
1.0787218343E-5
1.1160725262E-5
3.5489676520E-6
1.1407467537E-5
1.8103641923E-5
1.5965371858E-5
7.1964575910E-6
1.1897110380E-5
7.2197173723E-6
7.9477904365E-7
7.5061107056E-7
1.3635610230E-5
4.0578306653E-6
1.5075609554E-5
1.8886593170E-5
1.1558586266E-5
1.3177818619E-5
7.7597447671E-6
1.1734280270E-5
1.2596021406E-5
3.4514116124E-6
1.0747392662E-5
-3.1184172260E-7
3.5259407014E-6
1.3868394308E-5
9.6319243312E-6
1.4596700203E-5
1.1228304356E-5
1.1305185035E-5
4.5191613026E-6
8.3813560196E-6
1.0577484500E-5
1.1259573512E-5
1.6355898697E-5
8.5074338131E-6
9.5774186776E-6
1.0812701657E-5
1.0166468565E-5
-1.9353814423E-6
1.5817373060E-5
4.2540021241E-6
1.4755490702E-5
7.3451083155E-6
7.9714343884E-6
2.0982569549E-5
1.8751155585E-5
6.1970204116E-6
6.2318635174E-6
6.8034394645E-6
4.2634084821E-6
1.1461554095E-5
7.4609415606E-6
5.7876924985E-6
6.9069676102E-6
8.7619293482E-6
1.6633700579E-5
1.6477936879E-5
1.6633956693E-5
4.6595465392E-6
1.3523933012E-5
1.4766212553E-5
1.2317392975E-5
1.2577394955E-5
9.4469520264E-6
1.5751365572E-5
1.1967262253E-5
1.3289554045E-5
1.3630301692E-5
1.1871953029E-5
8.5364677944E-6
1.6210600734E-6
3.1093251891E-6
1.3347319327E-5
1.1620635633E-5
4.3580541388E-6
3.6045443266E-6
1.0456633754E-5
1.1468410958E-5
2.3506651632E-5
1.5717733186E-5
8.5867242888E-6
1.9563944079E-5
1.2483284809E-5
1.5766592696E-5
1.9583245739E-5
1.0563107208E-5
1.2223143131E-5
1.7085066065E-5
1.3585109264E-5
1.5213945881E-5
6.3044135460E-6
8.1599107944E-6
1.7625920009E-5
7.9212011770E-6
1.1842208915E-5
6.2406063080E-6
1.5289813746E-5
1.6134942416E-5
6.0622114689E-6
1.2627721299E-5
9.0214773082E-6
9.0571818874E-6
1.8063560128E-5
6.6252308898E-6
9.9547789433E-6
1.4716875740E-5
1.0526203550E-5
1.8189765978E-5
1.7580634449E-5
1.2651574798E-5
1.3249518815E-5
2.4232408031E-5
1.7334963195E-5
8.7242457086E-6
1.1294928845E-5
9.6140196547E-6
2.1812180057E-5
1.2808677275E-5
1.1237431318E-5
1.1645758059E-5
1.5431933571E-5
1.0863633361E-5
1.3969978318E-5
8.4494939075E-6
1.8867198378E-5
7.1553396993E-6
5.3735799156E-6
1.0070041753E-5
1.0877416935E-5
1.0627997108E-5
9.7001087852E-6
1.2759165838E-5
2.2198015358E-5
-8.1129954196E-6
1.2339756358E-5
9.1787194834E-6
1.3434735592E-5
1.8294272013E-5
1.8190615810E-5
1.1814653408E-5
1.2376043014E-5
9.5955445432E-6
1.3039808255E-5
1.4786107931E-5
1.6661360860E-5
1.0904634837E-5
7.4821989984E-6
1.3473944273E-5
3.9724633098E-6
1.5824392904E-5
1.7949624453E-5
1.0990398005E-5
1.0590068996E-5
1.6638846136E-5
1.8931843806E-5
1.2259022333E-5
1.4862895478E-5
1.7726130318E-5
5.0476985052E-6
9.5654511825E-6
1.0112719610E-5
1.1071003974E-5
1.2127426453E-5
1.5890621580E-5
1.4002411626E-5
3.9137550630E-6
2.0427966956E-5
2.9371352866E-6
1.2711330783E-5
1.6845576465E-5
8.2147656941E-6
1.6679358668E-5
8.2298764029E-6
1.5021685977E-5
1.1539203115E-5
1.8161896150E-5
8.3111342975E-6
1.5186867677E-5
8.8750850411E-6
9.7285839729E-6
8.2156038844E-6
1.5740131494E-5
1.4045310672E-5
1.0894390289E-5
7.1255024523E-6
1.4489179011E-5
1.0999944061E-5
1.8714880571E-5
1.1385732796E-5
1.2504041661E-5
1.6234919894E-5
1.0446307715E-5
9.6491770819E-6
7.2846421973E-6
2.0643288735E-5
2.2522010840E-5
1.1466478463E-5
1.5351397451E-5
1.4448608272E-5
1.7074053176E-5
1.9138446077E-5
9.7638345324E-6
6.9185858593E-6
9.0317800642E-6
7.0850597695E-6
1.2567127124E-5
1.4785095118E-6
1.1313753203E-5
1.5428767074E-5
2.8545036896E-8
1.4399830252E-5
1.1379586067E-5
8.7543157862E-6
1.7987180035E-5
1.5988724772E-5
8.7755965070E-6
9.9241035060E-6
1.4878215734E-5
8.8674714790E-6
1.7623964231E-5
1.7803220544E-5
1.3239216060E-5
1.6668171156E-5
9.3352980913E-6
1.7504370771E-5
2.6892637833E-5
1.4197826386E-5
1.1857086793E-5
9.4688963146E-6
6.0920021497E-6
6.2832492404E-6
1.0732619558E-5
-1.2870761566E-6
1.0131741874E-5
1.6342243180E-5
1.4473823830E-5
1.5661364887E-5
1.1441332754E-5
1.2409500778E-5
1.6966776456E-5
1.4590297360E-5
5.2116927691E-6
1.2021791190E-5
1.1146848556E-5
3.5256845877E-6
6.2141916715E-6
7.6758442448E-6
1.5444785822E-5
1.2564728968E-5
1.4905387070E-5
1.0856904555E-5
6.3989311457E-6
3.9810664021E-6
1.4853430912E-6
1.5989923850E-5
2.1931075025E-5
1.2993172277E-5
1.2087938376E-5
6.6179200076E-6
8.0539728516E-6
6.9929636084E-6
1.3708183542E-5
-1.2204167433E-6
9.6975825728E-6
1.3887684327E-5
1.4555512462E-5
1.5966489445E-5
1.5719246585E-5
1.9940175116E-5
1.2628710829E-5
7.4869021774E-6
7.3597300798E-6
9.6041243524E-6
7.0801586845E-6
1.1361425277E-5
6.1939703301E-6
9.5853931272E-6
6.8016699516E-6
2.7411594055E-5
2.2726831957E-5
1.8208834808E-5
8.6703104900E-6
-7.0877373219E-6
-1.5516800340E-5
3.0440278352E-6
1.3285991736E-5
4.3444940820E-5
4.0451285895E-5
1.4146557078E-5
-2.0979554392E-5
-3.8514728658E-6
3.4816795960E-6
-8.8152009996E-7
1.9332580268E-5
1.3927242253E-5
1.8749560695E-5
2.0332622807E-5
1.5319557861E-5
1.5961192548E-5
1.1061644182E-5
3.4052645787E-7
4.9057649449E-6
9.7426120192E-6
1.7399771604E-5
7.7829463408E-6
1.4299189206E-5
1.7567095347E-5
1.4013971668E-5
1.4293682762E-5
7.9874531367E-6
1.8442363944E-5
1.1213927064E-5
3.5621225834E-6
1.2241699733E-5
2.7734437026E-6
1.3654725626E-5
2.0675652194E-5
8.2508428023E-6
1.7907330766E-5
9.4903982245E-6
7.3584378698E-6
5.8457837441E-6
1.2592074927E-5
6.7868153566E-6
1.6440660693E-5
1.3097701594E-5
1.2341234833E-5
1.5627662651E-5
8.7966211141E-6
1.3678858522E-5
1.1284323409E-5
1.4869484585E-5
1.3532279991E-5
1.2048217468E-5
5.3146388382E-6
1.2183410581E-5
1.7309456598E-5
1.4388596173E-5
1.0531360749E-5
1.0604364797E-5
1.0774598923E-5
1.0777974967E-5
1.3607379515E-5
1.0300474241E-5
6.4148451203E-6
1.1344789527E-5
5.4004718550E-6
1.0501337238E-5
1.3778451830E-5
9.7485608422E-6
9.7672804259E-6
6.8054068834E-6
1.0535423644E-5
1.5057076234E-5
7.0642679931E-6
4.4797547161E-6
1.4533777721E-5
6.6589913332E-6
1.3347936329E-5
1.2438651174E-5
2.2286851890E-5
1.4159281272E-5
1.2625812087E-5
1.0444968939E-5
1.5126215294E-5
8.9341076092E-6
8.6765969173E-6
7.4282288552E-6
7.4860290625E-6
7.6120952146E-6
1.3488356490E-5
1.4627969358E-5
8.8144210168E-6
1.1497701053E-5
1.5460257419E-5
1.7064099666E-5
4.7272769734E-6
1.8296821509E-5
1.2992415577E-5
2.4414062500E-5
1.0722328443E-5
1.4634721447E-5
2.0773347933E-5
1.2281618547E-5
1.2097833678E-5
1.5890807845E-5
5.4112868384E-6
1.2268126011E-5
1.1406000704E-5
1.7979403492E-5
2.8174137696E-6
1.2700678781E-5
8.4609608167E-6
3.6900164560E-6
1.0719941929E-5
5.2160117775E-6
9.9331839011E-6
9.2379748822E-6
1.1748680845E-5
7.4038398453E-6
3.5764183849E-6
1.3089599088E-5
1.4759658370E-5
1.1547806207E-5
9.4669754618E-6
9.7613898107E-6
1.6804842744E-5
1.2181012426E-5
7.8166718595E-6
1.5440199058E-5
6.8233814092E-6
1.2468465138E-5
1.5662959777E-5
1.3165280689E-5
1.2589979451E-5
1.9639567472E-5
1.1809577700E-5
1.3504410163E-5
9.3370443210E-6
8.0683617854E-6
1.6678310931E-5
1.8672796432E-5
1.4719006140E-5
1.6035127919E-5
5.5931042880E-6
1.4421937522E-5
1.3748253696E-5
1.8662388902E-5
1.0534457397E-5
9.9096447231E-6
1.2511142995E-5
9.2099886389E-6
1.7471308820E-5
1.4005659614E-5
6.1399885453E-6
1.1584907770E-5
9.9175493233E-6
9.1467751191E-6
1.1109269690E-5
9.1884168797E-6
9.4183720649E-6
1.1977530085E-5
3.4511205740E-6
1.4188268688E-5
1.7139408737E-5
9.7971176729E-6
1.0559067596E-5
5.0442293286E-6
1.1276314035E-5
3.7838390562E-5
1.3997592032E-5
2.5717657991E-6
1.0437914170E-5
1.1406047270E-5
1.6863446217E-5
1.4125392772E-5
4.5826891437E-6
1.0083592497E-5
9.5249852166E-6
8.3122053185E-6
1.0432419367E-5
8.7180407718E-6
1.0019051842E-5
5.7121971623E-6
6.2013044954E-6
2.0477920770E-5
4.1563180275E-6
1.6063859221E-5
2.0040478557E-5
1.9974366296E-5
1.4459004160E-5
1.3069552369E-5
2.5496701710E-6
6.2574166805E-6
1.3595598284E-5
1.4759297483E-5
1.1132506188E-5
1.1207896750E-5
1.4416454360E-5
1.3959058560E-5
1.3463199139E-5
2.0263215992E-5
9.4820163214E-6
1.1962675490E-5
9.2239002698E-6
7.7223987319E-6
9.3890936114E-6
1.6549054999E-5
1.3941549696E-5
1.5647034161E-5
1.7320271581E-5
4.8012239858E-6
5.2238465288E-6
4.8996182160E-6
1.3404292986E-5
1.4040980022E-5
9.4365328551E-6
1.2979609892E-5
8.5632782430E-6
7.4543291704E-6
9.2707457953E-6
6.5434724092E-7
9.7033684143E-6
1.0561547242E-5
9.9188531750E-6
1.1433195323E-5
1.4077906963E-5
1.8366111908E-5
1.2855965178E-5
1.7248571385E-5
1.1584383901E-5
1.2281001546E-5
1.5663611703E-5
7.2425347754E-6
9.8857795820E-6
1.6628950834E-5
1.4149921481E-5
1.5235773753E-5
1.3899523765E-5
2.0271667745E-5
4.9294671044E-6
1.7357396427E-5
1.1683069170E-5
4.8594316468E-6
1.0100693908E-5
1.0056002066E-5
9.5484894702E-6
8.7328138762E-6
8.4131490440E-6
2.3209827486E-5
6.5903062933E-6
1.2364028953E-5
1.9016512669E-5
7.9421559350E-6
3.1398609280E-6
1.0213290807E-5
1.9057362806E-5
1.7826794647E-5
2.0722381305E-5
1.4399655629E-5
1.7260445747E-5
-7.3062255980E-7
7.2348746472E-6
9.7257550806E-6
1.2906303164E-5
8.7934779003E-6
1.6179017257E-5
9.3458453195E-6
1.2813624926E-5
5.8027915657E-6
1.2097670697E-5
8.1006321126E-6
1.8836674280E-5
2.7373665944E-6
1.0563130491E-5
1.4044600539E-5
1.0406703223E-5
1.2599572074E-5
1.1388515122E-5
1.4385557733E-5
1.6272778157E-5
4.8259738833E-6
1.0570767336E-5
-4.6723173000E-6
1.8670887220E-5
2.1112046670E-5
2.0577874966E-5
1.2103852350E-5
1.8140312750E-5
9.6142757682E-7
-5.4026371799E-6
1.2126110960E-5
6.8621244282E-6
1.8947501667E-5
1.1303019710E-5
1.3042113278E-5
8.7926746347E-6
1.0303326417E-5
1.3481348287E-5
1.2213003356E-5
1.3666111045E-5
1.7684279009E-5
5.3432304412E-6
6.8977358752E-6
3.7922291085E-6
-2.1623913199E-6
8.2068028860E-6
1.3645214494E-5
3.4031551331E-5
3.5887106787E-5
3.1562708318E-5
1.3282755390E-6
-9.4936811365E-6
-2.0859285723E-5
1.3835530262E-5
2.8767914045E-5
3.1438225414E-5
2.0061479881E-5
1.4936306980E-5
1.1272018310E-5
7.3336414062E-6
4.8530055211E-7
8.2204467618E-6
7.3743169197E-6
6.6477572545E-6
1.6597448848E-5
1.3920199126E-5
1.7144042067E-5
1.6181438696E-5
1.9601872191E-5
5.4557458497E-6
8.3402148449E-6
1.4549738262E-5
6.4933788963E-6
1.0997522622E-5
5.8800913394E-6
1.6324431635E-5
1.5918468125E-5
1.5763868578E-5
1.8414505757E-5
7.5823278168E-6
6.5714819357E-6
7.9683610238E-6
8.9483801276E-6
9.1865891591E-6
8.6977146567E-6
8.3271646874E-6
1.3039179612E-5
1.7582508735E-5
5.5459677242E-6
-5.7894736529E-6
2.0295323338E-5
1.0767881759E-5
7.4455398136E-6
8.4342318588E-6
4.1359104216E-6
1.7064146232E-5
1.0193616618E-5
1.1249259114E-5
1.2221490033E-5
9.5393974334E-6
1.8954591360E-5
1.5126063954E-5
9.9160359242E-6
1.3507413678E-5
8.5165724159E-6
1.3828265946E-5
1.3446831144E-5
1.6163545661E-5
2.0738143939E-5
1.8876499962E-5
1.2475915719E-5
1.7646583728E-5
1.1738564353E-5
1.5904812608E-5
5.3609022871E-6
6.1374274083E-6
4.8861838877E-6
-1.7675920390E-6
1.2237986084E-5
9.4750896097E-6
1.0722817387E-5
1.0884471703E-5
6.0057267547E-6
1.2773426715E-5
6.3684186899E-6
1.6667402815E-5
2.0747398957E-5
9.8543241621E-6
5.9999874794E-6
1.6576773487E-5
1.0884786025E-5
9.1389287264E-6
1.5156005975E-5
4.9478840083E-6
1.0719650891E-5
9.3318056316E-6
1.2782227714E-5
1.4290807303E-5
1.7050025053E-5
9.2473812402E-6
1.8733250908E-5
1.5037995763E-5
1.0671780910E-5
1.6458460595E-5
7.0423935541E-6
1.4852313325E-5
1.0398100130E-5
1.0946393013E-5
1.5626742970E-5
6.0521182605E-6
2.0060571841E-5
6.8498193287E-6
1.2999097817E-5
4.4309301302E-6
1.3699452393E-5
5.5485288613E-6
-1.7109792680E-6
1.6416516155E-5
8.4132654594E-6
1.2718490325E-5
1.2921472080E-5
1.3066688553E-5
1.5188334510E-5
1.0383734480E-5
1.4870450832E-5
1.6508100089E-5
1.8167798407E-5
4.4493936002E-6
2.1040649153E-5
1.6823119950E-5
5.6152930483E-6
1.1734978762E-5
2.1614006254E-5
4.8723653890E-6
1.1302914936E-5
1.2922764290E-5
1.4752917923E-5
4.7521898523E-6
1.3028946705E-5
1.1451030150E-5
1.5309010632E-5
1.6359577421E-5
1.1569925118E-5
1.2507336214E-5
1.1843000539E-5
9.3448790723E-6
1.9774632528E-5
1.5309464652E-5
9.6889212728E-6
1.2749352027E-5
5.3786789067E-6
1.5183165670E-5
1.6145850532E-5
1.7101399135E-5
1.2528360821E-5
1.2329244055E-5
8.9240376838E-6
2.1719990764E-5
1.2736057397E-5
1.0112382006E-5
1.7286080401E-5
7.4536888861E-6
1.7488130834E-5
1.0583468247E-5
8.2638696768E-6
6.8093882874E-6
8.3837425337E-6
5.1937298850E-6
3.6684330553E-6
1.2892228551E-5
8.5551873781E-6
9.9984696135E-6
1.0564480908E-5
1.7332646530E-5
1.2722739484E-5
1.3365154155E-5
1.1523207650E-5
2.0637980196E-5
5.7538156398E-6
2.3936503567E-6
3.9296224713E-6
2.4526787456E-5
2.9435427859E-5
-7.6414668001E-6
-4.9931462854E-6
3.9118458517E-6
2.0834547467E-5
6.9636269473E-6
1.8716847989E-5
1.6073754523E-5
5.5921147578E-6
8.8472967037E-6
7.1473652498E-6
1.1869648006E-5
1.6293092631E-5
7.8572658823E-6
1.5214958694E-5
4.6251807362E-6
1.0516564362E-5
8.2318903878E-6
6.5020867624E-6
3.3935531974E-6
6.0941325501E-6
1.0952283628E-5
7.4428971856E-7
3.8731377572E-6
9.9919852801E-6
1.4215032570E-5
2.1197239402E-5
6.9824513049E-6
7.5693242253E-6
6.7775370554E-6
1.0017154273E-5
1.8159789033E-5
1.4477525838E-5
4.8031331972E-6
1.6117200721E-5
1.2115889695E-5
1.4370621648E-5
1.9226339646E-5
1.6549078282E-5
1.7286045477E-5
2.4210289120E-5
1.1168618221E-5
1.1866271962E-5
1.1650961824E-5
2.2733490914E-5
1.9558670465E-5
1.4668505173E-5
1.4573393855E-5
1.0722782463E-5
8.2966522314E-6
1.6330252401E-5
1.2967933435E-5
2.0145275630E-5
7.3290430010E-6
1.5198159963E-5
1.7082074191E-5
9.7673269921E-6
4.7188717872E-6
1.2680992950E-5
2.0929938182E-5
1.7760088667E-5
1.0501989164E-5
-1.3693352230E-6
1.5642668586E-5
8.6077838205E-6
1.6675121151E-5
2.3099558893E-5
6.7861750722E-6
2.7508474886E-6
1.3350590598E-5
-7.8743323693E-8
5.3983414547E-6
1.3647123706E-5
1.4871277381E-5
1.1327618267E-5
1.3136991765E-5
1.4011608437E-5
8.1399804914E-6
1.0138412472E-5
7.6789991000E-6
7.3395902291E-6
5.8893347159E-6
8.7153981440E-6
1.5199545305E-5
2.4478195700E-5
1.0607112199E-5
1.4277850278E-5
1.5535706189E-5
1.5770108439E-5
1.1615641415E-5
1.6615143977E-6
2.0292564295E-5
2.0734523423E-5
1.5875732060E-5
1.0402419139E-5
1.2154818978E-5
1.6075070016E-5
8.3181192168E-6
1.0598194785E-5
9.0913963505E-6
4.5653665438E-6
8.7439548224E-7
1.4138605911E-5
1.3246771414E-5
1.6049004625E-5
1.8486136105E-5
7.1684946307E-6
7.0619047620E-6
1.1668645311E-5
1.6517064068E-5
5.8296369389E-6
1.3256096281E-5
1.2047542259E-5
8.7015680038E-6
2.7519371360E-5
8.1448932179E-6
1.7774046864E-5
9.7980373540E-6
1.3734679669E-5
7.1387272329E-6
1.2091849931E-5
5.1946146414E-6
1.6296200920E-5
1.2596999295E-5
1.6294268426E-5
1.4333543368E-5
1.8660281785E-5
2.2555957548E-5
1.4783733059E-5
1.1765712407E-5
3.3727497793E-6
3.1758099794E-7
-1.6187899746E-5
-1.1718715541E-5
1.8749933224E-5
3.7199608050E-5
5.0761830062E-5
1.6511592548E-5
9.7748124972E-7
4.8013753258E-6
-4.4297892600E-6
1.0004348587E-5
1.4546129387E-5
1.2478232384E-5
1.5020056162E-5
2.3578002583E-5
1.5545042697E-5
1.4971499331E-5
2.5599147193E-6
-3.2961135730E-6
7.2948867456E-6
1.5744811390E-5
1.3891584240E-5
2.7058413252E-6
7.5262854807E-6
1.1997611728E-5
1.4853384346E-5
1.6291916836E-5
4.9132853746E-6
2.1477031987E-5
4.9728201702E-6
1.3251625933E-5
1.9249180331E-5
9.9062221126E-6
1.7333566211E-5
1.8779991660E-5
1.1796283070E-5
4.8442743719E-6
7.8702112661E-6
9.4240996987E-6
1.5821028501E-5
2.7031637728E-6
7.0558278822E-6
1.1589087080E-5
1.3344211038E-5
2.2039492614E-5
1.8119125161E-5
2.2317608818E-5
6.6642649472E-6
1.7850426957E-6
1.0981259402E-5
7.4566807599E-6
6.0567166656E-6
1.3110169675E-5
1.5826860908E-5
4.0485057980E-6
1.2545764912E-5
1.2116029393E-5
1.4324299991E-5
8.7580527180E-6
1.1029548477E-5
7.0855254308E-6
1.2508255895E-5
1.3082125224E-5
1.2731400784E-5
1.0043708608E-5
8.8051427157E-6
1.3376446441E-5
1.6318669077E-5
1.4397373889E-5
1.2224819511E-5
3.7370831705E-6
6.2592444011E-6
1.9935157615E-5
8.3977938631E-6
9.5890369267E-6
4.9555907026E-6
2.4414062500E-5
1.4584336896E-5
1.5751004685E-5
1.1510960758E-5
7.6260883362E-6
1.1278933380E-5
9.5433671959E-6
1.1593173258E-5
1.6214721836E-5
1.1751416605E-5
1.1137104593E-5
1.4072773047E-5
8.8234315627E-6
8.3697959781E-6
1.9223475829E-5
1.5829689801E-5
1.4257687144E-5
1.3286795002E-5
1.0069482960E-5
1.1565582827E-5
1.4751683921E-5
1.4764512889E-5
1.2190721463E-5
7.9280231149E-6
1.8255645409E-5
1.6688031610E-5
5.6413817220E-6
1.3955833856E-5
1.0579323862E-5
1.4616944827E-5
1.1472648475E-5
1.9604375120E-5
1.0782631580E-5
1.0151742026E-5
1.0279042181E-5
7.4485782534E-6
5.7132565416E-6
1.4116149396E-5
3.4458586015E-6
1.2819003314E-5
1.4698028099E-5
1.2861331925E-5
1.3465806842E-5
9.2597329059E-6
1.0633072816E-5
1.3744737953E-5
1.7516000662E-5
1.7135369126E-5
4.2223604396E-6
9.1469381005E-6
1.2837711256E-5
9.9235679955E-6
1.1674070265E-5
1.4815106988E-5
2.1153991110E-5
5.7116500102E-6
1.5438906848E-5
6.7389803008E-6
1.7955084331E-5
1.0742340237E-5
1.0969757568E-5
1.6819627490E-5
5.8965873905E-6
1.1156208348E-5
1.4377071057E-5
8.5985637271E-6
1.9052461721E-5
1.8712715245E-5
1.3641349506E-5
1.6040680930E-5
1.7953524366E-5
1.4010269660E-5
1.6601872630E-5
5.7661673055E-6
1.8274935428E-5
1.0592688341E-5
5.0089322031E-6
1.1136091780E-5
4.1787279770E-6
6.6132866778E-6
8.7557127700E-6
9.1600581073E-6
4.6897330322E-6
1.7538201064E-5
1.6855821013E-5
1.4472682960E-5
1.5070056543E-5
5.1174662076E-6
1.3621477410E-5
7.5608841144E-6
1.2665428221E-5
7.1833608673E-6
1.2882519513E-6
1.1874653865E-5
1.3799814042E-5
4.7993380576E-6
1.1170597281E-5
1.1401018128E-5
4.4766580686E-6
3.8506695999E-7
7.2763534263E-6
1.4185556211E-5
8.5809268058E-6
7.1444083005E-6
2.1612143609E-5
2.6372610591E-5
-3.2295938581E-6
-6.5876985900E-6
6.6421343946E-6
1.8888979684E-5
2.0103051793E-5
1.6829930246E-5
1.9155186601E-5
9.3594426290E-6
2.5284592993E-6
3.5547418520E-6
3.7732999772E-6
1.0648684111E-5
8.6437328719E-6
8.5790641607E-6
6.4087682403E-6
2.2110866848E-5
-5.3651514463E-6
5.7438155637E-6
6.8023335189E-6
4.8088259064E-6
1.3637635857E-5
1.8480932340E-5
2.1656393073E-6
6.0425838456E-6
1.2263166718E-5
1.8586358055E-5
1.7175520770E-5
1.4138617553E-5
7.8196870164E-6
8.9605920949E-6
1.4676561113E-5
1.3520242646E-5
1.3815076090E-5
1.2121582404E-5
1.4467665460E-5
1.4737946913E-5
9.5341005364E-6
1.6511953436E-5
7.4313953520E-6
7.1378191933E-6
1.8232280854E-5
1.4262052719E-5
1.0908814147E-5
1.7293007113E-5
7.7226432041E-6
5.8449455537E-6
1.1931092013E-5
1.5596381854E-5
1.3151008170E-5
1.4165509492E-5
1.5805149451E-5
1.5101546887E-5
1.8198811449E-5
1.5005981550E-5
1.6151391901E-5
1.1043983977E-5
8.1025995315E-6
1.9504688680E-6
6.2214094215E-6
1.6800337471E-5
1.4197407290E-5
1.3831839897E-5
1.3947929256E-5
1.0552047752E-5
7.7137257904E-6
1.7440400552E-5
8.6644664408E-6
1.2886477634E-5
-3.1486386434E-6
6.7474553362E-6
1.9578333012E-5
1.1779484339E-5
1.4560692944E-5
1.6936310567E-5
3.9681093767E-6
1.2794532813E-5
5.8531994001E-6
4.2897299863E-6
4.5955996030E-6
1.4985026792E-5
1.4493241906E-5
1.8151046242E-5
9.4596645796E-6
1.7121806741E-5
1.9143917597E-6
1.8950400408E-5
1.6036268789E-5
1.8515274860E-6
1.0127131827E-5
5.6927325205E-6
1.0898883920E-5
1.9301672000E-5
1.8227484543E-5
1.7189816572E-5
8.9562498033E-6
1.3679941185E-5
2.2176059428E-5
1.4523824211E-5
2.7050380595E-6
1.4511786867E-5
4.0639424695E-7
2.4230219424E-6
1.2192130089E-5
2.3621716536E-5
1.2228463311E-5
2.2486061789E-5
1.3483129442E-5
1.3264641166E-5
1.6417494044E-5
1.6393023543E-5
1.4049431775E-5
1.6015942674E-5
9.5228897408E-6
1.1178385466E-5
1.1698319577E-5
1.4555884991E-5
1.3639091048E-5
7.7837146819E-6
2.7667265385E-6
1.4887331054E-5
1.2056308333E-5
1.1982664000E-5
2.0100409165E-5
1.8605974037E-5
2.0259083249E-5
2.4088518694E-5
3.1808996572E-5
1.3233604841E-5
-4.3378444389E-6
-1.5622458886E-5
-3.9788312279E-6
2.9206601902E-5
2.7601758483E-5
2.2902921773E-5
2.2918742615E-5
1.3731839135E-5
8.6675398053E-6
4.3580075725E-7
9.2084635981E-6
3.7502264604E-6
9.1784168035E-7
8.9673907497E-6
1.7438083887E-5
1.8367555458E-5
1.1884863488E-5
1.4103401918E-5
1.0629522149E-5
5.8088917287E-6
5.5133365095E-6
7.2828610429E-6
1.0695774108E-5
-7.7428994700E-7
1.8284353427E-5
1.4117266983E-5
7.6336087659E-6
7.1549555287E-6
1.5282141976E-5
2.0855932962E-5
3.5434612073E-6
9.6039613709E-6
6.9202040323E-6
1.0816776194E-5
8.8353524918E-6
1.0080530774E-5
9.8521355541E-6
9.7894808278E-6
1.0837626178E-5
7.1141985246E-6
1.4926423319E-5
6.0039339588E-6
1.4197162818E-5
3.3816555515E-6
1.0067829862E-5
2.0238105207E-5
1.0592420586E-5
1.3368867803E-5
7.6900818386E-6
7.2753406130E-6
1.0604737327E-5
6.4987223596E-6
5.0800270401E-6
9.2071830296E-6
3.6899233237E-6
1.1447502766E-5
1.1154927779E-5
9.7867334262E-6
1.3390241656E-5
1.2350012548E-5
1.5044712927E-5
1.0929442942E-5
1.2257543858E-5
1.2571970001E-5
1.6510766000E-5
2.0199187565E-5
1.1335802265E-5
1.3856869191E-5
1.4606141485E-5
1.2137251906E-5
8.3339982667E-6
7.8536220827E-6
1.3188540470E-5
1.3295980170E-5
2.0390702411E-5
1.2161128689E-5
1.5477743000E-5
1.9769172650E-5
5.5686803535E-6
1.6937206965E-5
1.3774714898E-5
1.0253710207E-5
1.2801017147E-5
1.1488061864E-5
1.2335181236E-5
8.4232655354E-6
1.2449629139E-5
9.9683995360E-6
1.5162792988E-5
8.6552812719E-6
1.6577250790E-5
7.7556818724E-6
3.2818177715E-6
8.6128246041E-6
9.9467346445E-6
1.3107166160E-5
1.8943671602E-5
1.8033676315E-5
1.5374750365E-5
9.8653370515E-6
1.1719635222E-5
8.7868771517E-6
1.4755711891E-5
1.2056529522E-5
1.1714606080E-5
1.5275704209E-5
3.2639014534E-6
1.0002881754E-5
6.9256871939E-6
6.4879539423E-6
7.2715687567E-6
1.6428914387E-5
1.5856709797E-5
1.5881366562E-5
1.3864866924E-5
1.1764199007E-5
1.4738005120E-5
7.2437454947E-6
9.1284746305E-6
1.0781059973E-5
1.1827459093E-5
1.1389644351E-5
1.4108221512E-5
1.2181501370E-5
1.0273221415E-5
2.4414062500E-5
1.6262184363E-5
8.8143046015E-6
1.3245386072E-5
6.4322026446E-6
1.6491243150E-5
1.3735028915E-5
1.4512415510E-5
4.3274136260E-6
1.4022947289E-5
7.5245974586E-6
1.3302767184E-5
7.6774624177E-6
9.9219731056E-6
1.2841774151E-6
1.9047874957E-6
1.7888436559E-5
1.3616704382E-5
5.8051315137E-6
8.2095852122E-6
1.3137422502E-5
-1.0931398737E-8
9.5222843811E-6
1.5522679314E-5
1.8724391702E-5
7.9887686298E-6
1.1154694948E-5
7.3449220509E-6
1.8331187312E-5
1.3509939890E-5
1.0213814676E-5
9.5318071544E-6
1.8337171059E-5
2.0547187887E-6
6.1914091930E-6
1.1932593770E-5
1.4082971029E-5
1.0351103265E-5
1.4797737822E-5
7.2535360233E-6
9.8057324067E-6
5.4048723541E-6
6.3995830715E-6
1.0332453530E-5
1.6599718947E-5
3.1911302358E-6
2.2489624097E-5
1.0648637544E-5
8.7282969617E-6
2.0721473265E-5
1.0289403144E-5
8.1864418460E-7
1.1368817650E-5
2.5024870411E-6
1.2027728371E-5
1.9588915165E-5
2.6284903287E-5
3.1584396492E-5
2.3555662482E-5
-2.1202617790E-5
-1.2544018682E-5
8.4896921182E-6
2.5200890376E-5
2.1033093799E-5
1.5560409520E-5
1.3040553313E-5
1.3450498227E-5
2.9014772736E-6
7.9566845671E-6
1.3613235205E-5
1.4735129662E-5
3.0508381314E-6
1.0281754658E-5
7.9892924988E-6
1.3230321929E-5
1.7951778136E-5
1.1991139036E-5
1.3474898879E-5
3.6743469536E-6
1.0662898421E-5
8.8648404927E-6
1.3957696501E-5
1.7091957852E-5
7.6659605840E-6
1.4248315711E-5
2.2126769181E-5
1.1938321404E-5
1.8993532285E-5
4.3719541281E-6
1.3378553558E-5
8.7075284683E-6
2.2133113816E-6
1.2117403094E-5
1.2287625577E-5
1.7747224774E-5
9.6831470728E-6
1.4391739387E-5
1.3949966524E-5
5.9252721258E-6
1.4159851708E-5
5.4187490605E-6
5.3583295085E-6
1.5319068916E-5
1.2460886501E-5
1.2575567234E-5
1.7127674073E-5
1.0428181849E-5
1.8762110267E-5
5.7625584348E-9
1.2630713172E-5
1.3973889872E-5
8.6663523690E-6
7.1357702837E-6
7.8396871687E-6
1.5503936447E-5
7.1375630797E-6
1.3323884923E-5
6.8133231253E-6
3.2610027119E-6
8.7844906375E-6
2.4201138876E-5
8.1806443633E-6
2.3742765188E-5
1.5573890414E-5
7.4198236689E-6
4.6873232350E-6
1.6718078405E-5
1.0932050645E-5
7.7097094618E-6
1.8106529023E-5
1.4152587391E-5
1.6422616318E-5
1.8270732835E-5
1.4297512826E-5
1.9677414093E-5
6.9771893323E-6
1.6345398035E-5
2.1788175218E-6
7.4965762906E-6
1.3174058404E-5
1.9776239060E-5
2.1238729823E-5
3.9935577661E-6
6.3644256446E-7
1.5203910880E-5
8.0622616225E-6
1.3409531675E-5
1.3282324653E-5
1.3805483468E-5
2.1285144612E-5
1.0194955394E-6
1.7619156279E-5
8.9269597084E-6
1.3997498900E-5
8.4919040092E-6
1.3891456183E-5
8.4578874521E-6
1.1939904652E-6
1.1722219642E-5
6.9159315900E-6
1.1476920918E-5
1.2777268421E-5
9.2989299448E-6
2.0831264555E-5
1.4971871860E-5
1.0511756409E-5
1.1238490697E-5
2.2954866290E-5
2.7037342079E-6
1.5152164269E-5
1.0209542234E-5
1.3281835709E-5
1.7817516345E-5
1.0938500054E-5
1.3499706984E-5
6.5188389272E-6
1.8639001064E-5
2.4672015570E-6
2.6406254619E-6
1.1658947915E-5
1.1930475012E-5
1.6549311113E-5
2.4962716270E-5
1.8818874378E-5
1.9622570835E-5
3.8487836718E-6
4.6243076213E-6
8.3509949037E-6
1.6777880955E-5
5.8345263824E-6
1.1839205399E-5
1.5773414634E-5
1.4337315224E-5
1.6457668971E-5
1.6914028674E-5
7.2422088125E-6
1.1558004189E-5
7.7406992205E-6
1.0807858780E-5
1.0944681708E-5
1.5843240544E-5
1.3092195150E-5
1.1680123862E-5
8.2896905952E-6
8.5813808255E-6
8.0885714852E-6
1.2201955542E-5
6.0330843553E-6
9.5880823210E-6
7.3772971519E-6
5.6458287873E-6
1.7886736896E-5
1.6771582887E-5
1.0436866432E-5
9.4227259980E-6
1.1654384434E-5
1.2455147225E-5
1.2334156782E-5
6.9702393376E-6
5.8774603531E-6
1.2522807811E-5
1.4834920876E-5
3.7473742850E-6
1.7011247110E-5
1.0042765644E-5
1.1385104153E-5
7.8342738562E-6
6.9851288572E-6
8.8819768281E-6
7.8482320533E-6
7.3639443145E-6
6.8207271399E-6
1.2779107783E-5
2.1038774866E-5
1.6700639389E-5
1.4370621648E-5
1.0565621778E-5
8.7113934570E-6
5.2545685321E-6
1.4508387540E-5
1.4347373508E-5
8.5578765723E-6
2.6710063684E-5
6.0650403612E-6
1.3637007214E-5
1.5491503291E-5
1.1385278776E-5
8.2966289484E-6
1.0378460866E-5
9.1544818133E-6
1.1920486577E-5
1.2284144759E-5
5.7443743572E-6
2.0432029850E-5
7.9363933765E-6
1.4424254186E-5
1.2921774760E-5
9.1103953311E-6
1.4194985852E-5
1.5849922784E-5
1.0315747932E-5
-4.1674356907E-7
4.4461339713E-6
1.0832026601E-5
2.2419844754E-5
3.5158358514E-6
1.2953544501E-5
8.5176550784E-6
1.0741676670E-5
6.3243554906E-6
6.6457199865E-6
1.1948891915E-5
5.3484924138E-6
9.0291374364E-6
9.3877897600E-6
1.0561605450E-5
1.0460312478E-5
8.8735250757E-6
5.8114412241E-6
1.3218657114E-5
3.1185103580E-6
1.5995861031E-5
1.0166701395E-5
1.1667783838E-5
1.5420804266E-5
1.3230356853E-5
9.9430675619E-6
1.0627717711E-5
6.9755828008E-6
8.0248108134E-6
9.9165597931E-6
7.3434668594E-6
1.6373698600E-6
6.6515873187E-6
1.1758739129E-5
1.3855111320E-5
9.9770957604E-6
1.4850334264E-5
1.2988806702E-5
-7.0907408371E-7
1.2311758474E-5
1.0555214249E-5
7.5083691627E-6
8.9652836323E-6
1.0812701657E-5
1.4735537115E-5
2.1382502746E-5
8.7568536402E-6
7.6112337411E-6
1.0853924323E-5
5.5858981796E-6
9.2706759462E-6
1.0266934987E-5
1.5279126819E-5
7.1875634603E-6
1.8817081581E-5
4.9147871323E-6
2.2876425646E-6
2.0042655524E-5
1.4452892356E-5
4.9984548242E-6
1.9697588868E-5
1.4908611775E-6
5.1512150094E-6
1.8807360903E-6
1.4223135076E-5
5.2355579101E-6
1.1774210725E-5
1.8676707986E-5
1.0287947953E-5
1.8365168944E-5
5.1553361119E-7
6.1353202907E-7
9.8222284578E-6
7.1866670625E-6
1.2493226677E-5
8.8160857559E-6
9.4175920822E-6
1.2583273929E-5
1.5107973013E-5
5.6363176555E-6
3.9842096157E-6
8.0140074716E-6
-4.1651073846E-7
1.2351782061E-6
1.0447762907E-5
1.1109828483E-5
1.0757276323E-5
1.2153969146E-5
1.7222610768E-5
1.7200445290E-5
1.6053009313E-5
6.4547057264E-6
1.4543242287E-5
9.1758323834E-6
6.9499947082E-9
1.2218626216E-5
1.6105268151E-5
7.3708826677E-6
1.6408285592E-5
1.0311184451E-5
1.3806123752E-5
1.0889559053E-5
5.4914737121E-6
-4.7786743381E-6
1.6367994248E-7
4.3820473366E-6
2.6731600519E-5
4.1189661715E-5
9.0185902082E-6
-4.7780340536E-7
6.6274777056E-6
6.0058315285E-6
1.9893411081E-5
1.4097953681E-5
1.5871005598E-5
1.6415142454E-6
6.6908425652E-6
1.2909458019E-5
6.7064887844E-6
1.4353031293E-5
7.7247736045E-6
6.2251463533E-6
1.4894688502E-5
6.8378401921E-6
8.0245081335E-6
1.4542380813E-5
5.0835311413E-6
1.0847568046E-5
6.2922714278E-6
1.6242975835E-5
1.2747733854E-5
1.6264244914E-5
1.3908627443E-5
1.3284757733E-5
1.0216608644E-5
1.4642055612E-5
1.2019858696E-5
-3.4663826228E-7
1.0375562124E-5
1.1302460916E-5
5.1556038671E-6
6.1720144004E-6
1.7748039681E-5
5.7916739025E-6
1.2976024300E-5
1.2760830578E-5
8.4054307082E-6
1.4810427092E-5
1.1805689428E-5
3.4271390177E-6
2.0690797828E-5
1.8486706540E-5
6.2350300141E-6
2.1351350005E-5
1.9365618936E-5
2.3376452736E-5
1.4854047913E-5
1.6576773487E-5
1.2893788517E-5
1.7104437575E-5
1.4489248861E-5
1.8566765357E-5
2.1490419749E-5
1.3529055286E-5
1.6290042549E-5
5.3860479966E-6
7.7025382780E-6
1.0700582061E-5
1.6694678925E-5
1.5929131769E-5
1.0154827032E-5
4.3606618419E-6
1.2171466369E-5
1.1500925757E-5
1.6786844935E-5
5.9875892476E-6
1.8878397532E-5
1.7536093946E-5
9.6749980003E-6
1.1663988698E-5
6.5170810558E-6
1.0514783207E-5
1.5512993559E-5
2.1747942082E-5
7.5701507740E-6
1.3543514069E-5
8.4663042799E-6
1.4820974320E-5
1.0681105778E-5
1.5473016538E-5
1.6896566376E-5
1.0926625691E-5
1.0258390103E-5
7.1007874795E-6
1.4260271564E-5
8.9915003628E-6
1.3868079986E-5
9.9431374111E-6
1.1523428839E-5
8.3466875367E-6
2.0542007405E-5
4.9849855714E-6
1.3883737847E-5
1.0236166418E-5
1.1676398572E-5
1.3862585183E-5
9.0723624453E-6
9.5653231257E-6
9.9937431516E-6
1.5780911781E-5
1.6964972019E-5
1.3642362319E-6
1.6309984494E-5
1.9845913630E-5
1.6709254123E-5
2.5910430121E-5
6.4185820521E-6
3.9025442675E-6
1.0609277524E-5
1.2929760851E-5
9.0696150438E-6
1.6883725766E-5
1.1162785813E-5
2.1385331638E-5
1.9966030959E-5
2.0132283680E-5
1.1952116620E-5
1.2040627189E-5
1.5591038391E-5
1.2096681166E-5
2.2448122035E-5
2.2043299395E-5
2.1792878396E-5
2.4927442427E-5
8.7792868726E-6
5.6362128817E-6
2.7055502869E-6
2.2658263333E-6
9.6199568361E-6
1.2844905723E-5
1.4276802540E-5
1.5564484056E-5
1.3144093100E-5
1.7648050561E-5
1.3452477288E-5
1.6758823767E-5
1.0811886750E-5
1.1973688379E-5
1.9211147446E-5
1.4840974474E-6
1.4670076780E-5
1.7638271674E-5
1.2729142327E-5
1.2637383770E-5
1.2925418560E-5
1.0531314183E-5
1.0121136438E-5
8.5257808679E-6
1.7170165665E-5
7.6660537162E-6
3.4257071092E-6
1.6631535254E-5
5.9825018980E-6
1.8512539100E-5
2.1470233332E-5
1.1448236182E-5
1.4323333744E-5
6.5716914833E-6
5.8124307544E-6
6.5423548223E-6
8.6207059213E-6
1.8433562945E-5
1.2725300621E-5
1.2880226132E-5
1.3640359975E-5
1.9832467660E-5
5.4177711718E-6
7.8157172540E-6
6.2580220402E-6
-1.7374288291E-6
1.2650981080E-5
5.8177858592E-6
9.0820482001E-6
1.0936462786E-5
7.5208023191E-6
1.5806499869E-5
8.8302767837E-6
1.1562916916E-5
1.6677717212E-5
1.2458057609E-5
1.4986807946E-5
1.2911285739E-5
1.7376791220E-5
1.0817474686E-5
7.1363407188E-6
1.3286632020E-5
2.2205524146E-5
8.9233973996E-6
1.0633911006E-5
1.5497906133E-6
1.5127088409E-5
6.1085098424E-6
1.2100907043E-5
1.5225633979E-5
1.1871405877E-5
1.4982628636E-5
7.9738674687E-6
6.7486776971E-6
5.6438730098E-6
2.6151770726E-6
1.1024507694E-5
4.8155547121E-6
1.1782930233E-5
1.1030863971E-5
1.0240706615E-5
5.8166915551E-6
1.4527980238E-5
1.1864549015E-5
7.4111390860E-6
1.6804062761E-5
1.4571147040E-5
7.7649834566E-6
6.6673033871E-6
1.5232188161E-5
4.7213281505E-6
1.5041849110E-5
1.2128311209E-5
1.2159498874E-5
8.8818371297E-6
9.9720782602E-6
8.2241371275E-6
6.9839530625E-6
1.3562571257E-5
1.0639510583E-5
1.5766127035E-5
1.2720224913E-5
4.4862390496E-6
1.8177914899E-5
1.3990467414E-5
6.5068830737E-6
1.7888809088E-5
9.6432864666E-6
1.1475163046E-5
8.5546751507E-6
1.0448717512E-5
-9.7652664408E-7
1.4789507259E-5
1.1921627447E-5
7.6419441030E-6
7.5151561760E-6
9.6733449028E-6
1.0348216165E-5
5.1180715673E-6
6.5374304541E-6
1.7341552302E-5
9.0511981398E-6
5.5688549765E-6
1.7282052431E-5
5.4781790823E-6
1.1956144590E-5
8.3531835117E-6
3.2602460124E-6
3.0270428397E-6
4.4525717385E-6
1.5869271010E-6
1.3736542314E-5
3.0745402910E-6
1.8394051585E-5
8.9391251095E-6
1.2308766600E-5
1.0028306861E-5
6.3359388151E-6
1.5144119971E-5
2.1061091684E-5
9.7994459794E-6
3.6637880839E-6
1.7452670727E-5
1.0776461568E-5
6.6228793003E-6
1.3097166084E-5
1.3613584451E-5
1.0879093315E-5
1.7587258480E-5
6.7413668149E-6
1.2290687300E-5
-6.3140643761E-6
1.8495752010E-5
1.0454142466E-5
1.7621589359E-5
1.9770336803E-5
1.4457141515E-5
1.2162642088E-5
1.4036463108E-5
8.2783401013E-6
1.4359678607E-5
6.1364844442E-6
1.4001701493E-5
1.5450175852E-5
1.6039435286E-5
1.1143682059E-5
2.0653032698E-5
9.7009935416E-6
1.8086703494E-5
9.4863120467E-6
6.0945749283E-6
7.5822579676E-6
1.2205482926E-5
1.4299771283E-5
2.3919553495E-5
1.2624752708E-5
2.4403037968E-5
1.8948642537E-5
5.6239892729E-6
-3.0767405406E-6
-1.1173961684E-5
-6.4758351073E-6
2.2754189558E-5
3.0451524071E-5
1.3481685892E-5
4.6625500545E-6
6.5804109910E-6
7.7366246842E-6
5.3474679590E-6
3.7960242480E-6
8.9382636361E-6
2.4685368407E-5
1.2758933008E-5
1.1364941020E-5
4.7874404118E-6
1.4256546274E-5
8.4701343440E-6
6.2933075242E-6
7.3997885921E-6
3.9354898036E-6
1.4968670439E-5
1.9625085406E-5
1.1015054770E-5
1.9611802417E-5
1.2545927893E-5
1.8142873887E-5
2.3646163754E-6
1.5489337966E-5
1.3704295270E-5
8.1936246717E-6
1.5444355086E-5
7.0928013884E-6
8.0035068095E-6
1.1081947014E-5
8.4587140010E-6
1.9291287754E-5
1.0236771777E-5
1.5411991626E-5
1.4082097914E-5
2.8362264856E-7
7.8172888608E-6
5.1117851399E-6
1.0826799553E-5
9.7383861431E-6
1.5534809790E-6
1.6644841526E-5
1.2368510943E-5
1.7148186453E-5
1.4144089073E-5
9.2033762485E-6
1.2216332834E-5
1.1369120330E-5
1.2368184980E-5
1.6221415717E-5
1.1602661107E-5
1.6990804579E-5
9.2395115644E-6
1.7402460798E-5
1.3564084657E-5
9.1307912954E-6
8.6933025159E-6
1.1440634262E-5
1.7723708879E-5
1.3647461310E-5
3.6148470826E-6
9.2470785604E-6
1.2079940643E-5
1.2565893121E-5
4.7067645937E-6
1.8903648015E-5
1.5685486142E-5
6.0808612034E-6
1.1001096573E-5
-5.8824662134E-8
7.1546528489E-7
5.6813820265E-6
1.9931478891E-5
7.5436430053E-6
1.6504339874E-5
1.4023913536E-5
4.4886604884E-6
1.2343446724E-5
1.2836663518E-5
1.6453745775E-5
9.8711461761E-6
5.8682868257E-6
1.0626390576E-5
2.5230576284E-6
1.2216879986E-5
1.6178959049E-5
1.8865289166E-5
1.7047487199E-5
1.5191116836E-5
1.3967754785E-5
1.5741505194E-5
9.0749934317E-6
1.9061693456E-5
1.1059688404E-5
1.0049564298E-5
5.0464062952E-6
2.0574009977E-5
9.6072210000E-6
1.5804707073E-5
-3.5506673278E-9
1.7288816161E-5
4.2752828449E-6
2.5992398150E-6
1.7724430654E-5
2.2354430984E-5
1.1351634748E-5
1.3642699923E-5
2.2353837266E-6
7.6744821855E-6
1.1726049706E-5
7.1972724983E-6
1.2096401770E-5
5.0296657719E-6
8.0094789156E-6
1.2126797810E-5
2.0129838958E-6
1.3895181473E-5
1.2792902999E-5
8.0181518571E-6
8.6645013654E-6
1.8106191419E-6
1.9163941033E-6
5.2514253185E-6
1.8177635502E-5
1.7931160982E-5
1.9602186512E-5
2.1018797997E-5
1.2092932593E-5
6.4056133852E-6
6.5583735706E-7
7.3400093243E-6
4.7250650824E-6
1.5039497521E-5
1.8640398048E-5
8.1838341430E-6
1.5306891873E-5
1.4415930491E-5
1.3986136764E-5
1.3116782066E-5
4.1136983783E-6
1.0636227671E-5
1.0660709813E-5
1.5835207887E-5
3.1209317967E-6
6.9544767031E-6
1.4286243823E-5
1.9339309074E-5
1.1672289111E-5
1.5520385932E-5
6.1055878178E-6
9.0530142189E-6
1.0945927352E-5
1.4201097656E-5
1.0500336066E-5
1.2719922234E-5
1.9887543749E-5
1.3848638628E-5
1.6064674128E-5
1.8289813306E-5
4.6103494242E-6
1.3630732428E-5
1.1262984481E-5
9.1165653431E-6
1.3070623390E-5
9.3069276774E-6
2.0579667762E-6
4.7217123211E-6
1.4274031855E-5
1.0664446745E-5
1.5146448277E-5
5.4741976783E-6
1.4623871539E-5
5.7826167904E-6
6.0566933826E-6
9.4841467217E-6
1.9200344104E-5
1.7296418082E-5
1.1766073294E-5
1.2559059542E-5
8.9989509434E-6
1.2060429435E-5
1.2078520376E-5
4.6303728596E-6
1.0630011093E-5
9.3245296741E-6
4.9006310292E-6
1.0746298358E-5
1.1094333604E-5
4.7833193094E-6
1.4241028112E-5
7.4262148701E-6
1.4104705770E-5
6.4256484621E-6
3.4783501178E-6
1.7717899755E-5
1.0949105490E-5
9.9062221125E-6
2.0531122572E-6
1.3284233865E-5
9.9998898805E-6
7.9708872365E-6
4.2356085032E-6
1.2598140165E-5
9.0637593530E-6
-1.0973308235E-6
9.8214717583E-6
1.6282207798E-5
1.7342506908E-5
1.7234531697E-5
7.4260169641E-6
1.5280558728E-5
4.6101631598E-6
1.5472341329E-5
1.1878029909E-5
1.6957172193E-6
9.6628209577E-6
8.7063177489E-6
2.1488848142E-5
9.6674077214E-6
1.1340237688E-5
1.0812480468E-5
6.6933338531E-6
6.1322934927E-6
7.0970621892E-6
9.8853604869E-6
8.6104613731E-6
8.5070845672E-6
9.2733302155E-6
1.2670387514E-5
8.7723950856E-6
1.9360694568E-5
1.9866030197E-5
1.3532186858E-5
9.3604903669E-7
9.0982764960E-6
1.7633079551E-5
5.4550007917E-6
1.0225654114E-5
4.9806432798E-6
8.0363941380E-6
1.0104442481E-5
2.2767903283E-5
1.1471530888E-5
5.0508999266E-6
9.9528464489E-6
1.2547965162E-5
8.2265818493E-6
8.8023487479E-6
2.0642566960E-5
9.4132497907E-6
8.2538346761E-6
9.5103401693E-6
1.4171085786E-5
1.3950932771E-5
4.3943175115E-6
9.1924797744E-6
1.2637162581E-5
6.5118656494E-6
7.5902091340E-6
1.9430811517E-5
2.0691892132E-6
1.3653351925E-5
2.0491785835E-5
1.0848115198E-5
2.6353285648E-6
4.9751484767E-6
1.3874040451E-5
5.6361895986E-6
9.3954382466E-6
1.4095893130E-5
1.4002225362E-5
1.1528702453E-5
1.4457781799E-5
1.2360990513E-5
1.1038780213E-5
1.3233628124E-5
7.2441878730E-6
1.3289274648E-5
1.5969423112E-5
4.6955305152E-6
1.2799934484E-5
9.4988499769E-6
1.6391067766E-5
1.3335375115E-5
1.6754644457E-5
6.2537845225E-6
1.2662191875E-5
1.0335457046E-5
8.4620784038E-6
1.4157663099E-5
1.7997832037E-5
1.4366058167E-5
1.2892577797E-5
1.4841090888E-5
1.9993970636E-5
8.6928601377E-6
-6.8665249273E-6
5.5823242292E-6
4.5535620302E-6
6.7212851719E-6
9.7178271972E-6
1.2172246352E-5
2.9305228963E-5
3.5518128424E-5
1.8642260693E-5
-1.9552232697E-5
-1.3016315643E-5
1.8710398581E-5
2.0364089869E-5
1.6528565902E-5
1.7855758779E-5
1.5417870600E-5
1.5228276607E-5
1.0975683108E-5
6.5124710091E-6
1.4864478726E-5
1.4154310338E-5
1.0468577966E-5
1.3539590873E-5
1.7831008881E-5
1.2282899115E-5
1.0272383224E-5
1.0460987687E-5
1.4225766063E-5
6.5568950959E-6
7.7979872004E-6
1.1935480870E-5
1.2439221609E-5
1.5819328837E-5
1.1864001863E-5
8.8152708486E-6
5.8128614910E-6
6.9972244092E-6
-1.0342919268E-6
9.2540401966E-6
1.7121864948E-5
1.5605322551E-5
7.3862494901E-6
6.3649378717E-6
1.9431381952E-5
1.0546715930E-5
7.9034594819E-6
1.8499698490E-5
6.8951398135E-6
9.1520603747E-6
1.3176666107E-5
1.1556106620E-5
1.6305444296E-5
1.3583991677E-5
1.3851746917E-5
8.9502427727E-6
1.7825234681E-5
5.2099348977E-6
1.0133115575E-5
1.4902942348E-5
1.9139284268E-5
1.7435941845E-5
1.3521988876E-5
1.5096506104E-6
4.4379499741E-6
1.7671135720E-5
9.4509683550E-6
9.6261501314E-6
1.3959454373E-5
9.3502108940E-6
1.7882091924E-6
1.4548120089E-5
1.2670492288E-5
7.6737371274E-6
1.1036416981E-5
6.9515546784E-6
6.1581842602E-6
1.1704734061E-5
1.9014603458E-5
1.2759957463E-5
1.6090064309E-5
9.3637849205E-6
6.0625607148E-6
1.1608109344E-5
1.6201520339E-5
7.3439325207E-6
1.1312018614E-5
1.1459318921E-5
1.1234765407E-5
7.9252058641E-6
7.8164273874E-6
7.4019306340E-6
1.1791067664E-5
1.0483758524E-5
9.1618392617E-6
3.9855949581E-6
6.9591565990E-6
7.2571332568E-6
9.2239934020E-6
2.0682404283E-5
9.3885813840E-6
6.6186068580E-6
7.8153214418E-6
8.9120003395E-6
1.8268602434E-5
9.6586183645E-6
1.2499117292E-5
-2.8681242839E-7
6.9593079400E-8
7.2342343629E-6
1.4805386309E-5
1.1069583707E-5
1.4468410518E-5
8.8889501058E-6
1.0556518100E-5
6.7838584074E-6
4.8462650739E-6
3.1589530409E-6
-9.4211427497E-7
1.8385227304E-5
9.9595170469E-6
1.0864355136E-5
1.0999641381E-5
9.1478112154E-6
1.5827012248E-5
9.9624856376E-6
1.3679917902E-5
1.1585431639E-5
3.8291793317E-6
7.2275288404E-6
-5.9301964934E-8
1.4310982078E-5
1.0942504741E-5
2.1035748068E-5
2.6375090237E-5
1.3645400759E-5
-1.2528116349E-5
-2.5144661777E-6
5.8587174863E-6
1.9381416496E-5
1.8637161702E-5
1.4427129645E-5
6.7556276918E-6
1.3740395662E-5
1.0295514949E-5
3.2886047847E-6
4.9396767281E-6
1.5650875867E-6
1.7513707280E-5
5.9618381784E-6
1.0173080955E-5
7.4508017861E-6
1.2044992764E-5
1.6128190327E-5
9.1001158581E-6
1.0629685130E-5
1.5479209833E-5
-8.6080981418E-7
5.9533631430E-6
8.7031396107E-6
1.6981910448E-5
8.6907297374E-6
1.3581383973E-5
9.9361175672E-6
1.1476967484E-5
6.5621337854E-6
1.3669859618E-5
6.3164043241E-6
1.2536474969E-5
9.6784206109E-6
5.0565926358E-6
1.7999834381E-5
1.5870167408E-5
1.1873082258E-5
1.4081085101E-5
1.6128248535E-5
1.5392596833E-5
2.0717561710E-5
1.6255246010E-5
1.7359142657E-5
2.7603004128E-6
7.1877031587E-6
1.2821296696E-5
9.0328278021E-6
1.4760193881E-5
9.7756739707E-6
4.9856142141E-6
4.4478569180E-6
1.0419485625E-5
6.3968240284E-6
1.2803077698E-5
8.4112514743E-6
1.6356119886E-5
6.0270656832E-6
1.3796356507E-5
-1.9178376533E-6
1.1156836990E-5
1.0391406249E-5
1.2549117673E-5
1.0556867346E-5
1.3391277753E-5
1.2602342758E-5
9.7112380900E-6
1.2263061944E-5
1.3826345094E-5
1.4856806956E-5
1.0117131751E-5
-9.7082229332E-7
1.0072579607E-5
1.0116258636E-5
1.2794462964E-5
1.0328006465E-5
9.1783935204E-6
4.4931424782E-6
1.2460188009E-5
1.5642296057E-5
1.0789942462E-5
1.0843761265E-5
7.4524432421E-6
1.7393636517E-5
1.5364889987E-5
1.7756538000E-5
1.1837133206E-5
8.2285492682E-6
1.6695901286E-5
1.2762192637E-5
1.4346104581E-5
4.5529566706E-6
1.6097852495E-5
9.9485972897E-6
1.2106157374E-5
1.2322119437E-5
4.1238847189E-6
1.0453024879E-5
2.5704153814E-6
1.0036618915E-5
1.4942442067E-5
1.4155870303E-5
-9.3596754597E-7
6.8472814747E-6
1.0302034207E-5
7.6642842033E-6
7.3708361015E-6
1.5558151063E-5
1.8050253857E-5
9.9068274722E-6
7.3524890469E-6
9.9589349703E-6
3.5549630411E-6
1.3911852147E-5
9.7726238892E-6
7.2186114267E-6
1.0228797328E-5
1.2868421618E-5
8.3448016085E-6
1.5642528888E-5
9.5058116131E-6
1.9208854064E-5
1.3558729552E-5
1.5785777941E-5
1.1425430421E-5
1.1813128367E-5
8.9718610981E-6
1.0941375513E-5
6.8578403444E-6
1.5031883959E-5
2.3616000544E-5
1.6702630091E-5
1.5155458823E-5
7.8608514742E-6
1.3460591436E-5
1.7424137332E-5
5.5333133787E-6
4.9176160246E-6
6.0962163844E-6
1.5233724844E-5
1.2011965737E-5
1.9292370416E-5
1.9267399330E-5
1.5544972848E-5
1.7494382337E-5
2.2315583191E-5
1.8359301612E-5
2.3354426957E-6
1.4161458239E-5
5.8311852627E-6
2.1481711883E-5
1.1871999595E-5
7.4887298980E-6
6.1865430326E-6
8.8813249020E-8
1.0457285680E-5
8.1496546045E-6
6.2838895247E-6
5.0212955103E-6
1.2698699720E-5
1.1924549472E-5
1.6674259678E-5
9.2247966677E-6
1.3439485338E-5
1.2010848150E-5
8.0517260359E-6
1.6648822930E-5
8.5462583230E-6
1.1309247930E-5
7.8081968241E-6
1.2128602248E-5
4.9626338296E-6
9.4624701888E-6
2.6026880368E-5
9.7541022116E-6
1.2624717783E-5
1.1274940334E-5
-4.8993038945E-6
-6.7649874837E-6
-2.1975953132E-6
3.2510643359E-5
3.7273531779E-5
1.5684973914E-5
5.3163967095E-6
-1.9191415049E-6
8.0837286078E-6
-1.4125718735E-6
1.0163057596E-5
1.8652644939E-5
8.7377731689E-6
1.6663002316E-5
1.5234877355E-5
1.8895056564E-5
3.1875795685E-6
4.5636552386E-6
1.3023521751E-5
8.1685837359E-6
8.9513487184E-6
4.1197636165E-6
-2.6514753699E-7
9.2298840174E-6
1.7261714674E-5
1.5201896895E-5
1.5864463057E-5
1.0913750157E-5
1.0041252244E-5
1.5821016859E-5
1.4828471467E-5
1.2035784312E-5
1.2627826072E-5
9.7215874121E-6
1.0854331777E-5
1.9333604723E-5
4.8169167713E-6
-4.7468347475E-7
1.5483528841E-5
2.0639342256E-5
7.5684045443E-6
5.0404691138E-6
7.0984591730E-6
6.3909101300E-6
1.5240453649E-5
1.1917261872E-5
1.1023832485E-5
1.4139572158E-5
8.1103527919E-6
1.2502423488E-6
7.0941052400E-6
1.4036835637E-5
1.0843493510E-5
4.2693805881E-6
7.9765217380E-6
3.2202573493E-6
1.1667795479E-5
1.1774140876E-5
1.2885255273E-5
5.8944686316E-6
1.3478775509E-5
1.6887858510E-5
1.2501911260E-5
1.8386519514E-5
1.4910649043E-5
1.4182832092E-5
9.9457101897E-6
1.3545283582E-5
9.6007832328E-6
1.7242238391E-5
7.5569842012E-6
1.0588765144E-5
7.1284826846E-6
4.8503512517E-6
8.9196022600E-6
1.0325491894E-5
1.8904311582E-5
2.1786917932E-5
1.3548496645E-5
1.0633538477E-5
4.0699960664E-6
1.4562532306E-5
1.1598027777E-5
-1.7980346456E-7
9.3513750472E-6
4.5510823838E-6
9.7207142972E-6
2.1395273506E-5
1.6394129488E-5
1.0168529116E-5
9.4838440419E-6
1.7403590027E-5
1.2544682250E-5
1.1947599705E-5
4.2065163143E-6
1.2341421097E-6
5.6298216805E-6
4.4828979299E-6
6.7296437920E-6
1.4477188233E-5
5.8501609601E-6
5.4840696976E-6
5.9490441345E-6
6.5682688728E-6
6.4541934990E-6
7.2304042988E-6
1.5222455841E-5
1.5587708913E-5
1.8418137915E-5
1.1521636043E-5
5.0285132602E-6
1.3922550716E-5
4.4656917436E-8
5.2290270105E-6
8.2200742328E-6
1.0229856707E-5
1.1758587789E-5
1.4916458167E-5
1.2953288388E-5
1.3436912559E-5
1.0278134141E-5
1.3204442803E-5
5.1387120039E-6
7.4904412032E-6
9.2863338069E-6
1.2306252029E-5
5.2968389355E-6
1.3596704230E-5
1.6417272855E-5
3.9754202590E-6
5.6543154643E-6
1.5474762768E-5
3.6938942503E-5
2.7030392084E-5
-6.9812638686E-6
1.5493133105E-6
-5.3468393162E-7
9.1938301922E-6
1.4772312716E-5
2.0190572831E-5
1.1075346265E-5
1.1613022070E-5
6.4348452725E-6
1.8951715901E-6
1.6510428395E-5
1.0539905634E-5
9.8581076600E-6
1.6178085934E-5
6.3101877459E-6
2.5383441243E-5
1.0630534962E-5
1.7971801571E-5
3.4526339732E-6
6.0970080086E-6
1.0937347543E-5
1.3972714078E-5
1.5212316066E-5
6.4180465416E-6
1.2317358051E-5
1.8641748465E-5
1.0950677097E-5
1.7146568280E-5
1.2650992721E-5
1.4998624101E-5
1.5005725436E-5
2.1249148994E-5
1.5039136633E-5
4.5822234825E-6
1.3909093104E-5
1.4122086577E-5
1.2357020751E-5
1.2248859275E-5
1.2114248239E-5
5.1322975196E-6
1.2902042363E-5
1.3898999896E-5
9.3293609098E-6
1.0283000302E-5
1.6424618661E-5
1.6861350741E-5
1.2203701772E-5
4.9339025282E-6
9.5376628451E-6
1.2722006068E-5
1.1467083823E-5
9.6704578028E-6
1.4125206508E-5
1.0945776012E-5
1.8654391169E-5
1.6458448954E-5
1.1878530495E-5
1.0117073543E-6
1.6839883756E-5
1.0236387607E-5
1.7822440713E-5
2.0312308334E-5
8.1771053374E-6
9.5333438367E-6
2.1560944151E-5
1.4407897834E-5
1.3640196994E-5
7.0930691436E-6
1.6234733630E-5
1.5097600408E-5
1.3980269432E-5
8.6399726570E-6
1.2979970779E-5
1.7251528334E-5
1.3377610594E-5
1.0085734539E-5
5.7096360251E-6
9.2397211121E-6
8.7575754151E-6
1.7704581842E-5
4.4621061534E-6
7.6722237283E-6
1.2304726988E-5
9.2947506346E-6
1.6513455193E-5
7.6434225776E-6
1.7471006140E-5
9.1445166618E-6
6.1687547714E-6
9.8634860479E-6
9.0947141870E-7
6.3452986070E-6
9.7070238553E-6
7.7885692008E-6
4.1431514546E-6
1.3627926819E-5
1.0177434888E-5
1.1809379794E-5
7.4280542323E-6
1.6319600400E-5
5.2549876269E-7
3.4033437259E-6
1.4603836462E-5
5.1559531130E-6
5.4065254517E-6
1.1376291514E-5
5.7075754740E-6
2.9552029446E-6
1.2419349514E-5
1.7395056784E-5
1.6096828040E-5
1.2536346912E-5
1.1344312225E-5
1.3558275532E-5
9.5820287243E-6
4.7084409744E-6
6.4446707257E-6
2.0369014237E-5
8.0475816505E-6
5.1981536672E-6
6.4639258198E-6
1.1420494411E-5
1.5686627012E-5
9.9274562673E-6
1.2837420218E-5
9.2799309642E-6
8.4825442174E-6
1.0086083785E-5
5.0700502470E-6
9.1369030998E-6
1.2131570838E-5
1.0746391490E-5
1.5939364675E-5
6.9895293564E-6
1.4034123160E-5
6.8870373071E-6
2.3031141609E-6
7.3674949818E-6
1.6650615726E-5
1.4132040087E-5
1.2669921853E-5
1.7185811885E-5
1.0171486065E-5
1.4041352552E-5
1.3279146515E-5
1.0048598051E-5
2.2798299324E-5
4.1174818762E-6
8.8800792584E-6
1.8606102094E-5
8.2870130428E-6
2.3401202633E-5
1.3255502563E-5
1.3369193766E-5
5.4262345657E-6
4.7742738389E-6
1.0656146333E-5
5.4221483879E-6
1.2851727661E-5
8.1618665719E-6
9.8969438115E-6
1.0844739154E-5
1.4346884564E-5
1.0808790103E-5
6.0043181293E-6
1.1757831089E-5
8.2558253779E-7
1.1713255663E-5
8.7922671810E-6
5.8333389460E-7
2.5426154025E-6
-1.1363532394E-6
1.7678376753E-5
3.9853260386E-5
1.8677953631E-5
-1.3761839364E-5
-2.1266529802E-5
1.0814855341E-5
2.3465231061E-5
2.2119050845E-5
1.5166518279E-5
1.6607996077E-5
2.1878711413E-5
9.1614900158E-6
5.1125884056E-6
9.2142028734E-6
1.0805053171E-5
1.0302418377E-5
1.2049707584E-5
6.1205588282E-6
1.7790694255E-5
1.3497902546E-5
3.5973498598E-6
6.3503044658E-6
1.3135769404E-5
-5.5305659771E-6
1.1892605107E-5
1.0465597734E-5
6.2268693001E-6
1.2149754912E-5
1.5824357979E-5
7.1388669313E-6
1.8213421572E-5
2.3329327814E-5
1.4783500228E-5
1.8024328165E-5
7.6731434093E-6
7.1044894867E-6
1.0102463421E-5
7.6534575783E-6
2.2599217481E-5
9.9669443444E-6
1.0295701213E-5
1.6732816584E-5
2.1955580450E-6
7.9853809439E-6
1.6594666522E-5
1.3089412823E-5
1.1047627777E-5
9.6737407149E-6
7.7175325715E-6
1.3529125135E-5
5.6703109295E-6
1.2955255807E-5
1.3035337906E-5
2.0199234131E-5
1.3342138846E-5
1.6574037727E-5
1.2612284627E-5
1.3725052122E-5
1.2400653213E-5
1.2237194460E-5
1.2854370289E-5
1.1212576646E-5
1.0632153135E-5
1.5691271983E-5
4.8528425395E-6
5.7380530052E-6
1.2528104708E-5
1.2743251864E-5
1.1840963271E-5
9.3492097222E-6
1.6494793817E-5
5.2949297242E-6
1.3195385691E-5
1.3166118879E-5
1.5476252884E-5
4.2598578148E-6
1.5098450240E-5
1.2756080832E-5
8.2106329502E-6
5.7592522353E-6
8.4646511823E-6
1.0439369362E-5
2.0004448015E-5
1.3245618902E-5
1.2550025713E-5
3.0560069718E-6
1.5871867072E-5
1.3941281941E-5
2.8414186090E-6
1.2537243310E-5
6.8954774179E-6
7.8204902821E-6
1.1348049156E-5
7.8349141405E-6
2.5357585400E-5
1.5542434994E-5
1.6334746033E-5
1.2511690147E-5
7.8237149866E-6
6.0918042436E-6
5.3417752497E-6
2.2291787900E-6
9.0164714493E-6
1.7290317919E-5
1.4800950885E-5
9.3511771412E-6
7.2095775978E-6
2.8644688428E-6
7.1834190749E-6
1.1887983419E-6
2.0555814262E-5
9.4874761999E-6
1.0264466982E-5
1.2651516590E-5
1.2467708439E-5
1.5288894065E-5
1.0205444414E-5
1.1721090414E-5
9.2671834864E-6
8.5451407359E-6
1.4530343469E-5
1.5459675342E-5
2.2975017782E-5
6.9225672633E-6
1.4651764650E-5
9.5358467662E-6
5.7024299167E-6
2.0153820514E-5
1.3084430248E-5
7.3223141954E-6
1.3151229359E-5
1.4306523372E-5
1.3429252431E-5
8.7939435617E-6
1.2071116362E-5
6.6280830652E-6
5.1090843044E-6
3.1191157176E-5
2.2535922471E-5
-4.7940178775E-6
-5.8004399762E-6
9.4805378468E-6
3.4479307942E-6
1.1090550106E-5
1.3449008111E-5
1.7615896649E-5
7.2087277659E-6
1.6601360403E-5
1.2496509589E-5
8.6837215350E-6
5.8357603848E-6
6.8150460721E-6
1.0617927182E-5
1.5929143410E-5
1.5147554223E-5
7.3077157140E-6
5.8933161199E-6
1.8066552002E-5
1.9382988102E-5
9.5612718724E-6
9.4391172753E-6
1.1803279631E-5
8.5748964921E-6
1.0276853573E-5
1.6153848264E-5
1.1699425522E-5
1.0781618767E-5
1.3784668408E-5
1.1638388969E-5
1.2822612189E-5
3.3463235013E-6
1.1606095359E-5
1.0803027544E-5
5.4950360210E-6
9.4528310001E-6
1.6024324577E-5
1.2062035967E-5
1.0810524691E-5
8.1422040240E-6
1.6612710897E-5
1.2570421677E-5
1.1316651944E-5
9.5703173430E-6
1.3090181165E-5
1.3513595331E-5
5.6907883846E-6
1.2146029621E-5
1.5457719564E-5
1.1709285900E-5
1.3315782417E-5
1.7304322682E-5
4.6500819735E-6
8.2985148766E-6
1.8805474974E-5
8.5415667855E-6
8.7296008133E-6
1.6829464585E-6
1.7526466399E-5
6.5674190410E-6
7.2219874711E-6
1.1314067524E-5
8.2280021162E-6
9.4437738881E-6
1.2906000484E-5
1.5473912936E-5
9.1641792096E-6
1.5696545597E-5
4.5109540224E-6
6.8216817455E-6
1.6149762086E-5
9.5068360679E-6
8.0170109869E-6
5.7423370891E-6
1.2729852460E-5
1.2414646335E-5
1.1887925211E-5
1.4844932594E-5
1.4381890651E-5
9.7834388725E-6
1.1254253332E-5
1.2888782658E-5
3.3769756555E-6
1.0421907064E-5
2.7082394808E-6
8.0557540060E-6
1.1113937944E-5
5.2995281294E-6
1.1447584257E-5
5.5814743973E-6
1.0912795551E-5
1.8015713431E-5
1.1332018767E-5
6.6025997513E-6
1.1460995302E-5
1.7756852321E-5
7.2724651546E-6
1.4482112601E-5
1.4960113913E-5
1.3328180648E-5
4.5634107664E-6
1.5200942289E-5
8.7254913524E-6
1.6639835667E-5
1.5659688506E-5
8.5113220850E-6
1.2829701882E-5
1.2873939704E-5
8.6812651717E-6
1.6556179617E-5
2.2077315952E-5
4.5239692554E-6
2.4408916943E-6
6.9205882029E-6
1.0782701429E-5
1.4436733909E-5
1.1241447646E-5
1.5014293604E-5
8.8724307716E-6
7.6247612015E-6
2.5014358106E-5
4.6860775911E-6
9.5801311546E-6
1.3858044986E-5
1.3817939907E-5
5.7641649619E-6
7.4801151641E-6
1.1610193178E-5
8.1284786576E-6
2.1806033328E-5
6.8129156717E-6
1.3179727830E-5
1.2565986253E-5
7.8389886768E-6
9.2388014310E-6
5.6512071751E-6
1.1333369184E-5
4.8146466725E-6
1.3987638522E-5
8.9575652966E-6
1.7657631542E-5
9.8313204945E-6
2.0294985734E-5
3.4305849113E-6
1.5114597045E-5
1.5944021288E-5
6.8446388469E-6
7.6124793851E-6
1.0579708032E-5
9.2517002487E-6
1.1045322754E-5
1.0126410052E-5
1.9737961702E-5
2.9081909451E-5
6.9235800767E-6
1.6732397489E-5
4.7109089792E-6
7.0890760981E-6
8.5521722213E-6
-5.2491552196E-6
5.6686694734E-6
4.0960963815E-6
2.1060300059E-5
1.3214326464E-5
2.4014967493E-5
2.2535084281E-5
5.0391536206E-6
-1.8979329616E-5
-1.6079284251E-5
1.8614693545E-5
4.7222129070E-5
2.0659249276E-5
1.8321478274E-5
-1.4799647033E-6
5.0595612265E-6
3.1258095987E-6
1.4503835700E-6
1.1619972065E-5
1.1691625696E-5
9.7918440588E-6
1.1166231707E-5
6.5718777478E-6
1.9055884331E-5
7.3566567153E-6
9.8377000541E-6
5.7207653299E-6
2.9132352210E-6
4.0367012842E-7
2.9270187952E-6
1.1777004693E-5
1.1641497258E-5
1.2378580868E-5
8.0695259386E-6
1.5565135982E-5
1.4892208856E-5
9.6082920209E-6
1.2858654372E-6
-2.1012965591E-7
5.3820665926E-6
4.4723739848E-6
4.8876274378E-6
2.3693114053E-5
3.4832861274E-6
1.5364738647E-5
5.2452087402E-6
1.3108924031E-5
6.1749829911E-6
3.8137543015E-6
2.4091801606E-6
2.0639924332E-5
7.6140509919E-6
5.1598763093E-6
2.3828400299E-5
1.2110651005E-5
1.1950125918E-5
-2.1205749363E-6
4.7272420489E-6
6.0768914409E-6
3.4011784009E-6
1.6759242862E-5
4.8407935538E-6
7.4376701378E-6
7.6316064224E-6
7.1323476733E-6
1.6998325009E-5
9.0085086413E-6
1.4128792100E-5
1.7916143406E-5
1.3797753490E-5
6.9437082858E-6
1.0050937999E-5
8.4391445853E-6
9.1075431556E-6
5.8508128859E-6
1.3210822363E-5
1.2269953731E-5
8.5545470939E-6
1.4144543093E-5
1.0959280189E-5
7.4801850133E-6
1.1996028479E-5
1.5540164895E-5
1.0985333938E-5
8.1343925559E-6
5.3325667978E-6
1.1080177501E-5
1.1014938355E-5
1.0465132073E-5
1.3944134116E-5
1.7026090063E-5
1.3519846834E-5
9.5746363514E-6
9.8155229353E-6
4.0028709918E-6
1.0634225328E-5
1.1962861754E-5
1.6294897068E-5
7.8762997875E-6
1.3877218589E-5
1.4223204926E-5
5.7564815507E-6
1.2653681915E-5
1.3768824283E-5
3.3992924728E-6
1.0360416491E-5
1.8199323676E-6
1.4777516481E-5
1.6595830675E-5
6.3921557740E-6
8.7463646197E-6
-1.6090925783E-7
1.1207489297E-5
2.7064932510E-6
8.4189581686E-6
7.5126299635E-6
1.6797427088E-5
6.9120316766E-6
1.7741566989E-5
4.6932138503E-6
6.8604480476E-6
1.0795309208E-6
1.5189475380E-5
4.7021545470E-6
3.2152980566E-6
1.2809375767E-5
1.1977506802E-5
8.5198204034E-6
1.1605001055E-5
1.7313729040E-5
4.6392902732E-6
1.7485267017E-5
1.0888418183E-5
8.5852807388E-6
1.6252626665E-5
8.2111335361E-6
1.4345394447E-5
1.0682037100E-5
1.2517662253E-5
1.1863256805E-5
9.7084557639E-6
1.5016621910E-5
1.7568096519E-5
1.6317109112E-5
5.4636737332E-6
9.3879643828E-6
1.2944219634E-5
6.4364052378E-6
-1.4826771803E-6
1.2154702563E-5
2.8490473050E-5
2.8634036425E-5
-4.9731694162E-6
3.9657228627E-6
5.6767603383E-6
6.3866842539E-6
1.5305238776E-5
9.4277667814E-6
1.7763313372E-5
1.5771284234E-5
1.8922938034E-5
2.0963267888E-5
2.4414062500E-5
1.6158097424E-5
7.5096497313E-6
1.3597565703E-5
1.2187729590E-5
1.0288087651E-5
3.7907622755E-6
1.7562985886E-5
1.0524073150E-5
1.2997561134E-5
7.7781151050E-6
6.2947045081E-6
1.6557029448E-5
6.3325045631E-6
1.5209231060E-5
1.0269798804E-5
1.9231927581E-5
7.6770433226E-6
8.5153384135E-6
1.8633226864E-5
1.8406356685E-5
8.1069651062E-6
2.1624262445E-6
9.0943067336E-6
6.8587716670E-6
1.7750030383E-5
7.3799630628E-6
1.0202068370E-5
8.0076279120E-6
9.1175315902E-6
1.7790345009E-5
7.5774267317E-6
7.1017420851E-6
3.7531019188E-6
4.2814412155E-6
3.5463017411E-6
1.9425107166E-5
1.6777403653E-5
7.5723626652E-6
1.0663911235E-5
1.1128990445E-5
5.4679228925E-6
1.7750309780E-5
1.7337035388E-5
1.3225118164E-5
9.6901203507E-6
7.3374714703E-6
6.4875581303E-6
9.7095267848E-6
1.1810776778E-5
1.2986827642E-6
7.6564378106E-6
1.1549785268E-5
6.5152416938E-6
9.7999465652E-6
6.4570922405E-6
1.2524810154E-5
9.3506765551E-6
2.0988518370E-7
7.4376701378E-6
7.2922324762E-6
1.6374199185E-5
1.1972163338E-5
7.0126843639E-6
2.0527746528E-6
1.0122556705E-5
2.3792264983E-6
9.1981259175E-6
7.0232432337E-6
1.5779444948E-5
1.2186635286E-5
7.7054952273E-6
1.1194881518E-5
4.6802917496E-6
2.2616935894E-6
6.1342027039E-6
1.2053269893E-5
6.5622269177E-6
1.0394759011E-5
8.5712410511E-6
1.5531072859E-5
7.6170428657E-6
8.6786923931E-6
5.8048870415E-6
2.1418125834E-5
1.0165781714E-5
1.2563308701E-6
1.3298518024E-5
6.1158556491E-6
4.8293499276E-6
2.4919165298E-6
1.9913178403E-5
1.1396501213E-5
9.8029384391E-6
2.6166904717E-6
1.5224434901E-5
1.1155975517E-5
7.6045165771E-6
1.4177791309E-5
6.2176142820E-6
1.1959276162E-5
7.1613583714E-6
1.3027177192E-5
2.1372013725E-5
8.0233556220E-6
1.0495015886E-5
6.3578714617E-6
1.5851401258E-5
-2.6839552449E-7
1.8881622236E-5
8.5913343356E-6
1.7591193318E-5
1.3033940922E-5
1.4196848497E-5
4.2944913731E-6
7.7968463302E-6
1.1605327018E-5
1.3174233027E-5
1.3156351633E-5
7.0026027971E-6
1.0428694077E-5
1.7051340546E-5
6.8084569649E-6
8.6341402494E-6
1.4404510148E-5
7.2504975834E-6
1.2666650582E-5
8.7335938588E-6
8.7440712378E-6
9.1436668300E-6
1.9794213585E-5
1.5851540957E-5
1.2186379172E-5
2.3116695229E-5
1.7600913998E-5
-1.2143049389E-6
2.1001801360E-5
1.4724896755E-5
-2.7853297070E-6
-3.5016797483E-6
1.5792401973E-5
1.0654621292E-5
5.7457364165E-6
2.1081801969E-5
1.9055034499E-5
1.1968123727E-5
3.9049074985E-6
-1.6364385374E-6
-5.0045549869E-6
-4.7884066589E-6
8.0410391093E-6
3.9081030991E-5
3.2523472327E-5
1.9339274149E-5
-5.4618692957E-6
-1.2726755813E-6
5.4010190070E-6
5.4210890085E-6
1.4340190683E-5
8.6074811408E-6
1.6766402405E-5
9.1511639767E-6
3.2078940421E-6
1.2139347382E-5
4.7471723519E-6
6.5133906901E-6
6.8200868555E-6
-1.1897063814E-6
1.1649180669E-5
9.7398413346E-6
4.7738547437E-6
1.0449090041E-5
1.3652758207E-5
1.4777155593E-5
6.3035986386E-6
1.3438169844E-5
5.2420771681E-6
1.7130118795E-5
1.8865009769E-5
4.2976345867E-6
2.3552158381E-5
1.2737337965E-5
1.6381696332E-5
1.2621073984E-5
1.4365371317E-5
5.0321919844E-6
6.8883178756E-6
1.9212358165E-5
1.4731741976E-5
8.6495652795E-6
6.7751738243E-6
4.8766727559E-6
3.7225312553E-6
1.5582586639E-5
1.0720919818E-5
1.7101282719E-5
1.4379119966E-5
1.0722992010E-5
1.2178032193E-5
1.5195226297E-5
4.1965162382E-6
6.1151222326E-6
1.0223884601E-5
2.0781089552E-5
7.2260503657E-6
1.5277217608E-5
4.6867760830E-6
1.1584977619E-5
7.9493620434E-6
6.8426714279E-6
1.0171998292E-5
4.2076804675E-6
9.8840217106E-6
1.3838196173E-5
1.2175622396E-5
1.5010533389E-5
1.0800641030E-5
1.3087596744E-5
1.2469990179E-5
1.4287454542E-5
1.8524611369E-5
5.7906960138E-6
9.8266289570E-6
1.4981976710E-5
1.4942255802E-5
7.0166308433E-6
1.6048701946E-5
1.7014925834E-5
-3.8623460568E-6
1.0502617806E-5
1.3207958546E-5
1.5521852765E-5
9.6722040326E-6
1.1728564277E-5
2.0307744853E-5
6.9688656368E-6
1.0853109416E-5
1.5671190340E-5
4.3037580327E-6
1.6544992104E-5
1.7395906616E-5
9.5977564344E-6
1.6158178914E-5
7.7592441813E-6
5.4071424529E-6
1.0874262080E-5
1.3047584798E-5
8.9770881459E-6
1.5742704272E-5
1.2815208174E-5
1.1381076183E-5
7.3131639511E-6
2.1631247364E-6
1.2577779125E-5
9.8782940769E-6
1.7590192146E-5
1.4634290710E-5
4.9522146583E-6
1.3734085951E-5
2.0469888113E-5
7.7391276137E-6
1.3680534903E-5
4.0023238398E-6
1.8740375526E-5
2.2028642706E-5
1.3521511573E-5
6.6688633524E-6
9.9841621705E-6
7.5818621555E-6
8.6809042842E-6
1.4386337716E-5
1.0627298616E-5
8.3077233285E-6
4.0329527110E-6
8.1496313215E-6
1.3555097394E-5
1.7312110867E-5
1.6022170894E-5
1.7337221652E-5
1.3799697626E-5
1.5202967916E-5
1.0093534365E-5
1.2850842904E-5
8.7277614512E-6
1.7853139434E-5
7.6938420535E-6
1.6465678345E-5
1.7573591322E-6
1.3675435912E-5
1.1851801537E-5
1.3296236284E-5
1.3966881670E-5
2.0535383373E-5
1.5802285634E-5
7.5997901150E-6
1.0625866707E-5
1.2782565318E-5
1.2259115465E-6
4.5678112656E-6
3.0557904391E-5
1.5557359438E-5
8.9303008281E-6
6.4521911555E-6
1.1750264093E-6
1.3038294855E-5
5.6341639720E-6
9.7014941275E-6
9.1718742625E-6
7.5237243438E-6
1.2203410734E-5
1.7891800962E-5
3.4328084439E-6
1.6239576507E-5
1.3861677144E-5
1.4697085135E-5
1.2066727504E-5
3.7617632188E-6
1.0834808927E-5
1.0320893489E-5
1.6650150064E-5
1.5382701531E-5
8.6761079730E-6
1.2359302491E-5
1.0312919039E-5
1.6806949861E-5
1.2768222950E-5
1.6587693244E-5
1.4254392590E-5
5.3988653236E-6
1.5521550085E-5
1.3329996727E-5
1.7646816559E-5
2.3443473037E-5
1.7330271657E-5
9.6896430479E-6
9.1454479844E-6
1.3435457367E-5
1.7498235684E-5
9.1862864793E-6
1.2628873810E-5
1.7944257706E-6
2.4969608057E-5
1.1754874140E-5
1.0317796841E-5
5.8351550252E-6
1.0534655303E-5
7.6918397100E-6
8.8279834018E-6
1.7655221745E-5
1.4861789532E-5
1.5490734950E-5
1.1163041927E-5
9.4493152574E-6
9.7556621768E-6
7.4981595390E-6
5.6475051679E-6
1.6378564760E-5
5.7324883528E-6
6.3253450208E-6
9.8883407191E-6
1.4700472821E-5
1.3131950982E-5
8.0491532573E-6
1.5136471484E-5
8.9757028037E-6
5.4603326134E-6
1.0281288996E-5
2.2642593830E-5
-1.6535399482E-6
5.4555945099E-6
1.3903772924E-5
9.9081662484E-6
1.2170919217E-5
7.9034245574E-6
1.2873206288E-5
1.1901499238E-5
1.0173558258E-5
7.1699032560E-7
1.9095488824E-6
1.5501596499E-5
1.4332251158E-5
1.4329515398E-5
1.9560987130E-5
6.4080115408E-6
5.8512669057E-6
1.6933481675E-5
8.6349784397E-6
1.2944720220E-5
9.5442519523E-6
9.8649063148E-6
1.5491689555E-5
2.0090187900E-5
1.7226976342E-5
2.1251430735E-5
1.5673250891E-5
9.9807162770E-6
1.1719949544E-5
4.2388215661E-6
1.1029222515E-5
1.0952656157E-5
1.8629583064E-5
8.1015867182E-6
1.6664830036E-5
9.0567395092E-6
8.7010092102E-6
9.7907963210E-6
1.1178385466E-5
1.5286251437E-5
1.2397975661E-5
4.4391374104E-6
8.1944162958E-6
1.2808106840E-5
1.9530917052E-5
1.4534185175E-5
2.3377477191E-6
1.5427393373E-5
1.2462073937E-5
2.0953477361E-6
1.2054981198E-5
1.8631468992E-5
5.8793812060E-6
1.7374090384E-5
2.5142368394E-5
7.8028533609E-6
5.9336307459E-6
1.0406575166E-5
1.0595319327E-5
5.6131393649E-6
8.6726504378E-6
8.4489933216E-6
1.6809185035E-5
1.9841373432E-5
1.8733786419E-5
2.6720506138E-5
8.6074578577E-6
1.0742328595E-5
1.4270003885E-5
6.8097957410E-6
2.4037843104E-5
1.5097635333E-5
5.1675830037E-6
7.7915494331E-6
1.8139334861E-5
2.2729171905E-5
2.1748512517E-5
1.6335397959E-5
1.5523447655E-5
1.1621939484E-5
-5.1944050938E-6
-3.8391328417E-6
4.2767846025E-6
5.3129624576E-7
1.1574628297E-5
2.8709310572E-5
3.8433668669E-5
1.3184628915E-5
-4.6825618484E-6
-1.5930598602E-5
4.1483202949E-6
1.5759316739E-5
2.3041816893E-5
2.5633280165E-5
2.3956573568E-5
1.0112347081E-5
1.4275067952E-5
6.5781874583E-6
-1.7654150725E-6
1.3235025108E-6
2.3085973225E-6
2.2377236746E-5
7.1274000220E-6
1.0569021106E-5
1.0985706467E-5
9.8913675174E-6
1.1772860307E-5
8.7373657153E-6
1.2857397087E-5
1.1818856001E-5
7.1230926552E-6
1.4972861391E-5
1.3404223137E-5
1.8609710969E-5
1.1216069106E-5
9.3021895737E-6
1.8806708976E-5
1.9419507589E-5
1.2244842947E-5
1.3720570132E-5
8.0158468336E-6
5.9018144384E-6
7.0339185187E-6
1.7168931663E-5
1.4603626914E-5
1.9609055016E-5
5.7769706473E-6
1.5370233450E-5
1.5987770166E-5
1.4718004968E-5
1.5173479915E-5
1.2391700875E-5
1.4052889310E-5
1.8037087284E-5
7.8489189037E-6
1.0080321226E-5
9.5188384876E-6
1.5812215861E-5
7.0009380580E-6
7.1670510807E-6
1.2993405107E-5
1.4449656010E-5
1.0474084411E-5
1.3878010213E-5
9.1907917522E-6
1.3778707944E-5
1.6613304615E-5
1.7702812328E-6
1.2178649195E-5
1.2112024706E-5
7.0972018875E-6
7.7528762632E-6
1.3449578546E-5
1.3357424177E-5
8.3262682894E-6
1.3626355212E-5
1.5335832722E-5
2.2552500013E-5
1.6402336769E-6
5.4823234678E-6
1.1948391329E-5
1.1936412193E-5
7.0598791354E-6
6.5896776505E-6
1.5354459174E-5
4.4460059144E-6
1.8137949519E-5
9.2063215562E-6
1.9972329028E-5
1.4443707187E-5
7.1467249655E-6
8.4769213572E-6
1.6954273451E-5
1.6006978694E-5
1.1520728003E-5
1.4637899585E-5
1.7766875680E-5
1.7724733334E-5
1.2822321150E-5
5.2917865105E-6
9.9238124677E-6
1.9621325191E-5
8.3079678007E-6
8.3096907475E-6
1.0776554700E-5
1.0087538976E-5
3.9101345464E-6
2.5425455533E-6
1.5510304365E-5
2.5014404673E-5
1.5681236982E-5
1.7012888565E-5
6.5292115324E-6
1.1823221576E-5
1.5400035772E-5
1.3164058328E-5
6.4627500251E-6
9.5866271295E-6
1.6101170331E-5
1.3868114911E-5
1.0197947268E-5
9.9539756776E-6
5.5016600527E-6
4.3065403588E-6
9.4955903479E-6
8.7453750894E-6
1.4737446327E-5
1.1486373842E-5
8.3366525360E-6
1.3738241978E-5
1.0586995631E-5
1.6214128118E-5
1.9895960577E-5
5.3883763031E-6
1.1806830298E-5
1.8514925614E-5
1.3196887448E-5
9.9570839666E-6
7.4338517153E-6
4.5587774367E-6
1.5085353516E-5
1.1298933532E-5
1.3496982865E-5
2.1927384659E-5
8.7633263321E-6
1.2360210531E-5
1.5677139163E-5
1.8591783009E-5
2.1110288798E-5
1.7264555208E-5
1.1892581824E-5
8.4411702119E-6
1.5302037355E-5
1.1150364298E-5
9.8777236418E-6
1.8614903092E-5
1.5023804735E-5
1.4930800535E-5
9.5489085653E-6
1.6188167501E-5
2.0028906874E-6
6.0845748522E-6
2.7578161097E-5
1.4777004253E-5
1.7317617312E-5
5.9674726800E-6
1.0063196532E-5
6.6072214395E-6
1.3081030920E-5
1.0015117005E-5
9.6875475721E-6
1.0840594769E-5
1.7939519603E-5
1.2786511798E-5
6.0168793426E-6
3.9013219065E-6
1.9049213733E-5
9.5806666650E-6
1.2256414630E-5
1.1950801127E-5
7.8415148893E-6
1.1360691860E-5
3.5034725442E-6
1.0823679622E-5
6.2502222136E-6
1.3277493417E-5
1.0584236588E-5
1.0093802121E-5
9.7169075162E-6
1.0726309847E-5
1.4430785086E-5
1.2130488176E-5
3.0981143936E-6
1.0938092601E-5
1.3870012481E-5
9.8699238151E-7
1.2460688595E-5
7.7248550952E-6
1.1300167535E-5
1.0209088214E-5
8.5764913820E-6
1.4512566850E-6
1.0533560999E-5
1.2994988356E-5
1.6757554840E-5
1.5642563812E-5
4.5061344281E-6
1.6213208437E-5
6.8830442616E-6
1.5553075355E-5
1.6860361211E-5
1.0673049837E-5
1.4350400306E-5
1.0538927745E-5
1.5097658616E-5
4.5730383135E-6
5.2806106396E-6
9.5701077954E-6
7.8957295047E-6
9.8261749373E-6
9.7629497761E-6
1.5019322746E-5
9.9480617792E-6
7.9207238742E-6
1.6469473485E-5
9.7419368103E-6
8.8223023341E-6
1.0797579307E-5
1.2290338054E-5
9.8665826954E-6
1.6732898075E-5
9.5125287773E-6
1.1039769743E-5
1.7353473231E-5
1.2180523481E-5
1.8631527200E-5
1.0130123701E-5
6.8487366662E-6
1.3288611081E-5
1.2085132767E-5
6.2912353315E-6
7.1921851488E-6
7.8598619439E-6
1.6156909987E-5
1.3876822777E-5
1.4924758580E-5
1.4336372260E-5
2.2564595565E-5
1.1960917618E-5
1.1928181630E-5
4.0277256630E-6
1.7809076235E-5
1.1225382332E-5
1.8096901476E-5
1.9055348821E-5
1.2297392823E-5
1.6556412447E-5
1.6104464885E-5
1.3726018369E-5
1.0188878514E-5
1.3441464398E-5
5.1329145208E-6
3.3088494092E-6
1.2529932428E-5
3.9457925595E-6
6.0645514168E-6
2.8775364626E-5
1.3401859906E-5
9.7987009213E-6
-2.5329180062E-6
1.5764951240E-5
1.6032287385E-5
1.1869636364E-5
6.1941100284E-7
6.8490509876E-6
2.2173940669E-5
2.2240122780E-5
1.2975756545E-5
1.7112493515E-5
1.9778904970E-5
1.3410393149E-5
2.7601607144E-6
1.1899974197E-5
3.9168284274E-6
9.1897090898E-6
3.5428674891E-7
1.7167511396E-5
1.6256270464E-5
2.4688686244E-5
1.8364179414E-5
1.2193317525E-5
8.1957085059E-6
1.0179006494E-6
1.1889263987E-6
1.6558507923E-5
1.5518185683E-5
1.0247214232E-5
2.3099849931E-5
1.9562547095E-5
6.4860680141E-6
4.3712439947E-6
3.2569863833E-6
-1.2098113075E-6
-3.4082215280E-6
6.2236213126E-6
8.9088454843E-6
1.6337737907E-5
3.0407146550E-5
3.8645882159E-5
1.2601830531E-5
-1.6220693942E-5
-9.4943214209E-6
7.1236398071E-6
3.5310606471E-5
3.0020519625E-5
2.3005111142E-5
1.8299103249E-5
1.8580234609E-6
9.3972310424E-6
6.9850008004E-6
1.0549463332E-5
9.0538407677E-6
2.2504269145E-5
1.4300749172E-5
1.8086796626E-5
1.3619847596E-5
2.1329603623E-5
1.1393509340E-5
1.5804427676E-5
2.0693428814E-5
3.1628878787E-6
7.0642214269E-6
1.0456610471E-5
2.2962689400E-6
2.0863371901E-5
1.7880776431E-5
1.2360943947E-5
2.3767550010E-5
1.8116016872E-5
2.2121239453E-6
5.1313894801E-6
1.8427416216E-5
1.1919648387E-5
6.6221342423E-6
4.4896616601E-6
1.8767977599E-5
1.9364000764E-5
1.1866365094E-5
8.2102138550E-6
1.1079711840E-5
8.3039514721E-6
1.1786213145E-5
1.1268758681E-5
2.1611317061E-5
1.7607631162E-5
5.9433165007E-6
9.6211442724E-6
1.2911623344E-5
1.0921200738E-5
1.1954642832E-5
1.2570631225E-5
1.3620930258E-5
3.8287718780E-6
1.7151737120E-5
1.0923296213E-5
1.3887439855E-5
6.9852918387E-6
6.5260683187E-6
4.3393112719E-6
1.5505414922E-5
1.7666630447E-5
1.7980136908E-5
8.5369450972E-6
7.6461816207E-6
5.2884453908E-6
1.7095170915E-5
1.4958030079E-5
1.1295941658E-5
9.5217488706E-6
4.4267973863E-6
1.2624054216E-5
1.2830249034E-5
9.8887830974E-6
9.5914932899E-6
2.3061654064E-5
1.0022241622E-5
8.9377863333E-6
1.0252918582E-5
7.9031102361E-6
4.7323876061E-6
1.7403264064E-5
1.7618283164E-5
1.4460936654E-5
7.6607684605E-6
6.9455476479E-6
1.2810237240E-5
1.1270213872E-5
1.3920303900E-5
5.5595184676E-6
1.1787761468E-5
1.6613933258E-5
1.0599044617E-5
1.2754451018E-5
1.3332813978E-5
5.3109833971E-6
1.1757470202E-5
1.0610697791E-5
6.5808766523E-6
1.2442236766E-5
1.7179781571E-5
2.0657910499E-5
9.7698532046E-6
1.4804722741E-5
1.7678982113E-5
1.5498301946E-5
9.6261966974E-6
7.4006966316E-6
1.4130771160E-5
1.0002800264E-5
1.5979586169E-5
1.4521670528E-5
1.0099471547E-5
1.1335674208E-5
9.8147778772E-6
7.1480986663E-6
1.1789368000E-5
2.1770654712E-5
-9.3021662906E-7
5.9426180087E-6
1.5385111328E-5
1.2160802726E-5
1.9062671344E-5
1.3295898680E-5
1.2425146997E-5
3.3036456443E-6
9.5908413642E-6
1.6487936955E-5
1.4320982155E-5
1.6912899446E-5
1.1937902309E-5
1.7316453159E-5
1.3480894268E-5
9.0804649517E-6
9.6167670563E-6
9.1589870864E-6
6.7435554229E-6
1.8508476205E-5
5.8099976741E-6
1.2167473324E-5
1.2808688916E-5
7.8265205958E-6
1.5327311121E-5
9.8761287519E-6
1.4989287593E-5
7.3927803897E-6
1.1083914433E-5
1.3257481624E-5
7.6952972450E-6
1.3562978711E-5
1.8133630510E-5
7.9471152277E-6
6.9235218690E-6
1.9076024182E-5
7.7924574726E-6
1.5769281890E-5
1.5006493777E-5
1.5199626796E-5
1.5092222020E-5
8.0350902864E-6
1.0946416296E-5
9.4934715891E-6
-2.4994835257E-6
1.2902333401E-5
2.2407516371E-5
9.2655420305E-6
8.2800514065E-6
1.0216387455E-5
1.7413857858E-5
9.3778013252E-6
9.8961405456E-6
1.0901293717E-5
4.3282168918E-6
1.9773037638E-5
1.0112684686E-5
1.1221773457E-5
5.6304736063E-6
1.5977991279E-5
1.8517544959E-5
1.1093111243E-5
1.0298204143E-5
1.0922655929E-5
1.3860932086E-5
1.8104841001E-5
2.0378874615E-5
1.4208350331E-5
1.6419531312E-5
1.0692840442E-5
4.4049345889E-6
4.2537809350E-6
9.5191295259E-6
1.0662316345E-5
2.6755430735E-5
1.4709215611E-5
1.4837505296E-5
1.3064115774E-5
1.0378332809E-5
1.4830683358E-5
1.5537475701E-5
1.2394518126E-5
5.8049219661E-6
6.1466475018E-6
1.4617003035E-5
1.1632964015E-5
1.2593122665E-5
