<| "Configuration" -> <| "Acquisition device" -> "UHFLI",  "Start time" -> "11/02/2021 15:13:06",  "Finish time" -> "11/02/2021 16:47:32", "Comments" -> "" |>, "Dimensions" -> {<| "Name" -> "Frequency 1", "Start" -> 6.200000*^+9, "Stop" -> 6.800000*^+9, "Step size" -> 2.000000*^+6 |>, <| "Name" -> "DC Voltage 1", "Start" -> -6.600000*^+0, "Stop" -> -7.400000*^+0, "Step size" -> -5.000000*^-2 |>}, "DataInfo" -> <| "Measured Spots" -> 5.117000*^+3,  "Samples" -> 1,  "Segments" -> 1,  "dFactor" -> 1,  "Sampling Time" -> 7.111111*^-8|>|>
3.1887425574E-5
3.0126678757E-5
3.3358158543E-5
2.2935972083E-5
1.3126898557E-5
7.1099959315E-6
5.9437355958E-6
1.4036661014E-5
1.8364179414E-5
2.4141278117E-5
2.8647354338E-5
3.3591210376E-5
3.6789383738E-5
3.8325565401E-5
1.7491506878E-5
1.3159157243E-5
1.1646561325E-5
1.0212254711E-5
1.4244194608E-5
2.8293381910E-5
3.1839811708E-5
4.5411288738E-5
4.0470238309E-5
3.0832632909E-5
2.7165492064E-5
1.4771462884E-5
2.1447893232E-6
-4.7683715821E-7
6.9470261224E-6
2.2954854648E-5
3.1990313436E-5
3.5193527582E-5
4.5781990047E-5
5.5093690753E-5
3.1132774893E-5
2.9721611644E-5
1.0926916730E-5
9.5713068732E-6
1.8711644225E-5
1.6196584329E-5
2.7504703029E-5
4.2055686936E-5
4.8073183280E-5
4.2779603973E-5
5.1409041044E-5
2.8361508156E-5
1.3907765970E-5
9.1397319921E-6
-3.3491523938E-7
7.2529539466E-6
2.5113334413E-5
3.3318914938E-5
3.9807043503E-5
4.6365696471E-5
5.6428450626E-5
3.9049622136E-5
2.3727351799E-5
8.5316132755E-6
4.4366810471E-6
-2.1138112061E-6
9.0743880719E-6
1.7130665947E-5
3.7908006925E-5
4.8391951714E-5
4.5448704622E-5
3.7738296668E-5
3.2838876358E-5
7.4251671323E-6
2.8381589800E-6
-1.4993618242E-5
-7.8915618356E-7
1.2188160326E-5
3.7475163117E-5
4.3976353481E-5
6.3854025212E-5
4.9384124577E-5
4.2078935075E-5
3.8686604239E-5
4.5582884922E-6
-4.8055429943E-6
-7.7364966273E-6
-6.2808743678E-6
1.4165055472E-5
2.7057563420E-5
5.3273839876E-5
5.5877410341E-5
5.9939618223E-5
5.4660055321E-5
1.3374781702E-5
-2.7186353691E-6
-1.7154566012E-5
-1.6850465908E-5
7.6053082012E-6
2.4120591115E-5
4.3440796434E-5
6.5381184686E-5
6.2537926716E-5
5.8164086659E-5
3.7186138797E-5
9.0509769507E-6
-2.1178694442E-5
-3.2708072103E-5
-1.9660755061E-5
-8.7443040685E-7
3.6911189090E-5
6.6495244392E-5
9.0401270429E-5
8.7901519148E-5
7.0609094111E-5
1.8163630739E-5
-1.1529633775E-5
-5.7596876287E-5
-4.8004125711E-5
-3.9880408440E-5
1.0826764628E-5
6.1707792339E-5
1.0732575320E-4
1.3531406876E-4
1.0880891932E-4
5.0869584084E-5
-1.9809091463E-5
-7.6228554827E-5
-1.2221582001E-4
-1.0159825906E-4
-2.6564800646E-5
9.3060731891E-5
1.9143748796E-4
1.9656113582E-4
1.5857610852E-4
6.0360587668E-5
-1.0686800815E-4
-2.0419990178E-4
-1.5926432097E-4
-3.4662568941E-5
7.9336552882E-5
1.7662534956E-4
8.4445730320E-5
7.6308939609E-5
8.2565634514E-5
8.9047860823E-5
4.6450144146E-5
-3.5659864079E-5
-1.7822642112E-4
-2.4283603998E-4
7.9241115601E-6
4.6123636421E-4
6.1360426480E-4
3.0769269214E-4
-3.0090527143E-4
-6.3122350257E-4
-5.2288204896E-4
-1.9329192583E-4
5.7668925729E-5
2.2787569323E-4
2.8219011146E-4
2.2693033098E-4
1.3643017737E-4
2.5011936668E-5
-6.5246003215E-5
-1.1157724075E-4
-1.1115539819E-4
-4.9150828273E-5
9.0216402898E-6
7.2916480716E-5
1.1465135030E-4
1.2373329373E-4
8.7698793508E-5
5.5112596601E-5
3.4579541534E-6
-4.4771330431E-5
-5.5841216818E-5
-3.6674819421E-5
-1.8035329412E-5
3.5680108703E-5
7.0508057254E-5
8.3703815473E-5
8.6260901302E-5
6.7496416161E-5
3.2396637834E-5
-8.3018792793E-6
-2.5270599871E-5
-3.3595412969E-5
-1.9241706468E-5
6.9215311669E-6
3.1145627144E-5
5.5918330327E-5
7.1769475474E-5
6.2087236438E-5
4.3184414971E-5
1.5734601766E-5
-7.3132920079E-6
-2.0203134045E-5
-1.3446912635E-5
6.1582308263E-6
2.2023310884E-5
2.1220487542E-5
6.4230046701E-5
6.8898696920E-5
7.2104530411E-5
4.1761260945E-5
8.0717843958E-6
-1.7245346680E-5
-2.2505992092E-5
1.7175450921E-6
5.6651537307E-6
4.0153937879E-5
4.2470474727E-5
6.7376496737E-5
5.5018661079E-5
3.6706798709E-5
2.9510224703E-5
4.9176276663E-6
-8.5134408437E-6
-4.9914699047E-6
-2.8329668567E-6
8.3011458629E-6
3.5467289853E-5
4.9210211728E-5
5.5122014601E-5
4.8321718351E-5
3.0231405980E-5
1.5938014258E-5
-5.4733827710E-7
-1.7148931511E-5
-8.0521334894E-6
9.3027367258E-6
2.7995544951E-5
4.2527320329E-5
4.5385712292E-5
4.5876950025E-5
4.5473407954E-5
2.8084358199E-5
6.5152533352E-6
-1.9028433599E-6
-2.4156528525E-6
1.1318095494E-5
1.7481646501E-5
3.5318313166E-5
3.5004387609E-5
4.7827861272E-5
4.1152362246E-5
3.3026654272E-5
1.7601973377E-5
1.5206739772E-5
-5.4408679716E-6
1.1085264850E-5
1.6848114319E-5
2.6760715990E-5
3.0610361136E-5
4.3305451981E-5
3.2687920611E-5
3.2111734617E-5
1.8676160835E-5
2.1853507496E-5
3.5478733480E-6
9.0799527243E-6
1.4430261217E-5
2.3148849140E-5
2.3134879302E-5
3.8495752960E-5
3.4550251439E-5
3.3770431763E-5
2.1899468265E-5
1.7175124958E-5
1.1224625632E-5
1.1098838877E-5
1.6546621919E-5
2.5743548758E-5
2.1870934870E-5
3.2323703634E-5
3.8357207085E-5
3.3910735509E-5
2.3395358584E-5
3.4228875301E-5
1.5761761460E-5
1.4631450176E-5
2.0443520042E-5
1.3471033890E-5
2.5414861738E-5
3.5312527324E-5
2.3927423171E-5
2.8326141181E-5
3.2103643752E-5
2.6857352349E-5
1.7603975721E-5
1.9588519353E-5
1.2486090418E-5
2.2883038036E-5
2.2056128364E-5
2.0425475668E-5
3.1556817702E-5
2.9108638409E-5
3.6741257644E-5
3.1572312581E-5
3.4219259396E-5
1.7964129802E-5
1.7664791085E-5
1.0138994548E-5
2.2922619246E-5
2.3306068032E-5
2.7749442960E-5
1.9955623429E-5
1.9538495689E-5
2.2655667271E-5
1.9643816631E-5
1.1177815031E-5
3.1539006159E-6
4.3948646635E-6
1.0221253615E-5
1.9167631399E-5
2.3320468608E-5
3.0725542455E-5
3.3861782867E-5
2.4103093892E-5
1.9117398187E-5
1.2869969942E-5
8.5932202639E-6
2.3215776309E-6
9.8731950857E-6
1.2134527788E-5
2.4446216411E-5
3.5975023638E-5
3.6079285200E-5
3.8249790668E-5
3.8489128928E-5
4.0377944242E-5
1.6436236910E-5
1.4824466780E-5
-1.1889147572E-6
8.6841173471E-6
2.0496395882E-5
2.8795632533E-5
2.8753164224E-5
5.0098705106E-5
2.7681712526E-5
2.4491362273E-5
1.3331358787E-5
9.6903997474E-6
4.9476977438E-6
2.6567257010E-6
1.3736332767E-5
1.7637817654E-5
3.1113892327E-5
4.5737926848E-5
3.8130371831E-5
4.2498763650E-5
2.9867934062E-5
1.8227240070E-5
1.7052749172E-6
8.5408100858E-7
3.3062417060E-6
1.7695967108E-5
3.8468569982E-5
4.1936815250E-5
5.6088261772E-5
4.0895375423E-5
4.3062667828E-5
3.0233955476E-5
6.4110965469E-6
5.6571327150E-6
-5.3597614184E-8
8.6921500043E-6
1.3875623699E-5
3.5571912303E-5
4.3753837235E-5
5.0884054508E-5
4.4209230691E-5
3.7284952123E-5
8.1537989900E-6
-1.0599207599E-5
-7.9361023382E-6
-1.5535508283E-6
9.6695148388E-6
3.2341910991E-5
5.2500155289E-5
4.5574549585E-5
4.5286747627E-5
4.3831951916E-5
2.8045708313E-5
9.0835499578E-6
-1.0636984371E-6
-1.6266352031E-5
-8.0810510554E-6
1.4872965403E-5
3.1555315945E-5
5.1532557700E-5
5.7518016547E-5
4.9655546900E-5
4.2639242019E-5
1.7785083037E-5
-5.0172675401E-6
-1.7739611212E-5
-2.7010182384E-5
-1.5160976909E-5
2.3450911976E-5
5.4796435870E-5
6.0969835613E-5
6.5455178266E-5
5.4620555602E-5
4.1391735430E-5
4.8094661906E-6
-1.7509330064E-5
-2.4345947895E-5
-2.2157398052E-5
-4.4740037993E-6
2.5916029699E-5
6.5414526035E-5
7.5048126747E-5
7.9149729575E-5
6.9361948409E-5
2.1959037985E-5
-1.7105764709E-5
-3.8669153582E-5
-5.4051191546E-5
-4.5491685160E-5
2.5344209279E-5
5.9927836992E-5
1.0351635283E-4
1.1968222680E-4
1.1122787837E-4
5.6130893063E-5
-2.4442537687E-5
-8.7493832691E-5
-1.2390429620E-4
-1.0777629214E-4
-1.3880198822E-6
1.1258926243E-4
1.8441493157E-4
1.8530461239E-4
1.2076545972E-4
3.4298526588E-5
-8.6934445428E-5
-1.7755490262E-4
-1.6582766548E-4
-4.7825812362E-5
7.2523183191E-5
1.5578523744E-4
8.3654164340E-5
6.8791164086E-5
7.2626443581E-5
6.9106719458E-5
2.7043244335E-5
-4.3644534889E-5
-1.0743153980E-4
-1.3690405758E-4
-1.2140859617E-4
3.9254070725E-5
3.1415960983E-4
3.6683480721E-4
3.0660233460E-5
-4.5068352484E-4
-7.2039132938E-4
-5.0375912106E-4
-3.1365721952E-5
2.9783743665E-4
4.0265554563E-4
3.1401445157E-4
1.6798416618E-4
2.0734930876E-5
-9.0113200716E-5
-1.4682131586E-4
-1.3524903916E-4
-7.5801205823E-5
4.4081942178E-6
7.9650920817E-5
1.2149293907E-4
1.3020896586E-4
1.0573938489E-4
5.3487333935E-5
-8.6870160885E-6
-4.5540148858E-5
-5.7719263715E-5
-4.6683056280E-5
-1.1391309090E-5
2.9704149346E-5
7.1668636520E-5
8.0453883860E-5
8.1287208016E-5
5.7165091858E-5
2.5543058290E-5
-1.3184745330E-5
-2.4304469115E-5
-4.0111807175E-5
-1.9651697948E-5
2.7353526093E-6
3.3622002228E-5
5.6384864729E-5
6.7081232557E-5
6.3422671521E-5
4.9348711036E-5
1.3052509166E-5
-7.9815974459E-6
-2.1358171943E-5
-1.8521398306E-5
-3.5469769500E-6
1.6806728672E-5
4.3698109221E-5
5.3454563022E-5
5.9833796696E-5
4.4818851165E-5
2.8131168800E-5
1.2375297956E-5
-7.4534909799E-6
-1.6930012498E-5
-7.7899196186E-6
1.1593417730E-5
2.6114808860E-5
5.0414341968E-5
5.8527372312E-5
5.4570054635E-5
3.4123240038E-5
2.2451067343E-5
-2.7394620702E-6
8.6463871413E-6
-1.0688835755E-5
-1.7865211703E-5
1.3215234503E-5
3.5556231159E-5
4.6972779091E-5
6.1126146466E-5
4.6367698815E-5
3.9127981290E-5
2.1330977324E-5
-3.7182355300E-6
-1.1447945144E-5
-3.3267657273E-6
1.4599156566E-5
2.9871321748E-5
4.6747922897E-5
4.8089202028E-5
4.3197185732E-5
3.1944783404E-5
1.1811801232E-5
1.2987328228E-5
-1.0842806660E-6
-1.0936276521E-5
3.1254021451E-6
2.3638329002E-5
3.2480608206E-5
4.2488332837E-5
4.8468413297E-5
4.2117398698E-5
2.9348896350E-5
1.3761816081E-5
3.0273688025E-6
-1.4950172044E-6
5.8161094785E-6
1.3601186220E-5
2.9391678981E-5
3.3129856455E-5
3.7104752845E-5
4.2011658661E-5
3.5827013197E-5
1.3937661424E-5
4.6836095862E-6
-2.4854904041E-6
-2.1156272851E-6
1.0949606076E-5
1.8377555534E-5
2.5052530690E-5
2.2682477719E-5
3.2673869281E-5
3.1629146541E-5
2.4382013361E-5
1.5969038941E-5
1.9438273739E-5
9.1645866634E-6
1.0946148541E-5
1.4586898033E-5
1.9144813996E-5
3.1681277322E-5
2.9010814614E-5
3.3420557155E-5
2.0107766613E-5
2.3057812359E-5
1.4910358004E-5
1.0436598677E-5
1.3193301857E-5
1.5723367687E-5
2.2882444318E-5
2.1154305431E-5
3.9326457772E-5
3.8836605380E-5
3.5938015207E-5
2.6496895588E-5
2.1745217963E-5
2.8080516494E-5
1.1447875295E-5
1.4145416208E-5
1.3912352733E-5
2.6506942230E-5
2.9291608370E-5
2.7122569735E-5
3.4966343082E-5
3.5939808003E-5
2.3251911625E-5
2.7844624127E-5
2.3506174329E-5
1.3502640650E-5
1.2698268984E-5
1.6575958580E-5
2.3555022198E-5
1.5978363808E-5
1.6753165983E-5
1.6300065908E-5
1.2889737263E-5
2.6473181787E-5
1.7249898519E-5
2.1174154244E-5
2.1095597185E-5
1.5758851077E-5
2.5654560886E-5
2.5158945936E-5
1.6328471247E-5
2.5203474797E-5
1.9728601910E-5
1.7205788754E-5
1.1822127271E-5
1.1276302394E-5
1.3313477393E-5
2.1651550196E-5
2.0833557937E-5
3.2954884226E-5
3.0469545162E-5
2.7620629407E-5
3.4646887797E-5
2.6619504205E-5
1.6434071586E-5
1.2601772323E-5
1.1377315968E-5
1.2940191664E-5
1.7587619368E-5
2.7021323330E-5
3.1604128889E-5
3.0226144008E-5
3.5001640207E-5
3.1362602021E-5
2.4752551689E-5
1.2943521142E-5
1.7095566727E-5
7.2259223089E-6
1.6019295435E-5
2.4919619318E-5
3.4781731664E-5
4.3373135849E-5
3.6513654049E-5
3.2939808442E-5
3.0713656451E-5
1.4199735597E-5
5.1457551308E-6
4.7817826271E-6
4.0960730985E-6
1.2677826453E-5
2.6951171457E-5
3.9150030352E-5
4.6892534010E-5
4.0598388295E-5
2.2158341016E-5
2.0457478240E-5
1.5713402536E-5
-2.7242349462E-7
1.4005810954E-6
2.2508995607E-5
2.7548603247E-5
3.3774110488E-5
4.2917532846E-5
4.1788280941E-5
4.2518752161E-5
3.6991375964E-5
9.4702932984E-6
4.4104875997E-6
-5.1781535149E-6
4.2940140702E-6
2.2717809770E-5
2.3889238946E-5
3.8665323518E-5
5.1345454994E-5
4.0840986184E-5
3.5318243317E-5
2.2915401496E-5
1.5673588496E-5
6.4531806857E-6
-6.5111671575E-6
-7.2396360334E-7
1.4308246318E-5
3.1012448016E-5
3.9994134567E-5
5.5138010066E-5
4.8552581575E-5
3.6858697421E-5
1.7264613416E-5
5.8515812271E-6
-1.1533137877E-5
-8.0092810095E-6
4.0299491957E-6
1.7426884733E-5
4.5604980551E-5
5.4366176483E-5
5.1263615024E-5
6.2957417687E-5
4.2980397120E-5
4.4241198338E-6
-1.8254294991E-5
-2.7215026784E-5
-2.1915219258E-5
2.4390057661E-6
2.6246404740E-5
6.9713336417E-5
9.2657643838E-5
9.9938595669E-5
7.9403677958E-5
3.0112918465E-5
-2.4867325555E-5
-5.6148832665E-5
-5.5736431387E-5
-2.7348403818E-5
6.8557565101E-6
5.4216803983E-5
8.8403490375E-5
1.1383717647E-4
9.8446256017E-5
4.4960796368E-5
-1.2177298777E-5
-6.0981500429E-5
-8.7782740596E-5
-6.7883625162E-5
-1.2099044400E-7
9.1646448712E-5
1.3732892694E-4
1.3490732526E-4
9.5790333582E-5
3.6951538641E-5
-2.9805384110E-5
-1.2059673900E-4
-1.2361751869E-4
-5.5571505801E-5
3.2685522455E-5
9.9438987674E-5
9.5197546763E-5
6.9084763528E-5
8.1449188295E-5
8.3494302819E-5
5.0086469855E-5
-3.7575140595E-6
-6.2319659629E-5
-1.2681321241E-4
-1.1823918903E-4
-3.1964387744E-5
9.9487963600E-5
2.4141893955E-4
2.5091242278E-4
3.5506731364E-5
-3.4952003042E-4
-5.4062836570E-4
-2.8528604889E-4
2.2568961140E-4
6.0174539685E-4
6.0110136401E-4
3.4732248168E-4
5.1161728334E-5
-1.4207777567E-4
-2.1405302687E-4
-1.9640314859E-4
-1.0640308028E-4
-4.5828870498E-6
9.2431786472E-5
1.4310160186E-4
1.5746121062E-4
1.1836198391E-4
6.7880016288E-5
-3.3644028024E-8
-5.2336789668E-5
-7.0810713807E-5
-5.5729458109E-5
-2.1225633099E-5
2.2789544891E-5
6.9953524509E-5
1.0060130153E-4
1.0110860458E-4
6.8151112647E-5
3.2900541554E-5
-5.5873300880E-6
-3.4167710691E-5
-4.0561542846E-5
-2.5492126587E-5
2.4427776225E-6
3.4808996133E-5
6.5989419820E-5
7.3457520924E-5
7.1381160525E-5
4.0654221083E-5
1.7908855807E-5
-8.6075975560E-6
-2.3534125648E-5
-2.1567835938E-5
-1.1651439127E-5
2.2633234038E-5
4.8499461264E-5
6.2674086076E-5
6.9478666412E-5
5.2767351736E-5
3.6785658448E-5
1.5531515237E-5
-1.4482415281E-6
-1.0871770792E-5
-1.0613037739E-5
1.0571908206E-5
3.7688680458E-5
5.2791996859E-5
5.9830222745E-5
5.4950278718E-5
4.6858144924E-5
1.4127022587E-5
1.4465767889E-7
-5.5549084209E-6
-9.8534859717E-6
-1.1340482160E-6
1.6997742932E-5
4.1932810563E-5
5.1796389744E-5
4.3373275547E-5
4.7855719458E-5
2.5749613996E-5
1.6765203327E-5
-1.6157049686E-6
-1.8308055587E-6
4.4387765229E-6
1.5831436031E-5
3.3551652449E-5
3.9744679816E-5
4.3091503903E-5
9.6933916213E-6
4.8651592806E-5
5.8091396932E-5
1.5863415319E-5
-3.8262223825E-6
-2.1747895516E-6
-4.7925743275E-6
1.5071604867E-5
3.2047205604E-5
4.7320022713E-5
5.1330286078E-5
4.8492592759E-5
4.0555011946E-5
1.3796507847E-5
3.9455248043E-6
-3.2441574149E-6
3.7834746763E-6
6.6899810918E-6
2.5718531105E-5
4.1906477417E-5
4.2659626342E-5
4.0123017970E-5
4.1191023774E-5
2.0513741765E-5
1.0226806626E-5
7.1330810897E-6
6.7843822763E-6
1.0855379514E-5
2.1221663337E-5
3.7825305480E-5
3.8628082256E-5
4.6059128362E-5
3.8796965963E-5
2.3570552002E-5
2.5187130086E-5
9.2345522718E-6
1.1675024871E-5
1.4034553897E-5
1.6813399270E-5
2.2845366038E-5
3.1976634636E-5
3.8872333243E-5
3.4618331118E-5
3.8812926504E-5
2.3953325580E-5
1.7544568982E-5
9.1050402262E-6
1.0201637633E-5
1.4326011296E-5
1.5392526984E-5
2.7416285592E-5
3.9975938852E-5
4.1413644794E-5
3.6288809496E-5
3.1684967688E-5
3.2291794195E-5
2.2228027228E-5
1.6623514239E-5
1.1350912973E-5
2.3433542810E-5
2.2773444652E-5
3.4684163983E-5
3.8386008236E-5
3.6264804657E-5
2.1078635472E-5
2.9446370899E-5
2.6343914214E-5
2.4690851569E-5
7.9722842202E-6
1.0840222240E-5
2.2435525898E-5
1.9801035523E-5
-1.0193453636E-5
1.1030571768E-4
4.6714139171E-5
-2.6176054961E-5
2.9910157899E-5
8.0933549911E-5
8.1219815185E-5
5.2062736359E-5
3.0532979871E-5
8.4439758212E-6
1.0703806765E-6
2.4226377718E-6
7.3844334111E-6
1.4936958905E-5
2.8811057563E-5
2.0640727598E-5
3.0158809386E-5
2.3321073967E-5
2.6293518021E-5
2.2194196935E-5
2.6649225037E-5
2.6472599711E-5
2.6076042558E-5
1.9409798551E-5
2.4013244546E-5
2.2538879420E-5
2.3885187692E-5
1.5378696844E-5
1.6374990810E-5
1.6401265748E-5
2.6395299937E-5
3.2785686198E-5
4.1160627734E-5
2.4617323651E-5
3.6901526618E-5
2.8175802435E-5
2.1152722183E-5
1.8507102504E-5
1.6676227096E-5
1.9138888456E-5
2.4870445486E-5
4.4610863551E-5
4.2967475019E-5
3.9388227742E-5
3.5411247518E-5
3.3081625587E-5
2.3485790007E-5
9.3629932963E-6
9.1572874227E-6
9.6996896901E-6
1.7826526891E-5
3.7920032627E-5
4.6494801063E-5
3.8454006426E-5
4.6699505765E-5
3.5784323699E-5
3.0899688135E-5
8.7789492683E-6
3.5909120925E-6
-2.9167858884E-6
1.0394270066E-5
3.4186558332E-5
2.4882657453E-5
4.3707061559E-5
4.6095543075E-5
3.4596549812E-5
2.8559705242E-5
2.2361206356E-5
8.8587170467E-6
4.7303037718E-7
-1.1097290553E-6
1.7513183411E-5
3.3942656591E-5
3.5408325493E-5
4.6687328722E-5
4.0543661453E-5
3.2763264607E-5
2.8624176047E-5
1.8319697119E-5
7.0289243013E-7
-3.4452532418E-6
5.6129763834E-6
1.1910125613E-5
3.2388127874E-5
3.3707974943E-5
5.1501730923E-5
4.9546884839E-5
2.9388908296E-5
1.5313317999E-5
8.3167804406E-6
-3.1192786992E-6
-6.3578132540E-6
2.8294278309E-6
2.6367185637E-5
4.7638535034E-5
4.7842017375E-5
6.8479008043E-5
4.9992138520E-5
3.5880377981E-5
-2.0964420401E-6
-8.5606006909E-7
-2.4867348838E-5
-2.4039007258E-5
1.5644705854E-6
2.7416751253E-5
5.8832135984E-5
7.9030403870E-5
7.2102679407E-5
5.9963506647E-5
2.1921668667E-5
-8.1545207650E-6
-3.7380203138E-5
-3.2575149088E-5
-2.0272540860E-5
1.1972815264E-5
6.1975349673E-5
9.5486221837E-5
1.1972064385E-4
1.0166425491E-4
4.8467994202E-5
-1.9929080736E-5
-1.1264557252E-4
-1.7701778561E-4
-1.3659023680E-4
4.3070141692E-5
2.2156598279E-4
2.8223916888E-4
2.1431333152E-4
9.0767943769E-5
-3.2014760654E-5
-5.6268507615E-5
-1.2434979435E-4
-1.4375885949E-4
-5.9498765041E-5
3.7946936208E-5
1.3098445488E-4
1.2268372811E-4
5.7404185646E-5
3.7766259629E-5
3.7172110751E-5
2.2526085376E-5
2.4945125915E-6
-2.8078770264E-5
-4.5646738727E-5
-3.1788495834E-5
-2.2407073993E-5
3.4008349757E-5
1.0588694131E-4
1.6400672030E-4
1.7166822217E-4
6.5296003596E-5
-9.9710247016E-5
-2.2613789188E-4
-1.1709590908E-4
1.9457425224E-4
4.9492138205E-4
5.4113965015E-4
2.4780089734E-4
-1.4342369977E-4
-3.7991412683E-4
-3.5735376877E-4
-2.0045747515E-4
-2.0175601821E-5
1.2037169654E-4
2.0726036746E-4
2.0449059084E-4
1.4755413867E-4
7.6737196653E-5
1.0273419320E-6
-6.4587057569E-5
-8.7746011561E-5
-8.2033756192E-5
-1.9746122416E-5
2.2339692804E-5
7.5423798993E-5
1.1085153092E-4
1.1503939750E-4
7.6747417918E-5
4.5045150910E-5
-6.4062653110E-6
-3.6568043287E-5
-4.7864567023E-5
-2.5174941401E-5
5.7212775573E-6
4.3872394599E-5
7.9777836802E-5
7.4069458062E-5
7.2366220413E-5
5.1181693562E-5
1.8781388644E-5
-1.3665342704E-5
-3.1720369588E-5
-3.3889769110E-5
-7.7492324636E-6
2.1142314653E-5
5.5874732789E-5
7.8927865255E-5
7.0547009820E-5
6.2713678927E-5
3.3665972295E-5
5.8711622842E-6
-5.4028932937E-6
-2.0835909527E-5
-1.1569634080E-5
8.7010441349E-6
2.7430581394E-5
5.5039499421E-5
5.9144198895E-5
5.9438438621E-5
3.6183872725E-5
2.2656517103E-5
4.6622822993E-6
-4.4707092457E-6
-9.6639967522E-6
-2.4956651032E-6
1.5511061065E-5
3.5176111850E-5
5.4574629758E-5
5.5677071214E-5
4.6084204223E-5
3.8123002741E-5
1.5135935973E-5
-5.9340847656E-6
-1.9968370907E-6
-1.8974766135E-6
8.1756385044E-6
2.5735853705E-5
4.2998557910E-5
5.1655748394E-5
5.0386344083E-5
3.5464891698E-5
2.0149489864E-5
4.2858300730E-6
8.3097256721E-7
5.5271666496E-7
1.3372173999E-5
2.7618138119E-5
4.2896356899E-5
4.4190557673E-5
4.8269238323E-5
3.7325767334E-5
2.2523000370E-5
2.8281123377E-6
9.2705129646E-6
4.0170084685E-5
3.8518605288E-5
-1.3984390534E-5
1.7240829766E-5
2.6308582164E-5
4.1147810407E-5
3.6100076976E-5
4.7336833085E-5
3.1030387617E-5
1.4216278214E-5
1.0758021381E-5
4.1486928240E-6
1.2420711573E-5
2.4411792401E-5
3.2207311596E-5
4.2346620466E-5
4.6210037544E-5
4.2988779023E-5
3.5184063017E-5
2.6476033962E-5
7.7623990365E-6
1.0258320253E-5
1.2041989248E-5
1.2782169506E-5
3.2295810523E-5
3.4851010422E-5
3.1554861925E-5
3.1875248532E-5
3.9511127397E-5
2.4001172277E-5
2.4715217295E-5
1.8333992920E-5
1.9601848908E-5
1.8782389816E-5
2.2122391965E-5
2.1230231504E-5
3.5993289202E-5
3.8695381954E-5
4.2123300954E-5
3.5407592076E-5
2.6251538656E-5
2.7049204799E-5
1.4643417671E-5
1.1763849761E-5
1.1173426174E-5
2.0189641509E-5
2.7424364815E-5
3.5493436734E-5
3.6076747346E-5
3.3916509709E-5
3.7949928082E-5
2.9072549658E-5
2.2327329497E-5
1.4462287072E-5
9.5913186670E-6
2.3942394182E-5
3.1867274082E-5
5.6180381216E-5
4.1808839887E-5
3.7074531428E-5
2.0317255985E-5
6.8818917498E-7
-1.1651124805E-5
-2.3504917044E-5
-7.8669283539E-6
1.2072117534E-5
4.2207702063E-5
6.3170713839E-5
7.1256875528E-5
7.2352797727E-5
4.5602163300E-5
-8.1022735686E-7
-6.4169801773E-5
-1.1464121053E-4
-4.8916728702E-5
1.0083467933E-4
4.8705108929E-5
-1.7334532458E-5
-3.1422392930E-5
-3.3990282099E-5
-6.5667089075E-6
1.3507029507E-5
2.9700738377E-5
4.7578208614E-5
4.7552247997E-5
3.4164451062E-5
3.3245445229E-5
2.4309300351E-5
1.0422349442E-5
2.4914951063E-5
2.5452172848E-5
2.4872564244E-5
2.1924974862E-5
2.4860200937E-5
2.3908738512E-5
1.9379262812E-5
2.4832063354E-5
2.7504062745E-5
2.9583950526E-5
2.0546943414E-5
2.6299350429E-5
3.0805007554E-5
3.0770606826E-5
2.4693051818E-5
1.3785401825E-5
2.8369715437E-5
1.0085664690E-5
1.5533703845E-5
2.4923041928E-5
3.0684447846E-5
4.3409282807E-5
3.9853795897E-5
2.8928183018E-5
2.6246078778E-5
1.4978100080E-5
8.0491183326E-6
9.7499927506E-6
2.9106508009E-6
2.8660101815E-5
3.6831479519E-5
3.8534787017E-5
3.7829123902E-5
3.1224614940E-5
2.9734161216E-5
2.7712830342E-5
8.2136481070E-6
1.7203786410E-5
5.9972051532E-6
2.4682062212E-5
3.8196146488E-5
3.0945800244E-5
4.4546509161E-5
4.4708570931E-5
3.2120989635E-5
3.0602957121E-5
9.1145746411E-6
1.1274823916E-7
3.9645587094E-6
-7.7489181422E-6
2.4713890161E-5
4.0368793998E-5
4.5934214722E-5
5.0631270278E-5
4.8792990856E-5
3.6267866380E-5
2.3482681717E-5
1.5560502652E-5
-3.8570025936E-6
-8.7575288490E-6
1.3653445058E-5
1.6027595848E-5
3.2595975789E-5
5.2317581140E-5
5.6301837322E-5
5.9354188852E-5
3.1799520365E-5
9.9255121313E-6
-6.6139851697E-6
-1.6898033209E-5
-1.1565978639E-5
2.0354054867E-7
2.3808854166E-5
6.0740625487E-5
7.2220165750E-5
6.8838498556E-5
5.4443872068E-5
2.2632663603E-5
-6.9707166404E-6
-3.1830999068E-5
-5.0682353322E-5
-1.7176708206E-5
1.3268098701E-5
5.2540574689E-5
9.4414339403E-5
1.0092000012E-4
9.1473385694E-5
5.1736994647E-5
-1.6605923884E-5
-7.7052880080E-5
-1.0051769205E-4
-6.0551089701E-5
3.0273641459E-5
1.0309532518E-4
1.4580488205E-4
1.0674340883E-4
7.8301399482E-5
4.3481437023E-5
-2.9001734219E-5
-1.0478667682E-4
-1.4107106253E-4
-7.6493539384E-5
1.0895999149E-4
2.7298730565E-4
2.7928558411E-4
8.8314921598E-5
-1.5216429019E-4
-1.3235559454E-4
-6.2064500526E-5
9.5190247522E-6
2.6092492043E-5
2.8436211868E-5
1.4259456657E-5
1.1968601029E-5
3.0370231252E-5
7.7588309070E-5
9.9939759823E-5
1.1687888764E-4
8.0756575337E-5
1.4372239821E-5
-7.5276114514E-5
-1.1369120330E-4
-7.5256428683E-5
6.4829876647E-5
1.9789696671E-4
2.6004823157E-4
1.2372662313E-4
-1.2914846884E-4
-3.5585446748E-4
-3.8005865645E-4
-1.5971387038E-4
1.0525295511E-4
3.0051391804E-4
3.1370250507E-4
2.3183594458E-4
1.0955944890E-4
-9.5927389339E-6
-9.4033591452E-5
-1.2117021251E-4
-9.0768921657E-5
-3.9650243707E-5
2.3669714573E-5
8.5431209301E-5
1.2232908048E-4
1.2310186867E-4
8.8175944986E-5
3.4987728576E-5
-1.2216588948E-5
-4.1220069397E-5
-5.8384053411E-5
-3.2747315708E-5
-1.0885996744E-7
4.5566284098E-5
7.1260705592E-5
9.4949046618E-5
7.9927290793E-5
5.6601315737E-5
1.6024557408E-5
-1.0609626770E-5
-2.9907922725E-5
-2.9210350476E-5
-3.2366951928E-6
1.7964153085E-5
5.1050155889E-5
7.5564603324E-5
7.6370895842E-5
5.8779423126E-5
3.2141536939E-5
7.2701601312E-6
-1.6238423996E-5
-2.3935642093E-5
-1.0971748270E-5
7.0365378634E-6
3.0108971986E-5
5.9198623058E-5
5.8565859218E-5
5.8234483004E-5
3.8318696897E-5
1.0068051051E-5
1.0288436897E-6
-1.2792448979E-5
-8.2067563199E-6
-6.3617597334E-6
2.3903674445E-5
3.9199390448E-5
5.6406646036E-5
5.6587939617E-5
5.0521735102E-5
3.6677496972E-5
9.8806456664E-6
7.4209063315E-6
-7.6272874139E-6
-3.5207835026E-6
1.4217069838E-5
2.9312353580E-5
4.3688714504E-5
4.5862677507E-5
4.9432762899E-5
3.3196830190E-5
2.0674150437E-5
8.8015804068E-6
-3.1954841690E-7
-2.4454202503E-6
4.0430109948E-6
3.0781596432E-5
4.1607616003E-5
4.3741508852E-5
4.3296429794E-5
2.9235496185E-5
2.4213944561E-5
1.5052815434E-5
3.7837424316E-6
-6.1902916059E-6
9.9055585452E-6
2.0316790323E-5
2.7027342002E-5
3.7296314258E-5
4.0150200948E-5
3.3885624725E-5
2.4038529954E-5
1.2939260341E-5
4.8564164899E-6
6.4593739808E-6
1.6444397624E-5
3.2611039932E-5
2.6288756634E-5
2.1230708807E-5
2.2085011005E-5
2.6429933495E-5
1.5486520715E-5
3.2031058799E-5
7.2005891708E-5
3.0305108520E-5
5.1458016969E-6
6.4752995968E-6
7.9722492957E-6
2.1654693409E-5
3.8154143840E-5
4.1135062929E-5
4.6833720990E-5
3.4991721622E-5
2.6987819000E-5
2.2701185662E-5
1.5202490613E-5
1.3074732851E-5
6.4104911872E-6
2.8651836327E-5
3.0957337002E-5
3.3346563577E-5
2.8668961021E-5
3.7970161065E-5
3.6805775016E-5
1.8694356549E-5
2.0483171102E-5
1.5015329700E-5
2.1057494450E-5
1.0405469220E-5
2.8531299903E-5
3.4813978708E-5
2.8567039407E-5
3.9398635271E-5
3.0860421247E-5
4.3743697460E-5
3.0013581272E-5
1.2870552018E-5
1.5837210231E-5
2.0502705592E-5
1.6852328554E-5
2.8775667305E-5
4.1147007141E-5
4.3859693687E-5
2.2773258387E-5
1.9624014385E-5
5.9578916990E-6
6.4525520429E-7
6.2350882218E-7
1.0059610941E-5
7.9934368842E-6
2.6837084442E-5
3.4143670927E-5
4.6353519428E-5
5.5864173919E-5
4.3428782373E-5
2.1212641149E-5
-2.6407185942E-6
-1.9279797561E-5
-1.3741489965E-5
2.6040128432E-6
1.9629101734E-5
5.6502211373E-5
8.2336610653E-5
7.6806521977E-5
6.2150519807E-5
1.9962701480E-5
-1.3004953507E-5
-6.5828626976E-5
-8.1439141653E-5
-6.2553363387E-5
2.7128844521E-5
1.2184270890E-4
5.1802012603E-5
-8.2120508888E-5
-6.8314163947E-5
-1.7264927737E-5
3.0853145289E-5
6.2264513691E-5
7.2471203750E-5
6.5376213753E-5
3.8336077705E-5
2.4830864276E-5
9.2431902887E-6
8.8405678981E-6
1.9610731396E-5
1.8216797616E-5
1.7385242972E-5
3.7319026887E-5
3.3403141423E-5
3.2006483524E-5
2.0875083282E-5
2.1480838768E-5
2.7958326972E-5
2.6561529375E-5
3.5626930184E-5
2.0414125174E-5
2.3561308626E-5
2.5711255147E-5
2.2820685990E-5
2.3268442601E-5
4.3513835408E-6
2.6259920559E-5
3.2393366563E-5
2.4923076853E-5
2.7214700821E-5
3.7425616756E-5
3.3049937337E-5
3.2818107865E-5
1.0348821525E-5
1.6874761786E-5
8.8488915936E-6
1.6810756642E-5
2.2187584545E-5
2.5803339667E-5
3.5531294997E-5
4.0578574408E-5
3.7608947604E-5
3.6841328256E-5
2.7650292031E-5
2.2391451057E-5
7.4215815403E-6
1.0731525254E-5
1.3468042016E-5
2.0528200548E-5
2.4677079636E-5
3.2730889506E-5
4.2891886551E-5
3.6113231908E-5
3.7630111910E-5
2.2913841530E-5
1.4101795387E-5
-1.9304919988E-6
6.1972765252E-6
-2.2110762074E-7
1.4277617447E-5
3.9336038753E-5
4.6389130875E-5
4.9910880625E-5
5.0808710512E-5
3.2794929574E-5
6.3340878114E-6
-7.1326736361E-6
-1.5500572044E-5
-1.1464173440E-5
1.4840613585E-5
3.6841037217E-5
5.9380510357E-5
5.5873009842E-5
7.5051328169E-5
4.4409034308E-5
2.5590357836E-5
-2.6677967981E-6
-2.9611785430E-5
-2.6173633523E-5
-1.4964921866E-5
2.0831811707E-5
5.3021044005E-5
7.5554987417E-5
9.3409593684E-5
8.6172099692E-5
5.3272792138E-5
-2.0947807934E-5
-9.0065796396E-5
-1.0640788824E-4
-5.1925366280E-5
3.5190663766E-5
1.0445042281E-4
1.1974229710E-4
8.7156542578E-5
7.5060781094E-5
5.3486763500E-5
2.1905289031E-6
-7.6602143238E-5
-1.0853878921E-4
-7.3881435676E-5
2.8893956914E-5
1.2387784664E-4
1.2333134655E-4
7.6341070238E-5
1.0654982179E-5
-3.7484685891E-6
-1.9868602979E-7
-5.4517178797E-6
4.4839107432E-6
3.3470185007E-5
6.0629518703E-5
6.1708758586E-5
5.4325000384E-5
3.5709980875E-5
3.2934348564E-5
2.3901101667E-5
1.2050452642E-5
-1.9853585400E-6
2.8147012926E-6
8.0347061158E-6
1.9541708752E-6
3.0427088495E-5
9.1518240518E-5
1.2798833195E-4
1.3174688211E-4
8.3860429006E-5
-6.3021550887E-6
-1.0798018193E-4
-1.4470829628E-4
-9.4181869647E-5
8.2690303682E-5
2.8907228261E-4
3.4417095593E-4
2.3951171897E-4
2.3473007604E-5
-1.8214774318E-4
-2.2320817225E-4
-1.8753061304E-4
-7.8626524193E-5
3.0202802735E-5
1.1712227715E-4
1.5854539815E-4
1.5124944039E-4
1.1657950236E-4
4.3686712161E-5
-1.8413912039E-5
-6.0730439146E-5
-7.5472041501E-5
-4.6584056690E-5
-7.6613621787E-6
4.2452057823E-5
7.8713020778E-5
9.8155043091E-5
8.8524259629E-5
6.1690958683E-5
1.1795794126E-5
-1.3699394185E-5
-3.5535101778E-5
-3.3002847339E-5
-8.5065257735E-6
2.2981432266E-5
5.0371082034E-5
6.4658047632E-5
7.3307054118E-5
6.7793682686E-5
3.1609658617E-5
8.5418345407E-6
-1.9981816877E-5
-1.3065489475E-5
-1.3263477012E-5
1.1109549087E-5
2.9559887479E-5
4.9407023471E-5
6.7178928295E-5
6.2325922774E-5
4.6367815230E-5
2.2171228192E-5
1.9175466150E-6
-1.2378918473E-5
-1.5853426885E-5
-4.6021072194E-6
1.7334183212E-5
4.2282952926E-5
5.2096787840E-5
5.4730963894E-5
3.9854017086E-5
2.3709912784E-5
4.1098683141E-6
3.6787241668E-9
-9.0633518994E-6
-1.2496381532E-5
1.6226910520E-5
3.4623325336E-5
4.2592093814E-5
5.2545208018E-5
5.1462487318E-5
3.4498935564E-5
1.9827415235E-5
1.4061387628E-5
-6.0127582401E-6
-1.1585885659E-6
3.2988726162E-6
2.3526616860E-5
3.8186856545E-5
5.8882799932E-5
3.5813730210E-5
4.9210875295E-5
2.8061144984E-5
1.4270236716E-5
1.7415254842E-5
1.6891863197E-6
7.2849332356E-6
2.0070211030E-5
3.2830180134E-5
3.6780699155E-5
4.5027886517E-5
4.3197057675E-5
2.6549817994E-5
1.6992818564E-5
1.1031655595E-5
7.0150010288E-6
2.4414062500E-5
1.1657271534E-5
1.8614926375E-5
3.2982637639E-5
4.1649001650E-5
3.7333986255E-5
3.0456914100E-5
3.0485249589E-5
1.9337038975E-5
2.2141810040E-5
2.4662364739E-5
2.9835407621E-5
2.9767316299E-5
2.6711181271E-5
3.3917091785E-5
3.0207110102E-5
2.2660417016E-5
1.6535248142E-5
8.3282473499E-6
3.0860642436E-5
6.7572121045E-5
1.5991274267E-6
-6.5854401328E-6
1.3653771021E-5
2.8184184338E-5
3.3551314845E-5
3.2298092264E-5
3.9627600926E-5
3.6360847297E-5
3.0089332721E-5
1.5573587734E-5
1.2811250053E-5
1.1721614283E-5
1.3928604312E-5
2.0051875617E-5
2.6239256839E-5
2.9837992041E-5
4.0046835783E-5
3.6979408468E-5
3.4997262992E-5
2.5245908181E-5
2.2955669555E-5
1.3708416373E-5
2.2746727336E-5
2.1878990810E-5
1.6441149637E-5
4.3720880057E-5
4.0226138662E-5
3.6209612153E-5
1.3496994507E-5
1.2376706582E-5
-4.5245280490E-6
-4.0380982682E-7
1.2575904839E-5
1.2887420598E-5
2.2862374316E-5
4.0136475581E-5
4.1536323260E-5
3.8609385955E-5
2.8891873080E-5
1.7235125415E-5
2.5509041734E-6
1.4113262295E-6
-9.7921700216E-6
-6.1759725213E-6
3.6398356314E-5
4.9616186880E-5
5.0243560691E-5
5.5188615807E-5
3.6079506389E-5
3.0554167460E-5
3.7125078961E-6
-5.0753238611E-6
-2.1581328474E-5
-1.0088260751E-5
9.9604600110E-6
4.2866158765E-5
7.2638434360E-5
8.3947996611E-5
6.9585791791E-5
4.5485654846E-5
1.2076320127E-5
-3.5451597068E-5
-6.7432248036E-5
-6.9158186672E-5
-2.5016278959E-5
5.9610907920E-5
1.4552765060E-4
1.6837936127E-4
-3.0261429492E-5
-1.0347772623E-4
-2.4171022232E-5
4.6880962327E-5
8.8489043994E-5
8.4379396869E-5
7.7895040160E-5
5.1491812337E-5
1.4467642177E-5
1.6322592273E-6
-8.9377863332E-6
7.2623137385E-6
1.3470777776E-5
2.4077342823E-5
3.6412477493E-5
3.8473436143E-5
3.4553790464E-5
2.6747980154E-5
3.5120488609E-5
1.9725924358E-5
1.7948204186E-5
1.8928712234E-5
2.4472968652E-5
2.4102081079E-5
2.0341819618E-5
2.8467003721E-5
1.5966664068E-5
2.2925972007E-5
2.3109628818E-5
1.8701900262E-5
2.5294802617E-5
3.0960177536E-5
3.5523786209E-5
2.0816130563E-5
2.5563058443E-5
2.4833623319E-5
2.4313654285E-5
9.6946139820E-6
1.6441859771E-5
1.3524794485E-5
3.8315670099E-5
3.6074081435E-5
2.5522732175E-5
2.6669120415E-5
3.1923886854E-5
2.9626418836E-5
8.0971396529E-6
-1.7629121430E-6
2.2449647077E-6
1.5134050045E-5
2.1848757751E-5
4.1226367466E-5
5.6249252521E-5
4.3724058196E-5
3.8748001679E-5
2.2699858527E-5
2.1839875262E-5
-3.3519230783E-6
-1.1265394278E-6
-1.2869830243E-6
4.1001243517E-6
3.2010150607E-5
4.1112955659E-5
5.0491467118E-5
5.0510396250E-5
3.7275464273E-5
2.8407818171E-5
1.2116739526E-6
-1.6791699454E-5
-1.8102396279E-5
-3.9782025851E-6
1.2358324602E-5
4.7521607485E-5
7.2760938203E-5
9.0625055602E-5
6.7526160275E-5
3.9340206422E-5
-1.4523824211E-5
-5.6135281921E-5
-4.9257697538E-5
-1.9276689272E-5
1.9725516904E-5
7.4277853129E-5
9.7894296053E-5
8.0428109507E-5
4.5281148050E-5
5.0205469597E-5
3.7827761844E-6
-6.8229413593E-5
-1.0794112459E-4
-7.5619365090E-5
1.0104116518E-5
1.1178407585E-4
1.3322379673E-4
8.4871775473E-5
2.7169252280E-5
-2.0576536189E-5
-1.2277474161E-5
7.1787741036E-6
1.2745277491E-5
9.2105357909E-6
1.1688924860E-5
2.4080183356E-5
3.0780851375E-5
5.4940278642E-5
6.0816295445E-5
4.2162928730E-5
2.2818834986E-5
6.3060550019E-6
-3.9760721848E-6
-2.1822669077E-5
-2.4593470152E-5
3.0641094781E-6
2.9321887995E-5
7.9169229142E-5
9.0513925536E-5
4.7752633691E-5
-2.0586652682E-6
-4.8145011533E-5
-4.8796879128E-5
-1.2643157970E-5
3.3593492116E-5
8.0545141829E-5
1.0795044946E-4
1.2281432282E-4
1.1736848392E-4
4.1422538924E-5
-8.0254615752E-5
-2.0420911023E-4
-1.9821467577E-4
-2.4573539849E-5
1.3860691106E-4
2.3606595350E-4
2.2805182962E-4
1.3734337408E-4
5.5692554452E-5
-3.5511562600E-5
-8.9987588583E-5
-1.0125518311E-4
-6.2618870289E-5
-1.7948402092E-5
4.6538852621E-5
8.9717726225E-5
1.0359805310E-4
9.3124457638E-5
5.4180307780E-5
1.7451029271E-5
-2.9792997520E-5
-4.2961386498E-5
-5.2535079886E-5
-1.6416783910E-5
1.2179173064E-5
5.5560073816E-5
7.5439666400E-5
7.1481987836E-5
6.4003816807E-5
3.4747412428E-5
1.5017343685E-6
-1.5418382827E-5
-2.1337601356E-5
-1.9346037879E-5
7.9065794125E-7
3.2776023726E-5
5.5926595815E-5
7.2969042233E-5
6.0945714359E-5
5.0966290291E-5
1.8412980716E-5
5.8149918914E-6
-3.3910037019E-6
-1.2815138325E-5
-9.8721939138E-6
2.3343425710E-5
3.4320075064E-5
5.1047513262E-5
6.1634555460E-5
5.5189209525E-5
3.0192441772E-5
6.1011873186E-6
6.7636836321E-6
-1.7600518185E-5
-1.1430471204E-6
1.7306732479E-5
2.9968190937E-5
3.4449668600E-5
5.0109520089E-5
4.4244655873E-5
4.3711636681E-5
1.7882580869E-5
4.4740852900E-6
-7.9302582890E-6
2.4414062500E-5
4.9818074331E-6
2.2032880224E-5
3.9735983591E-5
5.1266606897E-5
5.0148519222E-5
4.3191039003E-5
2.8031307738E-5
5.8052362874E-6
7.5821299094E-8
2.3153610528E-6
9.5120398329E-6
8.2678045146E-6
2.8829544316E-5
4.1865848470E-5
3.9528706111E-5
4.1692145168E-5
3.3137097488E-5
2.3505056742E-5
1.5459745191E-5
7.2163296864E-6
2.7914065868E-6
1.7510459293E-5
2.8938706964E-5
3.1000981106E-5
4.2144709732E-5
4.0370796341E-5
2.8766400646E-5
2.7812703046E-5
1.4052528422E-5
1.8545507919E-5
1.0612932965E-5
2.5098212063E-5
1.9821058958E-5
2.2665271535E-5
3.7473021075E-5
3.0027970205E-5
3.1794805544E-5
2.6974373031E-5
3.0855007934E-5
1.5159347095E-5
1.3864669018E-5
1.2947840151E-5
2.4741620290E-5
3.4019979648E-5
3.2507174182E-5
3.3810059539E-5
3.7676107603E-5
2.1805090364E-5
1.1923199054E-5
1.1276185978E-5
2.1177472081E-5
4.1850423440E-5
3.7207722197E-5
4.2830943130E-6
1.4218350407E-5
2.5569787248E-5
3.3358274958E-5
3.3802981488E-5
4.3339212424E-5
3.0591769609E-5
2.8860813471E-5
2.2403872571E-5
2.0763545762E-5
7.7819335275E-6
1.8334330525E-5
2.0994048100E-5
3.9361452218E-5
3.7403800524E-5
3.4517422317E-5
1.8556043506E-5
1.4986761380E-5
2.3632426746E-6
-6.7758141085E-6
8.3211576567E-6
6.6068954767E-6
3.3815426285E-5
4.4303166214E-5
3.6560697481E-5
2.2683467250E-5
1.7394043971E-5
1.0373978876E-5
7.9766148702E-6
-4.6006403863E-6
1.5365076251E-6
1.2595928274E-5
3.0142674222E-5
3.7244462873E-5
4.6076334547E-5
5.2556267474E-5
4.4264434836E-5
1.9616028294E-5
4.3918844312E-6
-1.7653219402E-6
-5.0846487283E-6
-4.6660425145E-7
1.8363760318E-5
3.8818258326E-5
5.3634401411E-5
6.0831266456E-5
5.7043158450E-5
4.2141752783E-5
1.1841102969E-5
-5.8577395976E-6
-2.3932056501E-5
-1.7901672981E-5
-5.3498544730E-6
3.8330245297E-5
5.8702274692E-5
8.4230350333E-5
8.3172658928E-5
8.4438675551E-5
4.4876860920E-5
-1.4202832244E-5
-6.3977576794E-5
-9.1020134280E-5
-7.8670249788E-5
7.5627584011E-6
1.0533113964E-4
1.7276821891E-4
5.2276765928E-5
-1.2223266531E-4
-9.4446307051E-5
6.1849248596E-6
7.8964896968E-5
1.0229708860E-4
1.0349879740E-4
6.5569044092E-5
2.8862815815E-5
1.0686554015E-5
-1.2134807184E-5
-8.3738588729E-6
-2.3797969334E-6
2.1673750598E-5
3.6894564982E-5
3.8753182162E-5
4.8650649842E-5
4.0801032446E-5
3.0038913245E-5
2.4806649889E-5
2.1182780619E-5
1.3723399024E-5
2.1409871988E-5
1.8227670807E-5
2.4998118169E-5
3.1875364947E-5
1.9631651230E-5
2.4115410633E-5
2.4110358208E-5
1.4554371592E-5
3.2764009665E-5
2.6332307606E-5
2.6573624927E-5
1.8056004774E-5
2.8325919993E-5
2.9087672009E-5
1.7330609262E-5
1.5750178136E-5
1.3703131117E-5
2.2383057512E-5
1.9860628527E-5
2.0448444411E-5
2.6895070913E-5
4.8064556904E-5
3.1365628819E-5
1.9249971956E-5
1.9853655249E-5
1.2895034160E-5
9.4891060145E-6
3.0941097066E-6
1.1044996791E-5
3.0855974182E-5
5.0294573885E-5
4.9351097551E-5
6.1396905221E-5
3.9749720599E-5
1.6901677009E-5
-6.4088497311E-6
-2.6867678388E-5
-3.0719162895E-5
-9.3576963991E-6
1.7875956837E-5
6.4249418211E-5
7.7492336279E-5
7.6247891412E-5
5.0263281446E-5
3.1539937481E-5
-1.3777962886E-5
-3.6595249549E-5
-3.5616289824E-5
6.7218206824E-8
3.8314471021E-5
5.6815356948E-5
5.1075790543E-5
7.3546974456E-5
5.7367549744E-5
3.7118757609E-5
5.2243587561E-6
-2.7904927264E-5
-8.2819513047E-5
-7.5419002680E-5
-1.4363171067E-5
8.4656872789E-5
1.6586835263E-4
1.3036063174E-4
5.0552666653E-5
-2.8399145230E-5
-5.6941260119E-5
-6.5321917646E-6
3.2052327878E-5
5.9556588531E-5
4.1190104093E-5
3.2037717755E-5
3.3419753890E-5
3.0878442339E-5
4.1015329770E-5
3.5422481596E-5
3.4410867374E-5
2.5721848942E-5
1.1845910922E-5
-9.8589691334E-6
-1.0579137597E-5
1.0781688616E-5
3.1060655600E-5
5.7711347473E-5
5.8978912421E-5
6.3564348966E-5
3.8146693258E-5
-1.0779476724E-6
-2.9196252580E-5
-2.8456572908E-5
5.8737467044E-6
6.4585229849E-5
8.8085955942E-5
8.2657742316E-5
5.9439765756E-5
3.4082971978E-5
1.5230558347E-5
-6.5002124757E-6
-3.3383280970E-5
-2.3234577383E-5
-5.6474586018E-6
6.5930129496E-5
1.5389062464E-4
1.9530344289E-4
1.2583374046E-4
-3.2385182566E-5
-1.6105389222E-4
-1.8978058361E-4
-1.3793788385E-4
-4.5614712872E-5
4.7392293345E-5
1.2091248063E-4
1.3828969095E-4
1.2950962409E-4
7.0531235544E-5
1.9206060097E-5
-2.2053287830E-5
-5.8022106533E-5
-6.0465664138E-5
-3.1349447089E-5
1.8385122530E-5
6.2463572250E-5
7.8211340591E-5
8.9639436922E-5
7.1067467799E-5
3.2524054404E-5
2.8138747439E-6
-2.6465789414E-5
-3.3853121567E-5
-2.7491990476E-5
-8.2523329185E-7
3.5763019695E-5
5.6644028519E-5
6.4918294084E-5
6.7039160059E-5
4.2551348451E-5
2.1309230942E-5
-4.9331923947E-6
-2.8811616357E-5
-1.7668656073E-5
1.2058764696E-6
2.1007633768E-5
4.9127242528E-5
6.1459862628E-5
6.1232387089E-5
4.9276056234E-5
3.0531908850E-5
1.0882515926E-5
-6.7979679443E-6
-9.4081624412E-6
-1.3691594359E-5
6.0535152443E-6
3.3557356800E-5
5.0410919357E-5
5.5410515051E-5
5.0715368706E-5
3.1380169093E-5
1.6507483088E-5
6.1441911385E-6
-1.1029257439E-5
-2.8693117200E-6
1.5022547450E-5
1.5083292965E-5
2.9974943026E-5
4.1094515473E-5
5.3535890765E-5
3.8654427044E-5
2.6039115618E-5
6.6345790402E-6
9.1798836367E-6
-4.6894070692E-6
3.1057395972E-6
8.4697385319E-6
2.3643486201E-5
3.3709732815E-5
4.0183158125E-5
3.5151967312E-5
3.5222584846E-5
7.0081907325E-6
1.0336667765E-5
5.0567090511E-6
1.2427894399E-5
1.5468406491E-5
2.1409336477E-5
3.2359291799E-5
3.6270939744E-5
3.4682592377E-5
2.8384872711E-5
2.5218864902E-5
1.6652839258E-5
1.6888312530E-5
1.5351071488E-5
2.0189199131E-5
1.3918150216E-5
2.6782241184E-5
3.1702010891E-5
3.1964655499E-5
3.1649926677E-5
3.1801266595E-5
1.7475092318E-5
1.6944261733E-5
9.9758384750E-6
9.8707503640E-6
1.5698757488E-5
1.4389702119E-5
2.4017482064E-5
2.8378411661E-5
2.7978036086E-5
3.4437514841E-5
2.3567036259E-5
1.4246522915E-5
5.9152022004E-6
1.5025469475E-5
2.3500225506E-5
3.5111885517E-5
3.5342038608E-5
3.4642033278E-5
3.9853749330E-5
2.6205135509E-5
1.9044219516E-5
1.7732812557E-5
2.1450151689E-5
4.6631973236E-5
7.8930170277E-5
-8.7865628302E-7
-1.3364967890E-5
2.1118728909E-5
4.1894335299E-5
4.8602756579E-5
2.8614886104E-5
2.2629997692E-5
4.0167244151E-6
-2.3215322289E-5
-1.2091908138E-5
2.1458906121E-5
3.0403083655E-5
4.5546912588E-5
3.6626320797E-5
4.2660615872E-5
2.8929335530E-5
2.5941967032E-5
-5.8910809458E-6
1.1574185919E-5
1.0288809426E-5
8.0124591478E-6
1.8317741342E-5
2.8598960488E-5
3.4450832754E-5
4.9087114166E-5
3.8336252327E-5
4.6097883023E-5
1.7731613479E-5
1.2419209816E-5
-1.2035598047E-6
8.6064683272E-7
-5.6206714362E-6
1.6745820176E-5
3.1810963991E-5
5.2060361486E-5
5.9493479785E-5
4.2126991321E-5
3.4130364656E-5
1.7227407079E-5
-1.5551922846E-7
-5.9735728428E-6
-3.1587085686E-6
9.2135858723E-6
2.9753486159E-5
5.5050232914E-5
6.5704470036E-5
5.8142619674E-5
5.8254017495E-5
3.7236569914E-5
-1.3928161934E-6
-2.2128387354E-5
-3.3001264091E-5
-2.1066982299E-5
2.7017318644E-6
4.4512830209E-5
9.8326359877E-5
1.0261863936E-4
1.0958256899E-4
6.8909372205E-5
1.7577200197E-6
-6.8653386554E-5
-1.2436461402E-4
-1.3421622571E-4
-4.8131751828E-5
8.1543938724E-5
1.0870444821E-4
-5.7589483914E-5
-1.4176412951E-4
-9.9889049308E-5
-1.4599831775E-5
4.5934598893E-5
8.7916990744E-5
1.0049859993E-4
8.0393441024E-5
5.1855377388E-5
1.8801400438E-5
2.0028441213E-6
3.0464725566E-7
3.5635544919E-6
6.8398076110E-6
2.4137436412E-5
3.8187718019E-5
3.9227749221E-5
3.9092882070E-5
3.4564384259E-5
3.6929594352E-5
2.2767204791E-5
1.4731392730E-5
2.0459992811E-5
1.6559427604E-5
2.3891171440E-5
3.2296276185E-5
3.5967433359E-5
3.0725705437E-5
2.3459130897E-5
3.4451601095E-5
2.2227969020E-5
2.1714228205E-5
2.9425742104E-5
2.7493922971E-5
2.5306839961E-5
3.3707753755E-5
2.0317570306E-5
1.4613301028E-5
1.0065990500E-5
1.4885980636E-5
7.4510346168E-6
2.1749490406E-5
2.2563140373E-5
4.4811633415E-5
3.8756360299E-5
3.7304719444E-5
3.1397806014E-5
4.5519554987E-6
-8.9468434453E-6
-4.5588472858E-6
5.1555223763E-6
1.6069528647E-5
4.7407508828E-5
6.1383761932E-5
6.4693216701E-5
4.6613323502E-5
1.9144767430E-5
-1.9551219884E-5
-4.4291780796E-5
-1.8385052681E-5
3.2328127417E-5
9.5708481971E-5
9.7546237522E-5
4.4803740456E-5
1.5274726320E-5
4.1175866499E-6
5.1239388995E-6
1.6165035777E-5
2.4316483177E-6
-1.4877656940E-5
-2.2632034961E-5
8.8284374216E-6
4.1947222780E-5
9.6794788262E-5
1.4003037941E-4
8.5908942858E-5
-7.0492154919E-6
-7.8598887195E-5
-7.4574851898E-5
-4.0210550651E-6
5.4426642601E-5
6.1418337282E-5
4.5272044372E-5
3.3785752020E-5
2.8005568310E-5
2.6389199774E-5
2.1251349244E-5
2.6225985493E-5
2.1629186813E-5
1.7168710474E-5
1.3565341942E-5
6.2265433371E-6
1.5483133029E-5
4.3173762969E-5
3.9945659227E-5
5.6168402080E-5
5.1819090732E-5
3.5680574365E-5
7.7517586761E-6
-2.0215171389E-5
-1.5341164544E-5
-5.5396812969E-6
2.2349017672E-5
6.2242348214E-5
8.4914709444E-5
6.9221330343E-5
3.8000452332E-5
-5.1942071878E-6
-3.0963390599E-5
-1.1414114851E-5
-3.6683981307E-6
1.0062125512E-5
2.3133482318E-5
2.4880678392E-5
5.0127122086E-5
4.8767251428E-5
4.7276983969E-5
3.0911737121E-5
-5.8341771365E-6
-4.3650297448E-5
-4.0632660966E-5
1.3668811880E-5
1.0532718152E-4
1.8014956731E-4
1.8403343856E-4
1.2131574331E-4
2.4400127585E-5
-5.5518723094E-5
-9.9612015767E-5
-1.0633163620E-4
-5.2909890656E-5
1.1672999244E-5
7.8193366064E-5
1.0371636600E-4
1.0897353059E-4
8.0008583612E-5
4.0949461981E-5
-2.6117428206E-6
-3.5147054586E-5
-4.2777135968E-5
-3.5461888182E-5
-8.5915671661E-7
3.6649161484E-5
5.7947239839E-5
8.2778348590E-5
7.7236804647E-5
5.2637897898E-5
2.4049472995E-5
-3.5078497603E-6
-1.5391490889E-5
-1.7562415451E-5
-1.3268110342E-5
1.3571092859E-5
4.3612520676E-5
5.6564307307E-5
5.7950953488E-5
5.2219897043E-5
3.6398577503E-5
1.7210328951E-5
-1.0521174409E-5
-1.1210807133E-5
-1.0393548291E-5
1.1297804304E-5
3.1928753014E-5
5.0117715728E-5
5.9044628870E-5
5.4548541085E-5
4.4560513924E-5
3.0189158860E-5
1.4211167582E-6
-8.5082487203E-6
-4.7439592891E-6
1.3704749290E-5
2.0295393187E-5
4.5198481530E-5
4.9682823010E-5
5.3802400362E-5
3.8426904938E-5
2.3322680499E-5
1.0029377882E-5
9.3461363576E-6
3.1683826819E-6
1.9369379151E-5
1.5752378386E-5
2.5431788526E-5
3.0419009271E-5
4.2310333811E-5
3.8827431853E-5
2.4126714561E-5
2.7078704442E-5
1.0978919454E-5
9.9731259980E-6
1.3436877634E-5
7.5803603978E-6
2.2780674043E-5
2.9783253557E-5
4.5744981617E-5
3.8395437877E-5
3.9398914668E-5
2.3543043061E-5
2.0594813395E-5
1.6633979976E-5
6.9952686318E-6
1.9481324125E-5
1.4815223403E-5
3.2046902924E-5
3.7310621700E-5
4.2513362132E-5
4.1969306766E-5
2.5115720927E-5
2.5591335724E-5
1.5543971676E-5
2.1508242935E-5
1.3319309801E-5
1.7588003538E-5
2.4910341016E-5
2.7011730707E-5
3.0111009254E-5
3.6733597516E-5
3.2944336999E-5
2.4776975624E-5
3.1524652148E-5
2.3577176034E-5
1.5913497191E-5
2.1884962916E-5
2.2074091248E-5
2.5689508765E-5
3.8000452331E-5
3.5336019936E-5
3.1032529659E-5
2.7931423391E-5
2.6191852520E-5
2.3109221365E-5
1.9021157641E-5
1.9693735521E-5
2.2339122369E-5
3.8661353755E-5
3.2296800054E-5
4.1083735413E-5
3.5174225922E-5
3.9802084211E-5
1.6026198864E-5
3.8860016502E-6
3.3898628317E-6
-3.9693317376E-6
-3.4557539038E-6
2.0591390784E-5
3.0619732569E-5
4.3765257578E-5
5.0676055252E-5
5.1616062410E-5
4.3304136488E-5
8.8482396678E-6
-5.5691576563E-6
-2.5059329345E-5
-1.0532082524E-5
1.0041217320E-5
3.4735142253E-5
4.9602950458E-5
7.0362281987E-5
5.6080520153E-5
3.5953335463E-5
9.6403528013E-8
2.9553193599E-6
1.6236910597E-6
2.1523435134E-5
2.3156648967E-5
2.3545266594E-5
3.0573073308E-5
3.1916657462E-5
4.2146991472E-5
3.9661978371E-5
2.9492261818E-5
2.5948393158E-5
5.0578266383E-6
-3.8432423025E-6
1.3790675439E-6
1.2530537788E-5
3.3637869637E-5
4.2526784819E-5
5.7762546931E-5
5.9833063279E-5
5.8897701092E-5
3.6114186513E-5
9.5544965007E-6
-1.2072070967E-5
-1.4351226855E-5
-1.8886278849E-5
1.1111993808E-5
4.3806352187E-5
6.9937482478E-5
8.6879509038E-5
7.2986981833E-5
5.1254208666E-5
1.6443070490E-5
-2.3461086675E-5
-3.9344222750E-5
-4.3738761451E-5
-1.7779623158E-5
2.8628751169E-5
8.5882679561E-5
1.3080632780E-4
1.5421577263E-4
1.1861087987E-4
4.0083040948E-5
-8.0834853000E-5
-1.4907000586E-4
-6.4470281360E-5
1.3250992633E-4
1.6281120479E-4
4.1798932943E-5
-6.0932245106E-5
-9.9207309543E-5
-7.0550281091E-5
-2.6138173416E-5
2.0484428387E-5
5.3705787287E-5
7.9356878998E-5
7.2280096358E-5
6.3592393418E-5
3.6327587440E-5
1.7227628268E-5
9.5515279100E-7
-9.1762747615E-6
6.0431193561E-6
1.8395751249E-5
2.4516216944E-5
3.8134423084E-5
3.8541702088E-5
3.8356287405E-5
3.4798425622E-5
3.0499917920E-5
1.3947300613E-5
1.4739041217E-5
1.7213891260E-5
2.1245086100E-5
1.6502500512E-5
1.5882379375E-5
2.4973717518E-5
3.1308573670E-5
2.0799750928E-5
2.3246253840E-5
2.8885935898E-5
2.5870557874E-5
2.6627397164E-5
1.9776378758E-5
4.2417284566E-5
2.5185185950E-5
2.4211290292E-5
1.2944207992E-5
1.0082486551E-5
1.5678268392E-5
2.3767701350E-5
4.4276006519E-5
6.1068718788E-5
6.5789883957E-5
3.5499711520E-5
1.0607508011E-5
-9.1551570222E-6
-1.9174441695E-5
-2.5799265131E-6
3.2950891181E-5
3.9985135663E-5
3.7933269049E-5
4.3579202611E-5
3.9943831507E-5
2.7951726224E-5
1.7191248480E-5
9.6754403786E-6
1.1924421415E-6
5.0253816880E-6
1.6863853671E-5
1.8590933177E-5
2.9126391746E-5
3.6692467983E-5
6.5562874080E-5
9.7450683827E-5
6.0111365747E-5
-7.0356088692E-5
-1.5411194181E-4
-9.6573273188E-5
1.4506909065E-5
1.4152355725E-4
1.1452642502E-4
7.1597448551E-5
3.5977945662E-5
1.4079152607E-6
2.8484035283E-6
4.1645602323E-6
1.4793267474E-5
2.3050699382E-5
2.1593237761E-5
1.7875130288E-5
1.6667961609E-5
1.4438817743E-5
2.2010761313E-5
3.6363513208E-5
4.0657771751E-5
3.9176444988E-5
2.9752613044E-5
1.0674993973E-5
-8.1706326455E-6
-9.3381386248E-7
2.7138506993E-6
3.6862399429E-5
7.2184589228E-5
6.4338499216E-5
4.4405518565E-5
1.9843352493E-5
-2.2894144058E-5
-3.8640515413E-5
-9.0382876806E-6
2.7340452652E-5
6.2841724140E-5
7.0873321968E-5
5.3333037067E-5
4.3461017776E-5
2.1571281831E-5
2.6587012689E-5
2.7554645203E-5
1.5229126439E-5
5.9650745243E-6
6.4577325248E-6
8.0326804892E-6
2.6090035680E-5
3.0713970772E-5
4.5156432315E-5
4.6846969053E-5
3.1619984656E-5
-3.5347917582E-5
-9.8727934530E-5
-1.0496275500E-4
-2.4162058252E-5
8.1294460690E-5
1.5346799046E-4
1.7182130832E-4
1.3244854053E-4
2.4414062500E-5
6.2593747863E-5
-6.6988822073E-5
-7.2134740187E-5
-5.6527426933E-5
-1.5014479868E-5
3.4244428388E-5
7.6939119029E-5
9.8724861167E-5
8.6125184319E-5
6.4457685222E-5
2.6625511236E-5
-1.0789034422E-5
-3.6287226248E-5
-3.0688848346E-5
-9.9215772934E-6
1.8062093295E-5
4.3625850230E-5
6.4132513945E-5
7.6486705805E-5
5.9882283677E-5
4.3692579493E-5
1.2790830806E-5
-7.7510951087E-6
-1.1055776849E-5
-1.5249010175E-5
2.1290313452E-5
2.6717921718E-5
5.3937814664E-5
6.0880300589E-5
4.9915572163E-5
4.9983779900E-5
3.1841895542E-5
8.5541978479E-6
-1.0996614583E-5
-1.1580099817E-5
1.8585938960E-6
2.3329351097E-5
4.0863046888E-5
5.6130520534E-5
5.0689489581E-5
4.6126265079E-5
2.9449141583E-5
1.2117985170E-5
6.7705404945E-6
2.1048006601E-6
6.1856466346E-6
1.4756422024E-5
2.4403841234E-5
4.2901420965E-5
5.2459130530E-5
5.4585852195E-5
3.3019075635E-5
1.8390780315E-5
7.8673823737E-6
6.2659382822E-6
2.1002814173E-5
1.7233088147E-5
1.8455053214E-5
3.2273598480E-5
3.4573185257E-5
3.3424340653E-5
3.1697738449E-5
2.8876180294E-5
1.9623641856E-5
1.6450579278E-5
2.0125217270E-5
1.7970462795E-5
2.6057509239E-5
2.3335695732E-5
2.9603601432E-5
3.7935958243E-5
3.5199348348E-5
3.4339388366E-5
2.7048040646E-5
1.7849018332E-5
1.7542578280E-5
1.7944257706E-5
2.6611366774E-5
2.6371004059E-5
3.3884041476E-5
3.0962179879E-5
3.9433210622E-5
3.4165917895E-5
2.9925408306E-5
2.0958471577E-5
1.8434622325E-5
1.4770857524E-5
1.6942142974E-5
1.4191470109E-5
2.1897046826E-5
2.4583737831E-5
3.2532529439E-5
4.1028356645E-5
3.4063088241E-5
3.1182810197E-5
2.3305963259E-5
1.7687934451E-5
1.9452359993E-5
2.2620183881E-5
2.5667110457E-5
3.6451523191E-5
5.1115138922E-5
4.4612702913E-5
4.3335487135E-5
1.9129482098E-5
8.0420286396E-6
1.2214062735E-6
-4.5800465159E-6
-1.8349383026E-7
1.9642594270E-5
3.1783501617E-5
4.0060537867E-5
5.5267219432E-5
4.8846250866E-5
3.0716345644E-5
1.7633673269E-5
4.7495122999E-7
-1.1867494322E-5
-5.1990034990E-6
1.0867905803E-5
4.0308153256E-5
5.3319532890E-5
5.4959580303E-5
4.0077115409E-5
4.3804547749E-5
1.9035662990E-5
1.2518081349E-5
1.5656580217E-6
-3.4063938074E-6
1.0569696314E-6
1.7983582802E-5
3.9136828854E-5
5.5105856154E-5
6.6595082173E-5
5.9568427969E-5
4.1281478479E-5
1.8953916151E-5
-6.3861836679E-6
-3.3765577245E-5
-1.7007242423E-5
2.5088910478E-5
6.1930972152E-5
4.8991537187E-5
4.4161535334E-5
3.9487588219E-5
4.8639357555E-5
2.7845369185E-5
1.3098935597E-5
5.8940961026E-6
5.1069771872E-6
8.2728220151E-6
2.1853169892E-5
3.4662545658E-5
7.0757581853E-5
7.0194108413E-5
6.7281525118E-5
5.0810084213E-5
2.5643128901E-5
-1.0342872702E-5
-2.3185811005E-5
-2.4815415963E-5
8.1304460761E-7
2.2475991863E-5
5.7743873913E-5
9.0594822545E-5
9.5030351078E-5
8.5861759729E-5
4.5629485976E-5
-5.2146264352E-6
-6.3186138870E-5
-9.0892578012E-5
-7.9382245896E-5
-1.7496931832E-5
8.2908151673E-5
1.8415763043E-4
2.2571759764E-4
1.1160873110E-4
-7.0635543671E-5
-6.9616176189E-5
6.9291063120E-5
1.6351216473E-4
1.7809827114E-4
1.2308651349E-4
6.0497457162E-5
-6.9488538429E-6
-3.1495583243E-5
-4.5072624926E-5
-4.2189261876E-5
8.7227672334E-7
2.5972817093E-5
5.8524729684E-5
6.7151198164E-5
5.9705879540E-5
4.3567933608E-5
3.0309089925E-5
1.5202036593E-5
5.0835777074E-6
-1.0216736700E-5
5.6280405261E-6
1.9229459576E-5
1.9251345656E-5
3.5815220326E-5
4.3805513996E-5
3.3854821231E-5
3.4720276016E-5
2.2009084932E-5
2.9166101012E-5
2.1930341608E-5
2.9086403082E-5
2.2946845274E-5
3.2724859192E-5
1.9109144341E-5
9.4749964774E-6
9.6818432213E-6
1.8840562552E-5
3.3383828121E-5
4.1951879393E-5
5.1142368466E-5
3.6479986738E-5
2.4742877576E-5
9.7776995973E-6
1.0594900232E-5
1.0337145068E-5
2.0131759811E-5
2.9526243451E-5
3.4130772109E-5
4.9275194760E-5
2.2327504120E-5
2.9682775493E-5
2.8803013265E-6
9.4933551737E-6
1.1037685908E-5
1.6547844280E-5
1.0265514720E-5
1.0406295769E-5
2.2957660257E-5
2.2614595945E-5
3.8090173620E-5
5.6125514675E-5
4.2912398931E-5
4.4017995242E-5
1.5390617773E-5
-3.8771482650E-5
-7.9216144516E-5
-3.8844707887E-5
7.1946950631E-5
1.6736891121E-4
1.7277321313E-4
7.9612422272E-5
-9.2249247246E-6
-5.1291205455E-5
-4.0872639511E-5
-1.0014546569E-5
2.6419688947E-5
4.1699048597E-5
4.2057503015E-5
4.2358541395E-5
2.8576678596E-5
2.6010139845E-5
2.8073112480E-5
1.8493901007E-5
1.7986306920E-5
1.6192486510E-5
1.6416201834E-5
9.2444359325E-6
1.5245785471E-5
3.0392559710E-5
3.2281805760E-5
4.4740841258E-5
4.4808757957E-5
5.0504016690E-5
3.6256946623E-5
1.4407653362E-5
-8.2314945758E-6
-2.9413262381E-5
8.1938691438E-6
4.2163312900E-5
8.0613070170E-5
9.2755211521E-5
5.8359093965E-5
1.3101042714E-5
-1.1934898794E-5
-2.2420578170E-5
-5.8227684349E-6
9.2991860584E-6
2.6629469357E-5
2.9354752041E-5
2.6760436594E-5
2.6621134020E-5
2.6641727890E-5
3.7397234700E-5
2.7727149426E-5
2.4362024850E-5
2.4723750538E-5
1.1454173364E-5
1.3844971545E-5
1.9356841221E-5
1.2177880853E-5
1.8981099129E-5
3.2096984795E-5
8.0013135450E-5
9.1223104393E-5
-1.1028733570E-5
-1.4790199930E-4
-1.6856013099E-4
-8.0102204814E-5
3.1141669023E-5
1.2438165722E-4
1.4249468222E-4
1.3878364116E-4
8.8932865769E-5
2.6407849508E-5
-2.2895401343E-5
-5.9605657589E-5
-4.5680743642E-5
-3.5216333344E-5
6.7618675531E-6
5.0166447181E-5
7.7470729596E-5
8.8036770469E-5
7.2951940821E-5
4.1524146217E-5
1.2004503515E-5
-2.0113273058E-5
-1.7102132551E-5
-2.1621654741E-5
4.9112946726E-6
3.3042195718E-5
5.8299256489E-5
6.8590010052E-5
6.0153333471E-5
3.4264626446E-5
2.7245725504E-5
5.8145960791E-7
-6.1602913775E-6
-1.4993129298E-5
-1.1209631339E-6
1.7580040730E-5
3.3103488385E-5
5.2332819905E-5
5.5524066557E-5
4.6762207057E-5
3.3705856184E-5
2.0418246276E-5
2.5827321224E-6
-1.1809403077E-6
4.0571903810E-6
1.5556416474E-5
2.8429226949E-5
4.1499151848E-5
3.9211660623E-5
4.7679070849E-5
3.4069991670E-5
1.6887998208E-5
2.3263879120E-5
-1.0828603990E-6
1.2607662938E-6
1.5820143744E-5
3.1321577261E-5
3.3367564901E-5
3.8045435212E-5
4.6293751802E-5
3.8294738624E-5
2.4843832943E-5
1.6633735504E-5
2.6330922264E-5
4.3903477490E-6
9.9786673674E-6
2.6585650629E-5
2.2361695300E-5
3.5279989242E-5
3.6118261050E-5
3.5047903657E-5
2.7700059581E-5
2.2627261932E-5
1.7923058476E-5
8.2926126198E-6
1.9166769925E-5
2.5500182527E-5
2.6936363428E-5
3.9011402986E-5
3.1015707644E-5
2.1853833458E-5
2.5523512158E-5
4.1257729754E-5
3.8996862712E-5
2.4943042080E-5
1.6515608877E-5
1.8822238780E-5
2.2747484035E-5
1.8349604215E-5
2.9982940759E-5
3.6210962571E-5
4.1236507240E-5
3.1016685533E-5
3.0325166880E-5
2.6104145217E-5
2.2082286887E-5
3.3298949710E-5
2.7474749367E-5
1.9109388813E-5
3.1954096629E-5
4.3009023648E-5
4.3826142792E-5
4.1896419134E-5
1.5953090042E-5
1.4334893785E-5
8.4389117548E-6
-4.6859146096E-6
-1.1278432794E-6
2.2465270012E-5
3.2326357904E-5
4.2269087862E-5
4.8157956916E-5
5.1224918570E-5
2.1898874547E-5
1.7007370479E-5
5.9992889874E-6
-1.2806151062E-5
-4.9513881095E-6
1.0811607353E-5
2.7039321139E-5
4.5118923299E-5
5.8739737142E-5
5.2045634948E-5
3.8310803938E-5
1.4015811030E-5
2.0571635104E-6
1.0706367903E-5
6.9046742283E-6
8.0504687502E-7
1.9536342006E-5
4.3749902397E-5
5.5369304027E-5
5.4502452258E-5
4.9719249364E-5
3.4366571344E-5
2.1914101671E-5
9.3468115665E-6
3.5134726204E-6
-7.3294038884E-6
-1.0312651284E-6
3.3279519993E-5
4.6204088722E-5
7.4368994684E-5
6.8204780111E-5
5.7461648249E-5
3.7684233393E-5
1.1716398876E-5
-2.1743960678E-5
-3.3722619991E-5
-1.7391110305E-5
6.0808612034E-6
5.3207017481E-5
7.8080303504E-5
7.1804621258E-5
4.5785459224E-5
1.1291133706E-5
1.2380757835E-5
3.6700977944E-6
-5.9712678194E-6
-6.9111119957E-7
1.5392969362E-5
1.7424486577E-5
5.2743032575E-5
7.3708849961E-5
8.1110850445E-5
6.9555081428E-5
3.1053181737E-5
-1.3339740690E-5
-3.2112665939E-5
-4.8817368225E-5
-4.5561511070E-5
-4.9385824241E-6
5.4707122036E-5
1.0735443793E-4
1.4830945293E-4
1.3352413662E-4
9.8482414617E-5
-3.3312826417E-6
-1.1196431005E-4
-1.7559096450E-4
-1.0111223674E-4
8.3440705204E-5
1.5729615698E-4
4.1336426511E-5
-1.0820553871E-4
-1.4940728433E-4
-1.0722817388E-4
-4.7109776643E-5
2.5133125018E-5
7.7141053045E-5
9.9394854626E-5
1.0467225220E-4
7.7820825393E-5
2.8156163170E-5
4.2401487008E-6
-2.1255447063E-5
-1.2875185348E-5
-1.9390869420E-5
2.7832237537E-5
2.5857100263E-5
5.0952925812E-5
5.6331814267E-5
4.6880380250E-5
3.2002467196E-5
2.8691324404E-5
1.9197480287E-5
1.7219758592E-5
7.8224693426E-6
1.3146270067E-5
1.7225486226E-5
2.4799560196E-5
2.7639139443E-5
2.3208349011E-5
2.6393169537E-5
3.3041287679E-5
4.0690379682E-5
3.5246170591E-5
1.5276425984E-5
1.3389147353E-5
2.5643617846E-6
5.5492506363E-6
2.0052783657E-5
3.7417362909E-5
4.7912576701E-5
3.1311181373E-5
2.1698127966E-5
1.6686646268E-5
1.2748269364E-5
1.5370338224E-5
1.1159025598E-5
1.8234795425E-5
2.8104113880E-5
2.1553365513E-5
3.3916614484E-5
2.8663896955E-5
1.6733782831E-5
3.2000697683E-5
3.4050887916E-5
3.8314505945E-5
2.7758057694E-5
2.3400736972E-5
9.4513292424E-6
-1.2470630463E-5
-1.0780896992E-5
3.0449137556E-5
8.8044779843E-5
1.0340656154E-4
8.6988683327E-5
3.7463824264E-5
-5.2583869547E-6
-1.2062455062E-5
-2.2517063189E-5
-1.1585920583E-5
1.7475907225E-5
5.5475626141E-5
7.2736351287E-5
4.5107782353E-5
4.2264827062E-5
2.3977493401E-5
1.4896306675E-5
8.0927391537E-6
1.1408957653E-5
1.7716560978E-5
1.3791467063E-5
2.2235757205E-5
3.5465660039E-5
3.1287560705E-5
4.5791501179E-5
2.4414062500E-5
4.2353896424E-5
1.9825994968E-5
9.1469031760E-6
4.4162617996E-6
-5.6018470787E-6
1.5139230527E-6
2.7412804774E-5
3.7351029459E-5
6.4692681190E-5
6.9525605069E-5
4.4135504867E-5
-6.9999601692E-6
-3.6334071774E-5
-4.4203130529E-5
-7.6803029516E-6
2.9387127141E-5
4.4365588109E-5
5.1788100973E-5
5.0679850392E-5
3.4002168103E-5
1.1965667363E-5
9.5442403109E-6
9.2484173366E-6
1.0007317178E-5
1.6649323516E-5
2.0850554574E-5
2.9905198607E-5
2.0833325106E-5
3.8766558282E-5
2.6626628823E-5
3.1758844852E-5
3.0142837203E-5
1.3009284157E-5
2.1713529713E-5
2.1074281539E-5
1.5213782899E-5
7.2719762103E-6
-2.8860860038E-5
-6.2767881901E-5
-2.5785027537E-5
4.8427330330E-5
1.2134824647E-4
2.6971416081E-5
-1.3912699651E-4
-1.6347278142E-4
-1.0911565041E-4
-1.2892030645E-5
6.0658494476E-5
1.1358752381E-4
1.2240781216E-4
9.8509329840E-5
3.8838293403E-5
2.4577835575E-6
-2.0470120944E-5
-4.3113785796E-5
-2.5377888232E-5
-1.2203271035E-5
3.0905811581E-5
5.4797623307E-5
7.3794706261E-5
6.7296065392E-5
5.2106461953E-5
2.1497963462E-5
-1.1558644474E-6
-2.3440271615E-5
-2.7403142302E-5
-6.6498410889E-6
1.6350264195E-5
3.3985031768E-5
5.4959510454E-5
5.2597781178E-5
4.5662280172E-5
2.3649947252E-5
4.4999644160E-6
-4.2906147428E-6
-2.5112996809E-6
2.6119174435E-6
2.5873654522E-6
3.1065673101E-5
4.0571973658E-5
5.2978226449E-5
3.6233186255E-5
3.3487263135E-5
1.3514852617E-5
1.1582800653E-5
2.0106206648E-6
7.5748190285E-6
1.6128586140E-5
1.5468092170E-5
3.7082459311E-5
4.3551798444E-5
3.5784358624E-5
3.6287098191E-5
3.1172495800E-5
1.6494654119E-5
1.2483540922E-5
9.8036252894E-6
1.5622109640E-5
1.4502578415E-5
3.1811953521E-5
2.7060671709E-5
3.4310389309E-5
3.6434736102E-5
4.2969873175E-5
2.9776047449E-5
1.1653930414E-5
1.6281683929E-5
1.8723506946E-5
1.5106506180E-5
2.3902370594E-5
2.4940539151E-5
3.2400456256E-5
3.7311716005E-5
3.0380301176E-5
2.2979709319E-5
1.7980195116E-5
2.3260212037E-5
1.1035788339E-5
1.3030099217E-5
2.1640455816E-5
2.7245818637E-5
2.2597250062E-5
3.5171105991E-5
2.0434195176E-5
1.8589280080E-5
1.6698322724E-5
2.9018754139E-5
3.8574647623E-5
2.7099216822E-5
9.2906644569E-6
2.0764139481E-5
2.2939441260E-5
3.6049471236E-5
4.1546509601E-5
3.9705587550E-5
2.6636617257E-5
7.0479349234E-6
7.4498471805E-6
-3.3403048292E-6
-2.8969487175E-6
1.4183495659E-5
2.8222985565E-5
4.0517409797E-5
4.8649264500E-5
4.5793561730E-5
3.9495178498E-5
5.8815465309E-6
-3.4870929085E-6
-1.1918938253E-5
-6.3682789915E-6
1.1189724319E-5
2.9823742806E-5
4.1688734200E-5
5.6208495516E-5
4.6699331142E-5
3.0895136296E-5
1.6129249707E-5
2.1128100343E-6
-1.7959473189E-5
-2.9939226807E-6
1.6112101730E-5
2.1083280444E-5
3.3260672352E-5
5.1738123875E-5
5.4299284239E-5
3.7301494739E-5
3.4215650520E-5
2.2830918896E-5
-1.6161124222E-6
-2.9110000469E-6
2.1635438315E-6
2.9221526347E-6
2.3238256108E-5
4.5339716599E-5
5.4670951795E-5
6.8128388376E-5
4.9596617464E-5
3.1495525035E-5
6.2155653723E-6
-6.6527980380E-6
-1.3828848023E-5
-1.1987122707E-5
1.3871141709E-5
3.5436917096E-5
6.3945120202E-5
8.2037015820E-5
6.4496893903E-5
5.1505595911E-5
1.5604041982E-5
-1.6534305178E-5
-4.8516411334E-5
-4.5714539010E-5
-2.2253906354E-5
2.7282629161E-5
7.6584087221E-5
9.5775374213E-5
9.3812041452E-5
3.3403979613E-5
5.1837181673E-6
-1.0439206380E-5
-1.1217838619E-5
-2.1594460122E-5
-1.9771291408E-5
8.8565400802E-6
5.1592022647E-5
8.4774848075E-5
1.1634364491E-4
9.1746170076E-5
6.5328751226E-5
2.3447407875E-5
-6.3675909770E-5
-1.0569071165E-4
-1.2764589628E-4
-6.6334207078E-5
2.7686276007E-5
1.5028928174E-4
1.8917822745E-4
7.2822673247E-5
-1.1726227822E-4
-1.4086855808E-4
-1.1896702927E-5
1.3295783428E-4
1.8936404958E-4
1.6465540975E-4
2.4414062500E-5
4.0527875535E-5
-1.8615135923E-5
-5.1407492720E-5
-5.0937850029E-5
-3.8117496296E-5
-3.8700643927E-6
4.2710395064E-5
6.2070135028E-5
7.7877088918E-5
6.6549098121E-5
3.6836822982E-5
1.6154896002E-5
6.0862628744E-6
-1.2383027933E-5
-7.5128395111E-6
3.3309799619E-6
1.5363236889E-5
3.4621777012E-5
3.3696892205E-5
3.1678169034E-5
4.0771905332E-5
4.2021856643E-5
3.7119188345E-5
2.2491859272E-5
5.0595612265E-6
-1.3578683139E-7
5.5664568209E-6
5.0918431953E-6
2.0082702394E-5
4.0388759225E-5
4.5593257528E-5
3.7225009873E-5
2.5586411356E-5
1.6113521997E-5
6.7795743235E-6
8.2877348178E-6
6.5946485848E-6
1.0802980978E-5
1.5885161702E-5
3.3002265263E-5
3.7318619433E-5
2.3175717797E-5
2.3271027021E-5
1.8780841492E-5
2.0097231026E-5
1.2498185970E-5
1.6824295744E-5
1.1063914280E-5
1.4180853032E-5
2.1431047935E-5
1.3725261670E-5
2.5652314070E-5
4.2787217535E-5
6.2998197973E-5
7.5957865921E-5
3.6740675568E-5
-8.0027850345E-6
-3.0232721473E-5
-2.2778834682E-5
5.0853588619E-6
2.1939363796E-5
3.2700202427E-5
2.8136826585E-5
3.6273081787E-5
3.4329516347E-5
3.5167939495E-5
4.8412382603E-5
3.0939106363E-5
9.4377086499E-6
-3.3601303585E-6
1.1873967014E-5
3.5104702692E-5
5.8590632398E-5
5.3911202121E-5
5.0192303024E-5
4.0435325354E-5
2.0040886011E-5
1.4424731489E-5
1.0433781427E-5
5.2210409194E-6
6.9695524872E-6
1.7146661412E-5
2.0682520698E-5
3.4377735573E-5
3.8469536229E-5
4.5336259063E-5
4.1743600741E-5
2.9255100525E-5
4.8906309531E-6
-1.9274617079E-5
-3.0274805612E-5
-7.9590827227E-6
4.1265925392E-5
9.1980735308E-5
7.9771678431E-5
4.9404613674E-5
2.3150758351E-5
-5.8671459556E-6
-7.5004762039E-6
-5.2236369811E-6
2.2704130970E-6
1.8248578999E-5
2.3540726397E-5
5.2476499696E-5
5.1947508473E-5
4.6208943240E-5
3.3245224040E-5
1.3057095930E-5
1.7264718190E-5
5.3385389037E-6
6.3527608291E-6
1.4630518854E-5
2.0588457118E-5
2.7417333330E-5
3.4038268494E-5
3.0894600786E-5
3.1336548272E-5
2.8765096794E-5
2.8325198217E-5
5.1902746782E-5
5.9978815262E-5
4.3485197239E-5
2.1254946477E-5
-2.3971288464E-5
-7.0157251324E-5
-9.8865514158E-5
9.6463831143E-6
1.4137370745E-4
5.7442323305E-5
-8.7270734368E-5
-1.3929229462E-4
-1.0851959232E-4
-3.8730632513E-5
3.3024582080E-5
7.9912017103E-5
1.0603325209E-4
9.4236631414E-5
5.8251176961E-5
2.5602465029E-5
-9.5561263152E-6
-2.7251557912E-5
-2.1006888710E-5
-1.5767477453E-5
1.2562307529E-5
4.2022753041E-5
6.1057007406E-5
7.0038926790E-5
4.8935250379E-5
2.9642228036E-5
9.4870687463E-6
-4.7740642913E-6
-1.1770694982E-5
-1.5071011148E-6
5.9778802097E-6
2.8091436251E-5
4.6881276648E-5
4.7617079690E-5
5.1375571639E-5
3.7288421298E-5
1.7739646137E-5
5.1462906414E-6
-3.0098017309E-7
-1.7529237084E-6
5.5764219724E-6
2.7980457525E-5
3.7410354707E-5
3.7906970828E-5
3.5636266693E-5
3.1031668185E-5
2.8671592008E-5
1.4339061454E-5
1.8840783741E-5
9.1335619801E-6
1.2428464834E-5
1.6302301083E-5
2.4431326892E-5
2.4545344057E-5
3.3273012376E-5
4.2661535553E-5
2.0501692779E-5
2.1531165111E-5
1.1799053755E-5
1.6072252765E-5
1.1742429342E-5
1.2755836360E-5
2.2615853231E-5
3.3120682928E-5
3.5826675593E-5
3.4786202013E-5
3.3445726148E-5
2.1794438362E-5
2.2048642858E-5
2.5671743787E-5
2.4650013073E-5
1.9561673980E-5
1.1312880088E-5
2.8005708008E-5
3.8705347105E-5
2.7882936410E-5
3.2562599517E-5
2.7812307234E-5
2.1782948169E-5
2.1704961545E-5
1.9013858400E-5
1.5161966439E-5
2.4073210079E-5
2.1799048409E-5
2.4637917522E-5
3.4951674751E-5
4.3471704703E-5
4.0106230881E-5
2.1310895681E-5
1.0769709479E-5
-6.0394988395E-6
-3.5075354389E-6
4.6195928008E-6
1.5562190674E-5
2.5584804825E-5
3.9516121614E-5
4.3047743384E-5
4.6377745457E-5
3.8806116208E-5
2.1189427934E-5
-2.4910550562E-7
-7.5642950833E-6
-5.6615681388E-6
7.9418532551E-6
2.6947050355E-5
4.3819169514E-5
5.4207944777E-5
5.0832715351E-5
3.9602536708E-5
2.5340053252E-5
2.1548476071E-7
-9.3952170573E-6
-1.9229121972E-5
-3.6827521399E-6
1.9771396182E-5
4.3981056660E-5
6.2298611738E-5
4.7446484677E-5
2.4687591940E-5
2.9652426018E-5
1.8547393847E-5
9.6585019492E-6
1.3946206309E-6
7.1200774982E-7
1.6937509645E-5
2.0910927560E-5
4.0292704943E-5
5.7636015117E-5
5.4967275355E-5
4.5833887998E-5
2.9836455359E-5
1.8680875655E-5
-1.2387358583E-5
-1.5723041724E-5
-9.5343915746E-6
8.9437933640E-6
3.7793838419E-5
5.3646543529E-5
7.3104409968E-5
5.9808115475E-5
4.9760262482E-5
2.3056194186E-5
2.7765403502E-6
-2.5056547019E-5
-2.9804289806E-5
-1.6131543089E-5
2.3671519011E-5
5.5854558014E-5
8.7103690022E-5
9.6731621309E-5
7.2739506142E-5
4.5521766879E-5
-1.0999268852E-5
-4.6214717440E-5
-7.2369130796E-5
-5.3941062652E-5
-6.6743581556E-6
7.6424435248E-5
1.1626404012E-4
1.0933948215E-4
7.0818082897E-5
4.8015592620E-5
1.8010917120E-5
-4.0456070564E-5
-6.6807447003E-5
-7.2606955656E-5
-1.3651989866E-5
4.0050235111E-5
9.3598535753E-5
1.5786179574E-4
1.8253378803E-4
1.2726036366E-4
2.4983717594E-5
-1.0086891707E-4
-6.3474196941E-5
1.2902925955E-4
2.8160742949E-4
2.1603454370E-4
6.8453326823E-5
-4.4281547889E-5
-1.1219029548E-4
-1.1288244277E-4
-7.9638860191E-5
-1.1039513629E-5
4.9910799134E-5
9.9406007213E-5
1.0626176372E-4
9.2723302080E-5
6.1598920730E-5
2.1351617761E-5
-4.0163868107E-6
-3.2175879459E-5
-2.1394412033E-5
-2.8150156140E-6
1.1778133921E-5
3.8945034611E-5
3.8140139076E-5
5.0232512877E-5
5.6300300640E-5
4.2406434659E-5
3.6839907988E-5
1.3732840307E-5
1.0416377336E-6
-8.0610043369E-6
-2.3515895366E-9
1.0209064931E-5
3.6959093995E-5
5.0942762755E-5
4.9113668501E-5
3.6069052294E-5
3.6082556471E-5
1.0521360673E-5
3.4885946661E-6
-6.0704536736E-6
-7.3778675870E-6
1.8266797997E-5
2.9637233819E-5
3.7166057154E-5
4.4808804523E-5
4.2039074469E-5
3.3961539156E-5
2.3095868528E-5
6.3157407567E-6
8.0207712017E-6
2.2723025176E-5
1.7066567670E-5
2.7428334578E-5
2.2846646606E-5
3.8533878978E-5
2.7912145014E-5
3.1861814204E-5
3.5158672835E-5
4.0370877832E-5
3.7348177284E-5
4.4956570491E-6
-1.7299456522E-5
-2.6066007558E-5
6.2817707650E-8
3.4630321897E-5
5.8124307544E-5
6.3008652069E-5
4.6116579324E-5
3.8747291546E-5
1.5511468519E-5
1.4544953592E-5
2.0153494551E-5
2.4404912255E-5
1.4603196178E-5
1.4836248010E-5
1.1142902076E-5
1.5789282042E-5
2.3607409093E-5
3.8800062611E-5
3.7897366564E-5
5.6365865749E-5
3.9125687908E-5
1.6852817498E-5
-1.2453389354E-5
-3.0505936593E-6
1.8696032930E-5
3.7080293986E-5
5.3948431742E-5
5.0986069254E-5
4.2437377851E-5
3.2879214267E-5
2.2636249195E-5
1.3180612586E-5
9.4305840322E-6
2.2250693291E-6
-1.0778685100E-5
1.2984639034E-5
4.6676804777E-5
7.1444630158E-5
8.2681328061E-5
4.8038992099E-5
7.0272013546E-6
-2.7629151008E-5
-3.8753217086E-5
-1.6381486784E-5
1.3196701184E-5
3.9870373439E-5
5.6891248096E-5
6.6190364306E-5
4.8041413538E-5
4.0303752757E-5
8.3100399934E-6
-1.3316830154E-5
-2.6278896257E-6
-2.2334628738E-6
4.4636661187E-6
3.0329753644E-5
3.9472815114E-5
5.2321981639E-5
5.0152698532E-5
3.2691890373E-5
2.6919797528E-5
8.3377584816E-6
4.6483823099E-6
6.1092432589E-6
1.7935200594E-5
2.3133377544E-5
1.9520986825E-5
2.3327185772E-5
1.0477402248E-5
1.1992000509E-5
1.6782502644E-5
3.2479141372E-5
6.1960285531E-5
6.7018112169E-5
6.4723030665E-5
4.4275203254E-5
-7.4382638559E-6
-6.0102238786E-5
-8.9201983067E-5
-6.5772328526E-7
1.4581942232E-4
9.3342619950E-5
-3.1680543906E-5
-9.3795254363E-5
-8.7049975995E-5
-4.5985216275E-5
2.1189916879E-6
5.3377018776E-5
8.1494648477E-5
9.3025912067E-5
6.9982849528E-5
4.0836492553E-5
5.1016802900E-6
-1.7908657901E-5
-2.5134102907E-5
-1.3413291890E-5
6.2922830694E-6
3.1076394952E-5
5.0564936828E-5
5.2651576698E-5
5.0066318363E-5
4.1047227569E-5
2.6393553707E-5
-5.9847952798E-7
-2.3199245333E-6
3.8300058804E-6
1.7801066860E-5
2.1121650934E-5
2.7981074526E-5
4.5312196015E-5
4.1644286830E-5
3.3472350332E-5
2.6958074886E-5
2.5870290118E-5
5.1465118305E-6
3.1579053029E-6
1.8146308139E-5
1.7625594046E-5
3.2528222072E-5
3.0970887746E-5
3.7739670369E-5
4.3878576252E-5
3.2080418895E-5
2.8482114430E-5
2.3532833438E-5
2.0575942471E-5
1.0554958135E-5
1.7989997286E-5
2.0499154925E-5
2.5070458650E-5
3.4086080267E-5
4.3003342580E-5
3.2205926254E-5
3.4353905357E-5
2.6638258714E-5
1.9963947125E-5
1.5150941908E-5
1.7192063387E-5
1.7983885482E-5
2.2007257211E-5
3.3595552667E-5
2.5361869484E-5
3.8022699299E-5
3.2865977845E-5
3.6960793658E-5
2.3816595785E-5
1.7124041915E-5
8.8979955763E-6
2.2910686675E-5
2.1909445058E-5
2.6156986132E-5
3.3403316046E-5
3.9579567965E-5
3.0897150281E-5
2.2308155894E-5
9.6024596133E-6
4.9526104704E-6
3.0877068639E-6
5.6982273237E-6
1.8346041906E-5
3.2623857259E-5
4.3340167030E-5
5.2069604863E-5
4.9136183225E-5
2.4593947455E-5
1.6623409465E-5
6.9808447734E-6
1.6186968423E-6
4.5654946007E-6
8.5996580310E-6
2.6777933817E-5
3.9252976421E-5
4.9323600251E-5
5.6765973568E-5
5.0447543618E-5
3.4809566568E-5
9.8202959635E-6
-6.2130973675E-6
-1.1154427193E-5
-3.1448784284E-6
1.3972714078E-5
4.3721543625E-5
5.6207377930E-5
7.0290989245E-5
5.7184346952E-5
2.8160517103E-5
8.2202022893E-7
-8.2768616268E-6
8.1485835836E-6
1.5348324086E-5
2.1968793589E-5
3.4660520031E-5
4.1383260395E-5
4.8031541519E-5
5.1700032782E-5
3.8913509342E-5
2.9993697534E-5
7.6795462519E-6
3.3227843232E-6
-1.5869957860E-5
-2.1287472919E-6
2.1271454170E-5
2.7970306109E-5
5.7168642525E-5
6.4203690272E-5
5.3099228535E-5
4.7601014376E-5
3.0901632271E-5
7.6671130959E-8
-2.6260770391E-5
-2.3420306388E-5
-4.7555542551E-6
3.3228308893E-5
5.0228624605E-5
7.6094386170E-5
8.9987041430E-5
8.1009708812E-5
4.2403920088E-5
7.1620335803E-6
-2.6293797418E-5
-4.8780639191E-5
-3.5576103255E-5
-8.9014763944E-6
5.0603365525E-5
8.5875531661E-5
1.2055033585E-4
1.2111547403E-4
8.2801771352E-5
5.7541648857E-6
-6.1352527701E-5
-1.0002673371E-4
-8.0266548322E-5
-1.2066902127E-5
5.1490322221E-5
8.5176806898E-5
1.2208224507E-4
1.3603159459E-4
6.3289911487E-5
7.0508453064E-6
-5.3014198785E-5
-1.1437495705E-4
-1.2888772180E-4
-1.5176518354E-5
1.5754498308E-4
1.6165905399E-4
3.6482349970E-6
-1.7893706681E-4
-2.2284996230E-4
-1.4138093684E-4
-3.9356574416E-5
5.0586333964E-5
1.2477264972E-4
1.4433277538E-4
1.1600002181E-4
7.0529524238E-5
1.1418189388E-5
-1.6630173195E-5
-4.4384342618E-5
-3.7786061876E-5
-2.4090474471E-5
1.3248389587E-5
3.8426846731E-5
6.6071201582E-5
7.0679886268E-5
5.9322302696E-5
3.6764435935E-5
2.8402009047E-5
6.9255707787E-6
-8.2475948147E-6
-1.1303357314E-5
-4.1404739022E-6
2.2430799436E-5
4.5352522283E-5
6.5348169302E-5
5.7535909582E-5
6.1493960675E-5
4.2854726780E-5
9.3030859717E-6
-2.5030458349E-7
-1.9742641598E-6
-2.9142247513E-6
-4.2868778110E-7
1.4957424719E-5
3.8561841938E-5
4.8140424770E-5
5.1289296243E-5
3.9043184369E-5
3.4857972059E-5
1.8442969303E-5
-6.3342740759E-7
7.4463780038E-6
1.2298638467E-5
1.4995015226E-5
2.9376498423E-5
3.6019564140E-5
4.4160219840E-5
2.9035797342E-5
3.4860579762E-5
2.4423003196E-5
1.6033987049E-5
1.2927281205E-5
6.5342173912E-6
8.8197295555E-6
1.3573456090E-5
2.2445933427E-5
4.5577634591E-5
7.5674394614E-5
6.9331238048E-5
4.1188462637E-5
1.1419551447E-5
-7.7948789112E-6
2.5912420824E-6
1.1400785297E-5
2.4502864107E-5
2.5108340196E-5
3.3930805511E-5
2.8167525306E-5
3.7670310121E-5
3.3845705911E-5
2.5449681561E-5
3.0368310398E-5
2.2555340546E-5
2.7313386089E-5
2.6671250815E-5
2.1758291404E-5
1.8113106489E-5
2.5519845075E-5
3.1833653338E-5
3.4100993070E-5
4.2178074363E-5
3.7385162431E-5
4.4693006202E-5
5.4203253240E-5
1.7757283058E-5
-6.5014231950E-6
-9.0881716460E-6
2.1557474974E-5
2.3723056074E-5
4.0877750143E-5
4.9622426741E-5
5.6581886020E-5
2.4414062500E-5
2.5489064863E-5
-4.6102912165E-5
-2.8345757163E-5
-6.2822247856E-6
4.8305152450E-5
5.9618649539E-5
6.8325956819E-5
6.9043587430E-5
5.6922493969E-5
2.1764764096E-5
-7.0955604315E-6
-1.3718870468E-5
-1.2573692948E-5
1.8153944984E-5
2.8300273697E-5
4.1804031934E-5
5.6007294916E-5
7.3643703948E-5
4.6729471069E-5
1.6401847824E-5
1.7325440422E-5
1.8241582438E-6
-7.3154107668E-6
7.2209397332E-6
2.4918350390E-5
3.0192232224E-5
4.4298463035E-5
4.4260523282E-5
3.4063064958E-5
3.6770140286E-5
2.1613657009E-5
2.8247828595E-5
1.3705738820E-5
2.7779571246E-5
1.9245443400E-5
3.0387612058E-5
2.2430007811E-5
1.1159479618E-5
9.2418282293E-6
1.1850241572E-5
2.0998402032E-5
4.0284846909E-5
5.9513689485E-5
6.7403365394E-5
5.9661525302E-5
2.7262314687E-5
-3.3124687615E-5
-7.4703397697E-5
-2.2818101570E-6
1.4634781983E-4
1.0379764717E-4
8.7769352832E-6
-4.6353274956E-5
-6.1637104956E-5
-4.8366631382E-5
1.7858110367E-7
2.6811962015E-5
6.5398076550E-5
6.5446249210E-5
6.8238563837E-5
4.4660107232E-5
2.2992608137E-5
4.2723724619E-6
-9.7210984677E-6
-2.9985792935E-6
9.9917408080E-6
2.2513582370E-5
4.0222366806E-5
3.7530984263E-5
5.2165437955E-5
4.4829503167E-5
4.0815141983E-5
1.6485597007E-5
9.2108384707E-6
8.7380525656E-6
1.0104803369E-5
1.6550486907E-5
3.0747370328E-5
3.5199162084E-5
3.5432144068E-5
3.6482291761E-5
3.9523898158E-5
3.6713853478E-5
2.3379747289E-5
2.2466736845E-5
1.6036967281E-5
2.0328315440E-5
1.7468864098E-5
2.6438315398E-5
3.6809267475E-5
4.1266949847E-5
3.0034687369E-5
3.7380948197E-5
3.1223823315E-5
2.4855230003E-5
1.1882220861E-5
1.5552446712E-5
1.8976361025E-5
2.5115220341E-5
3.3384305424E-5
3.5210594069E-5
4.2231369298E-5
3.6230427212E-5
2.9050803277E-5
2.3924536071E-5
2.4131557438E-5
1.7374765593E-5
1.7412414308E-5
1.7774966545E-5
2.9197195544E-5
3.2527348957E-5
3.8107705768E-5
2.7839164249E-5
1.2894021347E-5
8.7088672445E-6
4.4846790843E-6
8.2763028332E-6
9.8560121842E-6
1.4370610006E-5
2.9847794211E-5
4.0406570769E-5
5.3009018303E-5
3.3430475741E-5
3.6644702777E-5
8.6209853181E-6
7.1362243035E-6
-7.7455770225E-6
-5.0220405683E-7
1.0482652579E-5
3.2075832131E-5
4.6012713574E-5
4.3775711674E-5
4.3216475751E-5
4.5942433644E-5
2.9791577253E-5
8.9529668914E-6
-5.7046767325E-6
-7.0817419328E-6
-6.4864289018E-7
2.4734938051E-5
4.1318545118E-5
5.3339113947E-5
6.1553693377E-5
5.4448412266E-5
4.0587631519E-5
1.0746193584E-5
-1.4639983419E-5
-2.9001967050E-5
-2.3460842203E-5
2.0890624728E-5
4.8181426245E-5
5.4346048273E-5
4.2905984446E-5
3.8729596417E-5
3.2530480529E-5
2.3561355192E-5
1.9627530127E-5
1.1470937170E-5
-6.9282599724E-6
2.1600048058E-6
2.1594902500E-5
3.4037069417E-5
5.3100218065E-5
6.4914685209E-5
6.0606619809E-5
4.4603843708E-5
1.7574767116E-5
-1.4759134501E-6
-1.1857005302E-5
-1.2344890274E-5
2.7023488653E-7
2.5501439813E-5
5.4630998057E-5
7.5903127437E-5
7.5495324565E-5
6.7849864718E-5
4.4032873120E-5
1.2796488590E-6
-2.7274317107E-5
-4.7976966016E-5
-2.5802676100E-5
5.9696612878E-7
3.4657481591E-5
7.2573777290E-5
1.0406547226E-4
1.0657770326E-4
6.6646817141E-5
2.1828815806E-5
-4.4392934069E-5
-7.4687367307E-5
-8.2001695412E-5
-5.2635651082E-5
9.2776259409E-6
9.2592451258E-5
1.5559140593E-4
1.6691067722E-4
1.1541659478E-4
2.9373914003E-5
-5.3920829669E-5
-1.2566117803E-4
-9.4979489224E-5
-1.9891525153E-5
7.9940177968E-5
1.4427658170E-4
1.2894371757E-4
-3.6902481224E-5
-2.1152298432E-4
-2.4732263992E-4
-1.0784238111E-4
6.0734339059E-5
1.6046304954E-4
1.9294372760E-4
1.6002107877E-4
1.0718195699E-4
2.6972056366E-5
-3.6727846600E-5
-7.0115365090E-5
-6.8079936319E-5
-3.5215436946E-5
1.6142206732E-5
5.9623410926E-5
8.3502626513E-5
7.5947551525E-5
6.7694531754E-5
4.4891808648E-5
1.9356166012E-5
-1.9269937184E-5
-2.0871427841E-5
-1.0960910004E-5
3.5021803342E-6
2.8694083448E-5
3.8519315421E-5
6.0349248816E-5
6.2566495035E-5
5.8590469417E-5
4.0569843258E-5
1.3674027287E-5
-3.9232778363E-6
-1.6093684826E-5
-1.6663700808E-5
5.1318551414E-6
2.2915680892E-5
4.5921106357E-5
5.6648359168E-5
5.6046550162E-5
3.5271665546E-5
1.7319270409E-5
9.6012372524E-6
-4.3037463911E-6
1.4501390979E-6
1.4473637566E-5
1.9182648975E-5
3.6703119985E-5
3.3054279628E-5
4.1105947457E-5
4.2320520151E-5
4.1967828292E-5
2.7712702285E-5
2.2004172205E-5
9.8997144961E-6
8.3939521574E-6
8.5530220532E-6
1.8719863146E-5
2.3236928973E-5
4.9252226018E-5
5.1881803665E-5
4.7586660366E-5
4.1043234523E-5
1.6965810209E-5
-7.3478673585E-6
-1.4113541692E-5
-1.1052167974E-5
1.7621309962E-5
4.2552140075E-5
3.9356830529E-5
4.2419636156E-5
4.4916325714E-5
3.6282709333E-5
1.9184884149E-5
1.4520983677E-5
1.3357063290E-5
1.8397765234E-5
1.4149269555E-5
2.0876014605E-5
2.0377652254E-5
2.7993798721E-5
3.9550336077E-5
4.5716273598E-5
3.6859593819E-5
3.1224149278E-5
2.1834857761E-5
1.9266596064E-5
1.7743988428E-5
2.0443950779E-5
1.9454630092E-5
1.1444964912E-5
1.2591609266E-5
3.1633069738E-5
2.6111037004E-5
4.0096475277E-5
4.5261345803E-5
4.8740394414E-5
4.0094740688E-5
4.7798501328E-6
-3.1054182909E-5
-8.6464220659E-6
5.2644778043E-5
1.0247341125E-4
9.8153552974E-5
5.9509812855E-5
1.6373477411E-5
-2.3980659898E-5
-1.8670747522E-5
-1.5329767484E-5
6.1580794864E-6
1.5136308503E-5
4.3610064312E-5
8.1745965874E-5
7.4556178881E-5
5.4273253773E-5
1.4146009926E-5
5.2395625972E-6
-1.3852340635E-5
-9.2659844086E-6
4.1372724809E-6
1.7024879344E-5
4.3778051622E-5
5.0630664919E-5
6.3984224108E-5
3.9766542613E-5
3.0350161250E-5
2.2242264822E-5
1.7257640138E-6
1.0144885164E-5
3.0705123208E-6
2.6297860312E-5
1.9468669779E-5
2.4488498456E-5
3.3873645588E-5
2.5331357028E-5
2.8594268951E-5
1.5713239554E-5
2.3235345724E-5
2.7468265033E-5
2.9880576766E-5
2.2701767739E-5
3.3751514274E-5
2.1344120614E-5
1.9636913202E-5
4.8846821300E-6
5.6080170907E-6
1.9938230980E-5
2.6981171685E-5
5.1307515241E-5
6.1441317667E-5
5.8735860512E-5
4.0994992013E-5
7.1113463492E-7
-5.4784910754E-5
2.7527601923E-5
1.5514618717E-4
1.1623128085E-4
4.1015702299E-5
-8.6202519015E-6
-3.2706849742E-5
-3.1969440169E-5
-1.2094993144E-5
1.5052093659E-5
3.5672727971E-5
5.9252837673E-5
5.4909568280E-5
4.9187301192E-5
3.6438158712E-5
1.7439469229E-5
2.3679574951E-6
4.0623592213E-6
1.4269375242E-6
2.1420884877E-5
2.9199512209E-5
3.0918919946E-5
3.8307020440E-5
4.3537549209E-5
3.3108447678E-5
2.3752008564E-5
1.7705676146E-5
1.7694220878E-5
1.4736386947E-5
2.6665825862E-5
1.9581243396E-5
2.5343359447E-5
3.1868624500E-5
4.3044006452E-5
3.2572483177E-5
2.6265147607E-5
2.6053946930E-5
2.3325765505E-5
1.4267698862E-5
1.1764385272E-5
1.3525632676E-5
3.3631513360E-5
2.4989712983E-5
3.1630496959E-5
3.5394029691E-5
3.4217047504E-5
3.0070252250E-5
2.2417714353E-5
2.5142577942E-5
1.2781366240E-5
1.7624348402E-5
2.2264500148E-5
2.5933585129E-5
4.5903073624E-5
3.7607643752E-5
3.1529320403E-5
2.0361680071E-5
6.9331726991E-6
1.2499862350E-6
4.0673068725E-6
3.4319236875E-7
1.8663506489E-5
2.8921198099E-5
4.8290833365E-5
4.0427059866E-5
3.6443595308E-5
3.6751094739E-5
7.9633551650E-6
9.0454122984E-6
9.3069393189E-7
-3.8233818486E-6
7.1221613326E-6
1.9461475312E-5
3.7847773637E-5
5.0509348512E-5
5.4781732615E-5
3.6658451426E-5
2.8635980561E-5
1.5912321396E-5
-5.9464480728E-6
-1.4593033120E-5
2.7334433980E-6
1.8149369862E-5
3.3553049433E-5
4.9312436022E-5
6.1466637999E-5
6.4428721090E-5
4.7356844880E-5
2.3037497885E-5
-1.1360971260E-7
-6.3078710810E-6
-5.4280739278E-6
6.2311417424E-6
2.7482351288E-5
6.5117783380E-5
7.5412134176E-5
8.4976712244E-5
5.6590291206E-5
9.4692921267E-6
2.7853529900E-6
4.7517823987E-6
1.5258532949E-5
1.0842958000E-5
2.0500575192E-5
5.1867740695E-5
5.3339684382E-5
6.6754024012E-5
5.4395862390E-5
3.3775146584E-5
2.0033004693E-5
9.1959373095E-6
-3.3838441595E-6
-6.0379505158E-6
-8.9204404505E-7
2.1152815315E-5
4.4890365097E-5
6.9938041271E-5
7.1400974413E-5
5.8549386450E-5
4.0263414848E-5
1.4229805674E-5
-1.8425076268E-5
-3.7463032640E-5
-2.6646803598E-5
7.0343376138E-6
3.7598062772E-5
6.6176487600E-5
9.1349927245E-5
9.3353667764E-5
7.5212749655E-5
1.7822172958E-5
-1.9069912377E-5
-6.4705347178E-5
-6.6637422425E-5
-4.3790310156E-5
1.1171423830E-5
7.1477424354E-5
1.2621693313E-4
1.5006680041E-4
1.2675488833E-4
6.5149704461E-5
-2.3301399778E-5
-1.1355453171E-4
-1.6360501759E-4
-1.1730616679E-4
1.7016683705E-5
1.6369175864E-4
1.8859736156E-4
1.0096984916E-4
-7.9265469687E-5
-1.9803916803E-4
-1.8708712887E-4
1.6132008750E-5
2.1395112853E-4
2.7077897684E-4
2.3704573978E-4
1.2820856646E-4
2.3319153115E-5
-6.1150582043E-5
-9.8533486018E-5
-7.6396798251E-5
-4.5113277156E-5
5.6821503676E-6
6.4331747127E-5
1.0156526696E-4
1.0272449581E-4
8.4085389974E-5
4.0513148997E-5
1.5354307834E-5
-1.7048197333E-5
-3.4526630770E-5
-1.8472713418E-5
4.5829219741E-7
2.1176261361E-5
4.5537424739E-5
6.6826539115E-5
5.9486075771E-5
4.0954956784E-5
3.5211502108E-5
2.5499938055E-5
1.0843377095E-5
-8.4535451606E-6
6.8284571170E-7
-3.7997262553E-6
1.0939990170E-5
4.5357609633E-5
6.6711322871E-5
6.5999408253E-5
5.2969565150E-5
2.3408152628E-5
4.5010820029E-7
-1.6792910174E-6
-4.3339096011E-7
9.6451141872E-6
2.4162151384E-5
3.1347514595E-5
4.1781773324E-5
4.1658408008E-5
4.0805130265E-5
2.6602880097E-5
2.4713214952E-5
8.2638696768E-6
7.1587855928E-6
3.3831573092E-6
1.0123173706E-5
1.9524293020E-5
2.8140062931E-5
4.5617367141E-5
5.8556324803E-5
4.5497959945E-5
3.5568384919E-5
2.0501192193E-5
4.6315253712E-6
2.0335777663E-6
-9.7877345981E-7
1.3768114150E-5
2.4414062500E-5
4.8296910245E-5
5.3365016356E-5
4.3343775905E-5
4.0882348548E-5
2.2035371512E-5
1.8401350826E-5
4.3453881517E-6
1.9412406254E-5
1.2069835793E-5
2.2802932653E-5
1.3393303379E-5
3.0626368242E-5
3.1914596911E-5
4.3854385149E-5
3.4162634983E-5
2.9835000168E-5
1.8348067533E-5
-2.2161868401E-6
6.7473738454E-6
1.0443804786E-5
2.1939584985E-5
3.1882012262E-5
3.1947437673E-5
2.7971563394E-5
2.8724933508E-5
3.7078501190E-5
3.0570337548E-5
2.4011486675E-5
2.1917594131E-5
1.8402573187E-5
8.3563616500E-6
4.5283348300E-6
-3.1782547012E-6
8.2348589786E-6
4.6052061952E-5
5.9631012846E-5
5.0530920271E-5
4.9349386245E-6
-2.6989937759E-5
-2.5128864217E-5
-8.3619612270E-6
1.2240046635E-5
3.8749899249E-5
5.4335431196E-5
6.3718063757E-5
5.1328272093E-5
3.1166942789E-5
1.8694170285E-5
1.6407424118E-5
-2.4758861400E-6
-3.7330156192E-5
-6.0591846705E-6
3.7415709812E-5
6.6391658039E-5
6.4882577864E-5
6.0911034234E-5
3.7996342871E-5
1.3501860667E-5
4.5709777623E-6
-5.7335826569E-6
7.1870861576E-6
1.6367062926E-5
2.0248990040E-5
3.8157775997E-5
4.4123339467E-5
3.3926102332E-5
3.3939932472E-5
1.8584739882E-5
1.5590840485E-5
1.8022640142E-5
1.6438262537E-5
1.8814369104E-5
1.8177879974E-5
2.5202101096E-5
3.6346085835E-5
2.4786521680E-5
2.2991199511E-5
3.0158367007E-5
1.7343868967E-5
2.4883355945E-5
2.4016480892E-5
2.2095232270E-5
2.9224995523E-5
2.3505510762E-5
2.8979533817E-5
7.1944086814E-6
1.6360264271E-5
1.3165024575E-5
2.4721107911E-5
3.6498706322E-5
5.5507535581E-5
7.4203219266E-5
7.1730220227E-5
1.3770174701E-5
-3.2081711105E-5
8.4532133772E-5
1.2841117568E-4
9.4368145803E-5
5.9930130374E-5
1.6057223547E-5
-3.8098427466E-6
-1.1408631690E-5
-1.2204702943E-5
8.7433028968E-6
2.6209058705E-5
4.9048021901E-5
4.6607200056E-5
5.0937733613E-5
3.6211300175E-5
2.9306882060E-5
1.8490722868E-5
1.1039548554E-5
1.2421351858E-5
1.3027805835E-5
2.8813537209E-5
3.3152103423E-5
3.4236186183E-5
3.5170966293E-5
3.9177481084E-5
2.7572421822E-5
2.1795369684E-5
1.1823012028E-5
1.4312495478E-5
1.8682749942E-5
2.0523858256E-5
2.2434454876E-5
2.3352948482E-5
3.3004640135E-5
3.8372329436E-5
3.9429927710E-5
3.7088093813E-5
2.2238388191E-5
1.9639963284E-5
1.1692428961E-5
1.3074919116E-5
2.1000299602E-5
2.6881776284E-5
