<| "Configuration" -> <| "Acquisition device" -> "UHFLI",  "Start time" -> "11/02/2021 15:13:06",  "Finish time" -> "11/02/2021 16:47:32", "Comments" -> "" |>, "Dimensions" -> {<| "Name" -> "Frequency 1", "Start" -> 6.200000*^+9, "Stop" -> 6.800000*^+9, "Step size" -> 2.000000*^+6 |>, <| "Name" -> "DC Voltage 1", "Start" -> -6.600000*^+0, "Stop" -> -7.400000*^+0, "Step size" -> -5.000000*^-2 |>}, "DataInfo" -> <| "Measured Spots" -> 5.117000*^+3,  "Samples" -> 1,  "Segments" -> 1,  "dFactor" -> 1,  "Sampling Time" -> 7.111111*^-8|>|>
3.0315015464E-5
3.2656989059E-5
4.2072637006E-5
3.9175548590E-5
4.0796538814E-5
3.3850071485E-5
2.5756983086E-5
2.2830849047E-5
6.3556712121E-6
2.1126540377E-5
2.2804131731E-5
2.9084028210E-5
2.7886882889E-5
3.2361492048E-5
4.0731241461E-5
4.2737135664E-5
2.5781034491E-5
2.3695058189E-5
1.3442605268E-5
1.1150608770E-6
9.3959388323E-6
1.8173945136E-5
2.6323355268E-5
3.9591197855E-5
4.5688333921E-5
5.5347825401E-5
2.8633081819E-5
1.9300275016E-5
2.0433880854E-5
3.9244536310E-6
1.7668190412E-5
8.7587395684E-6
2.4468521587E-5
4.1086797137E-5
4.2688485700E-5
3.9375107735E-5
4.3922255281E-5
3.4394010435E-5
2.3698003496E-5
1.7086835578E-5
1.2483471073E-5
1.3773364480E-5
2.3789575788E-5
2.9245892073E-5
5.4156756960E-5
4.9472472165E-5
4.6099303291E-5
4.4614914805E-5
3.0850083566E-5
1.8271978479E-5
1.0949582793E-5
9.9877477625E-6
1.8864299636E-5
2.0387454424E-5
3.5626930184E-5
4.7240767162E-5
6.1183457729E-5
4.8128620256E-5
4.1090056765E-5
2.6973709463E-5
1.6001018230E-5
4.4582528062E-6
1.4177069534E-5
2.1378416568E-5
4.0312460623E-5
4.1811692063E-5
5.8377732058E-5
5.2996654995E-5
4.1834614239E-5
3.2465229741E-5
2.0138034597E-5
3.0922004953E-6
8.1158941616E-7
3.9064325393E-6
2.6593881193E-5
3.5639083944E-5
6.0240086169E-5
6.5369554796E-5
5.8751821053E-5
3.6988931242E-5
2.8285419102E-5
-4.0598679335E-7
1.7796410247E-7
4.3430249207E-6
1.2338021770E-5
1.7334998120E-5
5.1924260334E-5
5.3227879107E-5
6.2240299304E-5
5.7281984482E-5
3.2612925860E-5
1.5507615171E-5
4.0409853682E-6
-1.4390063006E-5
-1.2461212464E-5
1.1027685832E-5
3.7732394411E-5
6.4319325613E-5
7.0146052168E-5
8.7796908340E-5
5.8837176766E-5
2.5198876392E-5
6.2594888732E-6
-2.9100268147E-5
-3.3322756644E-5
-1.9738695118E-5
7.1489484981E-7
5.7635235134E-5
8.0474617427E-5
9.8044564949E-5
8.5271068385E-5
5.4298294709E-5
2.0928669255E-5
-3.5401282366E-5
-6.7777791993E-5
-4.8939802219E-5
-1.6720674466E-5
3.3152475952E-5
1.0109104915E-4
1.3774883700E-4
1.4906817814E-4
1.0237614624E-4
3.6240462213E-5
-6.7407952157E-5
-1.3551950687E-4
-1.3593576150E-4
-3.6245596129E-5
6.5793213436E-5
1.7101201229E-4
2.4442785652E-4
2.3112688214E-4
7.2291679683E-5
-8.6007756183E-5
-1.4261351898E-4
-1.3380964519E-4
-3.6533689126E-5
6.7384389696E-5
4.6557921450E-5
6.1866233592E-5
9.6059218051E-5
1.4674054691E-4
1.7117146635E-4
1.3117918279E-4
-8.3328306212E-5
-3.4835267578E-4
-2.2026710212E-4
2.4716635235E-4
7.0007975446E-4
7.7707841993E-4
2.9360494808E-4
-1.6804322368E-4
-3.5374602303E-4
-3.1569567508E-4
-1.9763120217E-4
-2.9924022964E-5
1.1169937207E-4
1.8919259310E-4
2.0623828750E-4
1.6281080898E-4
7.6036923567E-5
1.1236523278E-6
-6.5841199832E-5
-8.0807181077E-5
-7.1494374426E-5
-3.5255425609E-5
2.6285869534E-5
9.2846120245E-5
1.2267638231E-4
1.0996623896E-4
8.5556600245E-5
3.9059610571E-5
2.2802851163E-6
-3.3834564965E-5
-4.8069807235E-5
-2.9375276062E-5
2.4245935492E-6
5.0554750487E-5
8.0812850504E-5
9.3515368648E-5
9.1067445465E-5
4.7070125583E-5
1.8589559477E-5
-3.8822297938E-6
-1.9820989109E-5
-2.5647098663E-5
-1.0968197603E-5
1.9818451255E-5
5.4952641949E-5
6.9736654406E-5
8.8528986091E-5
7.1034918075E-5
5.2614125889E-5
2.1178065799E-5
-5.2843475715E-6
-4.0586374234E-5
1.6310263891E-5
2.1678954362E-5
4.1829666588E-5
5.9080449865E-5
6.5528124107E-5
6.9695163985E-5
5.0116947387E-5
2.5371566880E-5
1.0444479995E-5
-9.3715381809E-6
4.8053450882E-6
-5.6492863223E-6
2.4745659902E-5
4.3071073014E-5
5.7737191674E-5
6.1984825880E-5
4.7562038526E-5
4.6087207738E-5
2.6807060930E-5
6.0960883275E-6
-2.2429740057E-7
-1.3001263142E-6
1.4497211669E-5
3.1123950611E-5
5.0023919903E-5
5.2276428323E-5
6.4565788491E-5
5.7607376948E-5
4.6094600111E-5
1.7381459474E-5
-1.0148156434E-6
-4.4628861360E-6
1.3912329450E-6
2.6998773682E-5
3.1858100555E-5
5.1173917018E-5
5.9897289612E-5
4.6379980631E-5
4.5535026584E-5
1.7146521713E-5
4.9922033213E-6
-3.1005009078E-6
3.9491802454E-6
1.4173483942E-5
2.9313110280E-5
4.0224299300E-5
5.1688251551E-5
4.5715423767E-5
5.4245372303E-5
3.0781445093E-5
1.3077550102E-5
1.6237166710E-5
6.9761881606E-6
9.5610274002E-6
2.3788318503E-5
2.0922848489E-5
4.7348113730E-5
5.3967325948E-5
4.4228194747E-5
3.7728867027E-5
2.3630913346E-5
2.3550074547E-5
6.5312720838E-6
9.0514658951E-6
1.7557083629E-5
1.7901952378E-5
3.3563317265E-5
3.9406365248E-5
4.6072597616E-5
4.3643906246E-5
3.9820733945E-5
1.4391145669E-5
1.9987358246E-5
4.2536878027E-6
1.0037736502E-5
1.7091666814E-5
3.1727761961E-5
4.2440334800E-5
4.2201078031E-5
3.3269007689E-5
4.0691334288E-5
3.3091567456E-5
2.2539100609E-5
1.5108613297E-5
4.1824183427E-6
1.3500545174E-5
1.5517615248E-5
3.9898045360E-5
4.2702350765E-5
4.3660518713E-5
3.8616859819E-5
3.4617050550E-5
3.2810599077E-5
2.1014804951E-5
1.5019532293E-5
1.5519093722E-5
1.2412050273E-5
2.8835667762E-5
3.8267462514E-5
4.1043094825E-5
5.4383138195E-5
5.0775334239E-5
4.1850714478E-5
2.4689268320E-5
2.8578133787E-5
1.5896919649E-5
2.8149737044E-5
3.0837545636E-5
3.8552808109E-5
4.1133584454E-5
3.1074113212E-5
3.7659402005E-5
1.6234582290E-5
2.5688775349E-5
1.4384521637E-5
1.3395270798E-5
1.6758288257E-5
2.2518355399E-5
2.5538820772E-5
4.2611220851E-5
3.7421402521E-5
3.6364747211E-5
3.1590275466E-5
2.3701088503E-5
1.7263868358E-5
1.7977692187E-5
6.4849737101E-6
1.7881172243E-5
3.4602114465E-5
3.6610430106E-5
3.8420094642E-5
3.2478536013E-5
3.2676768023E-5
1.9866274669E-5
8.8499044069E-6
3.8749421947E-6
1.3858487364E-5
2.1740864031E-5
1.8267007544E-5
4.0658796206E-5
4.1863555088E-5
4.5718625188E-5
3.8484635297E-5
2.8969789854E-5
1.6802863684E-5
1.0896218009E-5
9.6616917291E-6
1.5322491527E-5
2.0535034127E-5
2.9752822592E-5
4.0002702735E-5
4.8121914733E-5
3.6678661126E-5
4.5742071234E-5
2.4875847156E-5
1.7906154971E-5
6.3396524638E-6
1.1506373994E-5
2.6352668646E-5
2.7664692606E-5
3.9656274020E-5
4.7874229495E-5
5.8851740324E-5
4.4584949500E-5
3.4013343974E-5
1.4550646301E-5
7.9690362328E-6
4.3681939133E-6
9.5430994407E-6
2.3809378035E-5
3.2694730907E-5
5.3664727602E-5
5.9064361267E-5
5.4054253269E-5
4.8640824389E-5
4.1872437577E-5
1.5288183931E-5
2.7502770536E-6
2.9209535569E-6
1.0248436593E-5
2.2499857004E-5
5.0639931578E-5
6.2926439568E-5
5.0530675798E-5
5.2906177006E-5
5.0242547877E-5
2.1830876357E-5
1.0416703299E-5
-5.7236640714E-6
5.9902784415E-6
2.6398443151E-5
2.9716733842E-5
4.2987358756E-5
6.2397844159E-5
7.1311800276E-5
5.3477787879E-5
4.1230139323E-5
2.8570613357E-5
-1.2514425907E-5
-2.4057598784E-5
-9.1862049885E-6
9.1612339019E-6
3.5916792694E-5
6.6338607577E-5
7.2152819485E-5
7.2396709586E-5
5.8673135936E-5
2.8069363906E-5
-6.2310253270E-6
-1.8882460426E-5
-2.0967924501E-5
-9.0438756160E-6
1.7106509767E-5
5.0640525296E-5
7.7124265956E-5
9.6387695523E-5
8.7296951098E-5
5.2610982675E-5
1.4858704526E-5
-1.7064681742E-5
-5.3208414465E-5
-5.5438862183E-5
-2.6768643874E-5
3.1739019322E-5
9.1406737923E-5
1.4783575898E-4
1.4538291143E-4
1.0659064865E-4
1.6507878900E-5
-7.6188147070E-5
-1.3957644114E-4
-1.2692933669E-4
-1.9414687995E-5
8.4289093503E-5
1.6061146744E-4
2.0179863786E-4
1.9388708752E-4
8.8399951348E-5
-5.9895322193E-5
-1.4472336043E-4
-1.1346426327E-4
-5.1522150170E-5
7.8046193814E-5
5.7216861751E-5
5.2263389808E-5
9.3115842903E-5
1.1919033714E-4
1.2855865061E-4
7.8594533263E-5
-2.0176172257E-6
-1.1846995913E-4
-2.1184642101E-4
-9.5709669405E-5
2.9279396403E-4
5.7582737644E-4
4.9531752010E-4
2.9760506003E-5
-4.7612652416E-4
-5.8871180517E-4
-3.8410308771E-4
-8.7630969941E-5
1.2993656564E-4
2.4535752600E-4
2.6212863158E-4
2.0409242716E-4
9.3723996546E-5
-1.2765789870E-5
-7.1570300499E-5
-1.0387923103E-4
-8.0796564001E-5
-2.7859956025E-5
3.3942982554E-5
9.7997765990E-5
1.3623023406E-4
1.2329012388E-4
9.4515329694E-5
3.8416567258E-5
4.0642451495E-6
-3.7483219057E-5
-5.0710572396E-5
-3.4149456769E-5
7.2700553575E-6
3.8554228376E-5
8.0745760354E-5
8.5449882320E-5
9.2088629028E-5
6.9132924547E-5
3.3633527345E-5
-3.3647171222E-6
-2.1379208192E-5
-2.5895237922E-5
-1.3942166697E-5
1.5202583745E-5
5.9860188049E-5
7.7525235249E-5
8.2489557102E-5
7.3730386796E-5
4.0043576154E-5
1.4712871052E-5
-1.0407646187E-5
-2.2396363783E-5
-9.3489536085E-6
3.7209363654E-6
2.7064036111E-5
5.7584489696E-5
6.7813380157E-5
7.1107677652E-5
5.2624510136E-5
3.4235068596E-5
8.3583756351E-6
-4.9443100579E-6
-8.8026514276E-6
-5.8950972743E-6
1.4946551528E-5
4.1449535638E-5
6.5420183821E-5
7.3063431775E-5
6.4632587602E-5
5.6304305327E-5
-2.8106896206E-5
-1.0775052942E-6
-3.9040925913E-6
6.9385743704E-6
2.4028704501E-5
3.4960359334E-5
5.0833448768E-5
6.1171140988E-5
5.1871570759E-5
4.8543687444E-5
2.2366631310E-5
1.2896221597E-5
4.2878906242E-6
-7.9065444880E-6
9.6337171272E-6
2.2008712403E-5
3.7442194297E-5
4.5411812607E-5
5.6146434509E-5
5.9381860774E-5
4.6155962627E-5
2.7428055181E-5
1.3177911751E-5
9.1301742942E-6
-1.5545403585E-6
8.9964014479E-6
2.9704300686E-5
3.9125676267E-5
5.2273611073E-5
5.3324736655E-5
5.0656730310E-5
2.8346059843E-5
1.5461526345E-5
5.8192061261E-6
-1.5406752937E-6
9.0364366770E-6
1.7147080507E-5
3.3397960942E-5
5.1164277829E-5
4.3934572022E-5
5.5626942777E-5
4.3745792936E-5
3.0973192769E-5
6.8738008849E-6
9.9251628854E-6
1.3303966262E-5
1.7980765551E-5
1.4240108430E-5
3.9698078762E-5
4.4043420349E-5
4.7869118862E-5
4.1603413410E-5
4.2617437429E-5
3.4877785947E-5
1.7379049677E-5
1.2458628044E-5
1.2621923816E-5
2.1052558440E-5
3.4921278711E-5
3.3754354807E-5
4.8331986182E-5
4.5024417340E-5
3.6473688669E-5
3.0165119096E-5
2.4794682394E-5
9.5777329989E-6
1.8315715715E-5
1.3832258992E-5
2.4601921904E-5
3.3607590011E-5
5.0992541946E-5
4.3619074858E-5
4.3564743828E-5
4.1221687569E-5
3.0995532869E-5
1.1397083290E-5
1.6869907267E-5
1.7701403703E-5
8.9250388556E-6
2.6836479082E-5
4.1300163138E-5
3.6166922654E-5
5.1427702420E-5
5.4966146127E-5
4.3518457096E-5
2.4243467487E-5
2.8033880516E-5
1.4149351046E-5
2.8345582540E-5
3.4146348479E-5
3.1044287606E-5
3.3922353759E-5
3.1641649547E-5
2.5901722255E-5
2.7700187638E-5
2.7019286062E-5
3.1783699523E-5
2.6056054047E-5
2.3796409368E-5
2.7485401369E-5
3.6040996201E-5
3.2450410071E-5
3.1855539418E-5
2.6592856738E-5
2.6503205299E-5
2.2406608331E-5
1.8253200687E-5
2.5542487855E-5
2.6187265757E-5
2.2435805294E-5
2.7867092284E-5
3.9969407953E-5
3.9184081833E-5
4.0536001325E-5
3.6801234819E-5
1.6627938021E-5
1.4306232333E-5
1.8925138283E-5
1.9095046445E-5
1.2857746333E-5
2.8688227757E-5
3.0164036433E-5
3.6047131288E-5
3.1654245685E-5
3.4162856172E-5
2.4323794059E-5
2.6660331059E-5
2.2965925745E-5
1.4469888993E-5
1.7782836221E-5
2.6203878223E-5
3.4017593133E-5
3.9143627509E-5
4.0705141146E-5
3.4450867678E-5
3.9488170296E-5
3.2948178704E-5
2.0754721481E-5
1.5291327145E-5
2.7166691143E-5
1.8620269839E-5
2.7070834767E-5
3.7363870069E-5
5.3582841065E-5
4.8236129806E-5
5.1073299255E-5
3.8122141268E-5
2.2528436966E-5
4.6378350817E-6
1.1999474373E-5
1.4068151359E-5
3.2012851442E-5
2.8872920665E-5
5.6595890783E-5
5.0954346080E-5
4.9988331739E-5
3.5356730222E-5
3.0074163805E-5
2.0503369160E-5
1.0504899547E-5
9.8969670945E-6
1.5627872199E-5
2.3173412773E-5
4.1890703141E-5
4.0301133413E-5
5.2728573792E-5
5.0651025958E-5
3.3517170231E-5
2.9548478777E-5
1.8401630223E-5
-2.3448374122E-6
7.0388196038E-6
2.7559301815E-5
2.7754786424E-5
3.5357847809E-5
5.4787029513E-5
5.4082495626E-5
5.0062674563E-5
2.7001660782E-5
1.5697965864E-5
4.1269115172E-6
-6.7470013165E-6
-2.7960399166E-6
6.5303989687E-6
3.0662096105E-5
5.2832672373E-5
7.3340605015E-5
7.1423745250E-5
5.3605739959E-5
3.6324397660E-5
8.8103697636E-6
-2.1415320225E-5
-2.1899899002E-5
-2.2700289264E-5
1.1860858649E-5
6.1178556644E-5
9.8043598703E-5
1.1876816861E-4
9.3666207977E-5
5.9138098732E-5
1.0107015260E-5
-2.0089023746E-5
-5.0425017253E-5
-4.8876483925E-5
-7.0926616900E-6
3.6401150282E-5
8.8283885272E-5
1.3252532808E-4
1.1957876850E-4
9.1693364086E-5
1.8050323706E-5
-4.3461355381E-5
-9.7988790369E-5
-8.4047834391E-5
-1.0248378385E-5
5.3228810430E-5
1.1252090335E-4
1.5370458132E-4
1.4440115774E-4
9.8783988508E-5
-9.5022958703E-6
-8.2407461016E-5
-1.0496239411E-4
-5.3813122213E-5
2.8355675749E-5
2.9142037965E-5
4.5243371278E-5
7.9167180231E-5
1.1650008382E-4
1.3430613326E-4
9.8646688277E-5
2.8784573078E-5
-7.1572803429E-5
-1.5204527881E-4
-1.6252786154E-4
-6.5439287575E-5
1.6109978314E-4
3.7668934092E-4
2.9382373904E-4
-1.4994896483E-4
-5.7994101662E-4
-6.7574698478E-4
-3.3633287530E-4
1.1445253622E-4
3.8325394272E-4
4.1111495813E-4
2.9465397819E-4
1.3538043713E-4
-2.0125764421E-5
-1.1360372883E-4
-1.5366607113E-4
-1.2767059961E-4
-4.1359988973E-5
3.6079518031E-5
1.0858705500E-4
1.4159985585E-4
1.3598926598E-4
1.0240224656E-4
3.8470572326E-5
-7.0943497121E-6
-5.2481249441E-5
-6.6687457731E-5
-4.0531193372E-5
5.5921846070E-6
5.6163046975E-5
8.2521990410E-5
1.0479635093E-4
9.7701104826E-5
6.9200969303E-5
2.8699089306E-5
-1.2994220015E-5
-2.7594191487E-5
-3.7532206624E-5
-1.1180958245E-5
2.3883557878E-5
5.7750556153E-5
7.6749513393E-5
8.0069224353E-5
7.2723743508E-5
4.0786084719E-5
2.1743832621E-5
-2.0079454407E-5
-2.8148014098E-5
-2.6266812346E-5
2.8443522752E-6
3.5280524752E-5
6.2425690705E-5
7.8486790883E-5
7.6796172654E-5
6.1448174530E-5
3.1300401314E-5
3.7058023736E-6
-7.6328869910E-6
-1.5934021212E-5
-3.9948034100E-6
1.2922938913E-5
4.7583691775E-5
6.9875025658E-5
7.1681558622E-5
7.5344333893E-5
5.4153800011E-5
2.3783033248E-5
9.1554597021E-6
-7.3972973042E-6
-1.1676002759E-5
1.3145920821E-5
3.4055835567E-5
4.4461735524E-5
5.9348891955E-5
7.4632721956E-5
5.7107931935E-5
3.5137089434E-5
2.1346879657E-5
-3.4939264879E-6
-7.4137700722E-6
-7.2797178291E-6
3.8585625589E-6
3.7749740295E-5
1.1229010997E-4
4.9532274716E-5
3.5061838570E-5
3.5731308161E-5
2.2433220874E-5
3.2975804061E-6
3.2880925574E-6
2.9883463867E-6
2.1124153863E-5
2.9578863177E-5
4.4742133468E-5
4.7772424296E-5
5.3330685478E-5
4.1840015910E-5
2.9474881011E-5
2.0813848823E-5
3.9777718484E-6
7.3050963693E-6
7.5214775280E-6
2.6126194279E-5
3.6598287988E-5
4.3471995741E-5
4.5243650674E-5
5.1070097834E-5
4.0082517080E-5
2.7286144904E-5
2.0443613175E-5
1.0114512406E-5
6.8257329986E-6
1.7436104826E-5
1.8859119154E-5
2.7904612943E-5
4.3835828546E-5
3.9064267184E-5
3.6845612339E-5
3.6268192343E-5
2.1344970446E-5
1.2392248027E-5
2.1522049792E-6
1.8367823213E-5
1.2143736240E-5
2.6270619127E-5
3.5063223912E-5
4.1202444117E-5
4.8420391977E-5
4.1280384175E-5
4.1370105463E-5
2.2142322268E-5
1.3802177273E-5
9.7690033727E-6
1.0014220607E-5
3.0594726558E-5
2.7493212837E-5
4.6922592446E-5
4.3112598360E-5
4.9603532534E-5
3.8584996946E-5
3.0555482953E-5
1.6865064390E-5
1.8269731663E-5
1.5907164197E-5
2.1271058358E-6
1.6932736616E-5
3.5073480102E-5
3.8731738459E-5
4.3496303260E-5
4.7045690008E-5
4.2980874423E-5
2.2040959447E-5
1.9562686793E-5
6.5532396548E-6
5.4777308833E-5
6.6833232996E-5
1.1947008315E-4
4.8036163207E-5
-5.2730808966E-5
-2.1570944227E-5
3.5019987262E-5
5.0129718147E-5
5.3826905787E-5
4.5676855370E-5
4.2376923374E-5
2.8472032863E-5
2.5772757362E-5
1.6010238323E-5
2.4653889704E-5
2.4786451831E-5
2.1145900245E-5
3.3515412360E-5
2.6267732027E-5
2.5582371745E-5
1.9691488705E-5
2.5353836826E-5
2.3864826652E-5
2.6795209850E-5
3.8608780596E-5
2.6203074957E-5
3.1121820210E-5
2.0698970183E-5
1.3650907204E-5
1.3450172264E-5
2.0290154498E-5
1.9184488337E-5
2.4181930348E-5
3.2720598391E-5
4.3429725338E-5
3.8963975384E-5
3.1172169837E-5
2.9877747874E-5
2.7828547172E-5
1.9493594300E-5
1.5340675600E-5
2.4964497424E-5
2.6153493672E-5
3.6932691000E-5
3.9682432543E-5
4.0986854583E-5
4.1246961336E-5
3.6803132388E-5
3.4894503187E-5
7.3900679127E-6
1.1886178982E-5
1.5029928181E-5
1.8227717373E-5
3.2976432702E-5
2.3959565441E-5
5.7077780367E-5
4.7269160860E-5
4.1996501386E-5
3.6902329884E-5
2.7401908300E-5
2.1871924400E-5
2.3883883841E-5
2.1479139104E-5
2.5851279496E-5
4.0043005719E-5
3.9921537972E-5
5.2486360073E-5
4.5029120520E-5
3.7574325688E-5
4.0512171108E-5
1.9698450341E-5
6.3574640081E-6
1.2885429897E-5
1.2041837908E-5
2.4794531054E-5
3.5142165142E-5
4.8143032473E-5
5.2547373343E-5
5.0866545644E-5
2.7248950209E-5
2.4506589398E-5
1.1823209934E-5
-3.1269737519E-6
8.8270753623E-6
1.0908243712E-5
2.2696366067E-5
4.9526395742E-5
4.5536912512E-5
5.6053337175E-5
4.6730705071E-5
3.8120010867E-5
1.7771485727E-5
5.4220785388E-6
4.1318126023E-6
9.8254531474E-9
3.7579564378E-6
2.5490345433E-5
4.1655905079E-5
5.5735139176E-5
5.5291387253E-5
6.7616254093E-5
2.0951486658E-5
1.3272347860E-5
-1.2317509390E-5
-1.3384874910E-5
-1.7997866962E-5
1.4835025649E-5
4.2869686149E-5
7.1727589241E-5
8.0743222500E-5
7.3044409512E-5
5.0523213576E-5
1.0930385906E-5
-1.3954367023E-5
-3.9544620085E-5
-2.8154801111E-5
-1.3476039749E-5
2.8286955784E-5
8.3341239953E-5
1.2956579449E-4
1.4794458402E-4
1.2182060163E-4
8.4370840338E-7
-1.6926457174E-4
-2.5411463575E-4
-1.7163605662E-4
-3.8126017899E-7
1.7141909338E-4
2.1332522156E-4
1.8011089414E-4
1.3447796227E-4
9.7529939377E-5
-2.5065173394E-5
-1.1144757737E-4
-1.1149569182E-4
-4.5569031500E-5
2.6930996682E-5
7.6505017934E-5
5.9006037191E-5
5.6479847990E-5
7.3026248723E-5
7.2798482144E-5
5.6604098064E-5
2.2221263498E-5
-7.6341209934E-6
-5.8939249721E-5
-7.2037533394E-5
-7.0693844465E-5
8.7690888904E-6
1.1824066751E-4
2.1159298485E-4
1.8260140205E-4
-5.9491139837E-6
-2.7203533099E-4
-3.5341613693E-4
-1.3154230546E-4
2.7633325662E-4
5.6024533695E-4
5.2516679278E-4
2.8521980857E-4
-1.0240881238E-5
-1.9028591923E-4
-2.2828746587E-4
-1.8929755315E-4
-7.5401191136E-5
3.1822954769E-5
1.3469911646E-4
1.7002867535E-4
1.5745073324E-4
1.0921146022E-4
5.1524641458E-5
-1.5509582590E-5
-5.7817297058E-5
-6.7811296322E-5
-5.1038444508E-5
-4.7139241360E-6
4.5112543739E-5
9.0630282650E-5
1.1105764425E-4
9.3972904144E-5
6.7450827921E-5
1.8184306100E-5
-1.7638108693E-5
-3.5990413744E-5
-3.4005439374E-5
-1.7422635574E-5
1.7317396123E-5
6.4492353705E-5
7.7309657357E-5
9.7981386354E-5
8.1685569606E-5
4.1841040365E-5
1.5983753838E-5
-1.3087794650E-5
-2.0391377620E-5
-1.4194031246E-5
4.8994901590E-6
2.8377596754E-5
5.2603019867E-5
7.8340794427E-5
8.0279156101E-5
5.6087842677E-5
3.6118214484E-5
6.3989893533E-6
-7.0292851888E-6
-1.6341614537E-5
-1.3258308172E-6
2.1416635718E-5
4.8341730143E-5
5.9938547202E-5
7.6605228244E-5
6.2288541813E-5
5.2109581884E-5
2.6944605633E-5
7.5889867731E-6
-6.6273496487E-6
-1.2468814384E-5
9.6268020570E-6
2.9720726888E-5
4.6413938980E-5
5.4745620583E-5
6.9528038149E-5
4.8782664816E-5
3.6594679113E-5
1.5836383682E-5
-3.9817998186E-6
-5.2213552408E-6
4.5301625505E-6
1.2501794845E-5
3.5299302543E-5
4.9871264491E-5
6.2485272066E-5
5.6646566373E-5
5.0241523422E-5
1.5620340128E-5
2.5864923373E-6
6.0534803197E-7
1.1734897271E-6
3.6095385440E-6
2.3372960276E-5
3.6713480949E-5
6.0324056541E-5
5.5816641543E-5
6.3269224485E-5
4.9618701450E-5
-2.4783343542E-5
-6.7123677582E-6
1.0617962107E-5
1.6750092618E-5
3.2830762210E-5
4.8807356507E-5
4.7630351036E-5
4.4282723684E-5
4.3530412949E-5
3.0581525060E-5
1.8113874830E-5
1.7353671137E-5
1.2367276941E-5
1.4777726028E-5
1.2204307132E-5
2.9133015777E-5
3.0255410819E-5
3.7873222026E-5
4.0511926635E-5
3.9938790723E-5
3.1914806458E-5
2.3191364015E-5
1.3225676957E-5
1.3201474212E-5
7.2312541306E-6
2.1047994960E-5
3.0192791017E-5
2.8777704573E-5
4.5357551425E-5
4.4858828187E-5
4.4391734991E-5
3.0064850579E-5
2.5722756981E-5
1.4189328067E-5
5.6589604357E-6
1.6641314141E-5
2.1291233133E-5
2.7589593082E-5
3.7428794894E-5
5.2105716896E-5
4.5547727495E-5
3.8440607022E-5
2.8135860338E-5
1.6582966782E-5
1.8304679543E-5
1.9830418750E-5
2.0685594063E-5
1.7212086823E-5
3.0174641869E-5
4.2351440061E-5
4.2930839117E-5
5.0598278176E-5
3.5385333466E-5
2.3433333262E-5
2.0402495283E-5
1.1617259588E-5
3.3780350349E-5
3.2597640529E-5
4.9551820848E-5
5.4371624720E-5
5.8421480935E-5
4.3696491048E-5
2.3344147484E-5
1.5207682736E-6
-1.7944385763E-5
-1.5898584388E-5
1.0866147932E-5
2.2652861662E-5
5.6831957773E-5
8.8489393242E-5
1.0463774670E-4
7.9549802469E-5
2.8480403125E-5
-6.1746197754E-5
3.3051602076E-5
1.2804950820E-4
1.0472608265E-4
5.5440329016E-5
2.4644099175E-5
-3.5147415474E-6
-1.1312542483E-6
-8.6230807938E-6
3.2463809475E-6
2.5826541241E-5
3.0470720957E-5
3.2493029720E-5
3.2639806158E-5
3.3516215625E-5
3.0516018159E-5
2.5818403810E-5
2.7294445316E-5
1.9205186981E-5
3.8565869908E-5
2.2771535441E-5
2.9387546237E-5
2.9056647326E-5
3.0517613049E-5
2.6300165336E-5
2.1045957691E-5
3.1331158242E-5
3.7365197203E-5
3.9429566822E-5
3.3519929274E-5
3.0819687526E-5
3.1781406141E-5
2.5840313173E-5
1.9017199520E-5
1.4987611212E-5
1.6611209139E-5
3.3890281338E-5
4.5105093158E-5
4.2883644346E-5
2.8395210392E-5
4.5082671567E-5
4.4223503209E-5
2.1583691705E-5
2.5598309002E-5
1.8320931121E-5
2.1068763453E-5
3.3885007723E-5
3.7172099109E-5
4.5347318519E-5
4.1790364776E-5
4.1958107613E-5
3.5971298348E-5
2.9546406585E-5
1.6773992684E-5
1.5888980124E-5
1.5927944332E-5
1.7944560386E-5
2.9275647829E-5
4.1607115418E-5
4.9777177628E-5
5.3064338863E-5
5.2943627816E-5
2.9016751795E-5
3.5398313775E-5
1.8173083663E-5
1.3244000729E-5
1.5045225155E-5
8.3198188804E-6
2.6767479721E-5
4.4760375749E-5
6.4238428605E-5
5.3182279225E-5
4.1963590775E-5
3.4419551957E-5
1.5204993542E-5
6.5287109465E-6
3.9139529690E-6
-2.2216700018E-7
2.5971326976E-5
3.5214750096E-5
4.7881435603E-5
5.6765624322E-5
5.9657113161E-5
4.3225625995E-5
2.9936677310E-5
2.0871660672E-5
-4.4950633310E-6
-1.1908693705E-5
-8.9441309683E-6
2.2842909675E-5
4.9398792907E-5
6.6411437003E-5
8.3723722493E-5
7.4147526177E-5
5.6168960873E-5
2.0689854863E-5
-1.7220922746E-5
-4.6147091780E-5
-4.2184279301E-5
-1.4785991516E-5
3.6057445686E-5
7.3483167219E-5
1.1164257303E-4
1.2408344773E-4
9.0901297520E-5
6.7285494879E-6
-7.9127319626E-5
-1.0280588176E-4
-6.0963560828E-5
2.1715858019E-5
7.8382249923E-5
1.0005441727E-4
1.2566132937E-4
1.3514823513E-4
9.2512881385E-5
-1.4020805247E-5
-1.4047746081E-4
-1.9633761840E-4
-5.1196955611E-5
1.8601004267E-4
3.1567346304E-4
1.9220996182E-4
9.0620247648E-6
-5.0662702415E-5
-5.9798022268E-5
-1.1587934568E-5
1.4520017430E-6
1.5864649322E-5
-1.3287388720E-5
-8.6971675046E-6
-2.3156462702E-5
1.6725703608E-5
6.0474558268E-5
1.2740348466E-4
1.4663253678E-4
1.0570451850E-4
-1.2165401132E-7
-1.0030901758E-4
-1.3946479885E-4
-6.2796100975E-5
1.4045723947E-4
3.0603002523E-4
3.6365981213E-4
1.6987771960E-4
-1.5082942555E-4
-3.5168747417E-4
-3.7443839247E-4
-1.9612447359E-4
1.4696619473E-5
1.6668362077E-4
2.2316076793E-4
2.1992566763E-4
1.5666726977E-4
6.1136845034E-5
-2.9043015092E-5
-8.0774596430E-5
-8.8786077689E-5
-6.6664989574E-5
-2.7132802643E-6
5.6757882704E-5
9.7047642341E-5
1.2462781742E-4
1.1449102312E-4
7.4715272061E-5
2.6634184177E-5
-2.2027606610E-5
-3.7765281740E-5
-3.7209806032E-5
-1.3829430099E-5
2.2413732949E-5
6.0016300996E-5
8.4240513390E-5
9.0731715320E-5
7.4024416974E-5
4.0765618905E-5
8.8644097560E-6
-9.1470195912E-6
-2.7058948762E-5
-1.2871413492E-5
4.0578888728E-7
4.3929612730E-5
7.2016962806E-5
8.0943026118E-5
7.5462961107E-5
6.6627794878E-5
3.6035012453E-5
9.9872355350E-6
-1.3375049457E-5
-7.2773895227E-6
-7.5138057582E-6
1.4595896937E-5
4.0201609954E-5
6.3729099931E-5
7.4237689842E-5
6.2320823782E-5
3.8445950485E-5
2.3619353305E-5
4.5597902499E-6
-1.1239689775E-5
-7.5966003352E-6
8.2107726489E-8
2.3312494158E-5
4.1774532291E-5
6.8439496682E-5
6.3327245881E-5
5.2116217558E-5
4.3876084965E-5
2.3909274022E-5
-3.6131357774E-6
-8.5834180937E-7
-6.7522865720E-6
1.8017727416E-5
4.2879988905E-5
4.8326235265E-5
7.0728035645E-5
5.8808538598E-5
3.9656960870E-5
2.6356638408E-5
1.1332542636E-5
3.1693372875E-6
7.0595880971E-6
1.7261994071E-5
2.8078933245E-5
3.9242545608E-5
5.1240657922E-5
5.7784770616E-5
5.1950383932E-5
3.3747276756E-5
1.7795781605E-5
4.1400315240E-6
-2.6062480174E-6
7.2524766439E-6
1.3726076577E-5
3.4903280902E-5
4.6949042007E-5
4.9686641432E-5
5.4214731790E-5
4.4451490976E-5
2.9552308841E-5
1.4819996432E-5
-6.9549307228E-6
-2.5038607419E-6
6.1223981902E-6
2.7929444331E-5
4.8438389786E-5
9.4052136412E-5
3.7135649472E-5
1.2860714924E-5
1.5089404769E-5
2.4765450507E-5
2.1315796766E-5
1.6488472465E-5
1.6896729357E-5
2.2821209859E-5
3.4910021349E-5
3.5119603853E-5
4.4364714995E-5
4.7510652803E-5
4.8026128206E-5
2.8201821259E-5
2.3018603678E-5
2.2565864492E-5
2.1694763563E-5
1.2606009841E-5
1.5632133000E-5
3.3845892175E-5
3.4946389496E-5
4.2138737626E-5
4.1197543032E-5
4.1945604607E-5
2.7824437711E-5
1.9376340788E-5
2.5443290360E-5
8.3075254225E-6
1.2644892558E-5
1.7135113012E-5
3.7948996759E-5
4.5102392323E-5
4.9870181829E-5
4.2792467866E-5
3.9230403490E-5
3.1139864585E-5
2.7537648565E-5
1.2701854576E-5
2.5521719362E-5
3.6659964825E-5
4.2066245805E-5
4.6690180898E-5
3.8301513995E-5
4.8459670506E-5
2.9336696024E-5
1.5694298781E-5
5.6216726079E-6
5.3131021559E-6
1.0569067672E-5
2.2447959054E-5
4.2508705519E-5
5.4683128838E-5
5.2662135567E-5
4.9133750144E-5
3.0518346465E-5
1.1208292563E-5
-1.6640836838E-5
-1.6090832651E-5
-7.8265205958E-6
1.3976334594E-5
4.0750799234E-5
7.7580311338E-5
8.5068889895E-5
7.6887581965E-5
5.1867356524E-5
8.0479076132E-7
-6.6084694119E-5
-1.1984702433E-4
-6.4204121010E-5
9.3366333751E-5
8.1557361412E-5
-1.9238796085E-6
-6.0737936293E-5
-3.4287746529E-5
-2.2326025646E-5
5.8141769842E-6
4.0989031549E-5
4.7146179714E-5
4.9616349861E-5
4.7479942441E-5
3.9368355646E-5
2.4069100618E-5
2.1126528736E-5
1.4836702030E-5
1.2762600090E-5
2.1548895165E-5
2.8186454437E-5
3.7705723661E-5
2.2576621267E-5
4.0123087819E-5
3.2986176665E-5
3.4749857150E-5
2.8999068308E-5
2.8798379935E-5
3.8696324918E-5
2.9275484848E-5
3.1398341525E-5
3.8398930337E-5
3.1468796077E-5
2.8788286726E-5
2.5899067986E-5
2.5234685744E-5
3.0943227466E-5
2.9081525280E-5
4.0113925933E-5
4.3652835302E-5
3.9989734068E-5
2.6930402964E-5
3.1855003908E-5
2.0645058248E-5
2.6380550116E-5
2.7039041742E-5
2.2390938829E-5
3.8946804125E-5
4.1775475256E-5
4.0752929635E-5
5.1548029296E-5
3.4788413904E-5
2.3182528093E-5
2.1830783225E-5
8.7533262559E-6
1.0196375661E-5
2.7051777578E-5
2.8967682737E-5
3.9357296191E-5
4.8011622857E-5
4.6821881552E-5
4.5259424951E-5
3.3462070860E-5
2.4322362151E-5
1.3974518515E-5
8.3924038337E-6
7.0008332842E-6
1.3508473057E-5
3.5745860077E-5
3.5571202170E-5
6.1692390591E-5
5.2574137225E-5
4.3507490772E-5
2.8997578192E-5
5.1643233747E-6
2.5302288122E-6
-9.3553680926E-6
-3.9292732254E-6
6.4203632065E-6
5.1271857228E-5
7.0060195869E-5
6.6062144471E-5
5.6220148690E-5
3.6403397097E-5
1.8688966520E-5
-1.1660519522E-5
-2.6085949502E-5
-2.9535044450E-5
9.5866853370E-7
3.0613632406E-5
8.2210858822E-5
1.2712883763E-4
1.3201317051E-4
7.9932168594E-5
-1.7213169485E-6
-7.1712315550E-5
-8.7642192377E-5
-4.9912056420E-5
2.4319393560E-5
5.9725728352E-5
7.9883250876E-5
1.1005980196E-4
1.2233991874E-4
9.0939714576E-5
7.5777294115E-6
-8.3818007262E-5
-1.1280702893E-4
-4.7866743989E-5
3.7735700607E-5
9.6406973901E-5
8.3519483453E-5
4.3011980597E-5
3.0242861248E-5
2.8455571736E-5
-1.8917431589E-5
-1.9064894877E-5
-1.0407366790E-5
3.2748607918E-5
3.9554864633E-5
5.4171169177E-5
4.8740883358E-5
4.7205819283E-5
3.3955881372E-5
3.0998827423E-5
3.8417056203E-6
-3.2796990126E-6
-1.3461522758E-5
-4.0689378511E-5
-3.2946106511E-5
9.9838362076E-6
8.8532210796E-5
1.3762648450E-4
1.5838131076E-4
1.1624681065E-4
-1.0260893032E-5
-1.3193911873E-4
-2.3037352367E-4
-1.2407512404E-4
8.8158028669E-5
3.0459730187E-4
3.8773777197E-4
2.6733533013E-4
9.4783876559E-5
-5.6840258185E-5
-1.3800705783E-4
-1.4242305187E-4
-1.0730564827E-4
-2.4463050067E-5
5.5071886163E-5
1.2529169908E-4
1.4271036489E-4
1.3230163604E-4
7.7347992921E-5
2.1665391977E-5
-2.9793893917E-5
-5.1520799753E-5
-4.9268186558E-5
-2.2452196571E-5
2.4881726130E-5
5.5332970806E-5
9.2947948725E-5
9.7927183382E-5
7.6373957566E-5
4.9404567108E-5
6.8106222898E-6
-2.1690991707E-5
-4.7144573182E-5
-2.1842727437E-5
2.9911752790E-6
3.6964693572E-5
6.5471848940E-5
7.9094362447E-5
8.4752647674E-5
5.4847344291E-5
3.0384340788E-5
3.7617981434E-6
-1.9982689991E-5
-2.9361387714E-5
2.8655631467E-7
1.0715599638E-5
4.3341598939E-5
5.8099988383E-5
7.1267527531E-5
7.4219994716E-5
4.3465581257E-5
1.6968615819E-5
-5.4425559938E-6
-9.5608294941E-6
-6.1861122959E-6
3.4978031180E-6
2.9631564393E-5
5.2020733710E-5
6.6387373955E-5
5.9208774474E-5
5.1040598191E-5
3.9396900683E-5
1.7696153372E-5
-7.1874121205E-6
-4.0475628339E-6
2.1653249860E-7
2.3598980624E-5
3.3224897924E-5
5.3755659610E-5
5.7921558619E-5
6.4716977069E-5
4.0153798181E-5
3.0054477974E-5
1.5016633552E-5
-5.5363751016E-6
-5.0753587857E-6
1.5776813961E-5
1.8536928110E-5
4.9124273937E-5
5.5950891693E-5
5.7506782468E-5
4.7383469064E-5
3.3568742218E-5
1.9242754206E-5
1.2993346900E-6
1.4615012333E-6
9.4181043096E-6
1.6592117026E-5
3.6158878355E-5
4.4986174907E-5
5.6120229420E-5
5.3087074776E-5
3.7068466190E-5
2.4414062500E-5
2.8329482301E-5
4.8020272516E-6
5.4906588048E-6
1.1751719285E-5
2.4824915453E-5
2.9425043612E-5
4.7202489804E-5
4.9964000936E-5
5.6572572795E-5
4.5675761066E-5
1.9837543368E-5
1.5368615277E-5
4.3894629926E-6
5.0076516345E-6
1.0257458780E-5
1.6137154307E-5
4.0211761369E-5
6.2642781996E-5
7.7222927943E-5
3.4865620545E-5
6.4533553087E-6
2.2064475342E-5
1.2627826072E-5
2.2443057969E-5
1.8336006906E-5
1.9457750022E-5
2.7846032753E-5
3.6576751153E-5
3.6830443423E-5
4.3042702600E-5
4.6552438288E-5
2.8608448337E-5
1.8499034922E-5
9.9748838694E-6
1.0540185031E-5
1.4400994405E-5
3.1431252136E-5
3.3547577913E-5
4.2086094617E-5
3.9089925121E-5
3.4792546648E-5
2.7967779896E-5
3.0495796817E-5
1.6399158631E-5
1.0129204020E-5
2.5564816314E-5
4.7573889606E-5
4.5018852688E-5
5.1924062427E-5
3.3428403548E-5
3.3945706672E-5
2.6342738419E-5
1.2187415268E-5
1.7619202845E-5
8.2259881311E-6
1.1778913904E-5
3.7834036629E-5
3.4718494861E-5
5.3614296485E-5
4.8421323299E-5
3.6059389821E-5
2.7335190679E-5
7.2453287431E-6
-7.5620482676E-6
-5.8725825511E-6
7.7637378125E-7
2.2373604588E-5
3.2953603658E-5
5.8460189030E-5
6.4795988148E-5
5.7773303706E-5
4.3062807526E-5
1.0954751633E-5
1.5591271222E-6
-1.5025213361E-5
-1.9292335491E-5
-8.7114050984E-6
2.3726839572E-5
6.0848379509E-5
8.6497224404E-5
9.9686870819E-5
8.0773211087E-5
2.6270956732E-5
-3.1584489624E-5
-7.9853995706E-5
-1.0528386338E-4
-7.8824348751E-5
4.5225338544E-5
1.0432724375E-4
-3.1125440727E-5
-9.2707341540E-5
-6.7442702131E-5
-2.1716242190E-5
2.2615503985E-5
5.2949204110E-5
8.2087749618E-5
7.6735729819E-5
5.4872385226E-5
3.6148645449E-5
2.8033647686E-5
1.1858518701E-5
8.2544866019E-6
1.3106898405E-5
1.9498320762E-5
2.2564933169E-5
2.8709589969E-5
4.1829305701E-5
3.6654155701E-5
2.8202193788E-5
2.7491024229E-5
2.8809905051E-5
2.2410100791E-5
2.7235283050E-5
2.1291465964E-5
2.4202140048E-5
2.7334329206E-5
2.1257309708E-5
3.7442450411E-5
3.2496277708E-5
3.4296850208E-5
3.1846028286E-5
2.9945943969E-5
3.8177066017E-5
3.4735363442E-5
3.6581081803E-5
3.0488963238E-5
2.0632578526E-5
2.1923985332E-5
1.3332813978E-5
2.5113136507E-5
1.7643603496E-5
3.3627194352E-5
3.6335131153E-5
4.2387808207E-5
3.8977526128E-5
2.9588537290E-5
8.3657214419E-6
2.7093873359E-5
3.9133126848E-6
1.5218695626E-5
1.4116731472E-5
3.2447976991E-5
3.9999373257E-5
5.4447888397E-5
5.5231840815E-5
4.6397070401E-5
2.4783471599E-5
1.2793915812E-5
1.0725075845E-5
8.4536150098E-7
6.9749192335E-6
2.4694227613E-5
3.3488625195E-5
5.2967248485E-5
6.0340121855E-5
6.3887133730E-5
3.9195094723E-5
1.6675540246E-5
-9.8872696981E-7
-1.4805886894E-5
-1.1457689106E-5
3.8576894440E-6
3.5666569601E-5
6.9873849863E-5
1.0013729334E-4
9.7334419845E-5
6.1345717404E-5
-9.8238000647E-6
-5.3858908360E-5
-5.0096958876E-5
-3.2289861701E-5
2.1909060888E-5
4.9460458103E-5
7.2574336084E-5
1.0440831539E-4
1.2611487182E-4
9.7398902291E-5
2.2510415874E-5
-7.2718830781E-5
-1.0851681000E-4
-7.1331358052E-5
3.2619992270E-5
8.3688134330E-5
1.0118118953E-4
6.6401553341E-5
1.9156362396E-5
1.4088011813E-5
1.2546253856E-5
7.6226191596E-6
9.7481766716E-6
8.9289969766E-6
9.0373214335E-6
1.6324245371E-5
3.3022172283E-5
6.7206553651E-5
6.4198288602E-5
4.9929355737E-5
4.3886015191E-5
3.5679957363E-5
3.7706573494E-6
-2.6026961859E-5
-2.0408676937E-5
9.3246926554E-6
5.1282602363E-5
9.6649478657E-5
9.6478359775E-5
5.1424186677E-5
-1.1655641720E-5
-4.4898525812E-5
-5.7965563611E-5
-4.9414765090E-5
-1.2230570428E-5
5.3118157667E-5
1.1146905599E-4
1.7543568974E-4
1.7905993154E-4
5.2385288291E-5
-1.4922744594E-4
-2.6328907115E-4
-2.2311432986E-4
-8.2558928990E-5
6.3996820246E-5
1.5973673435E-4
1.8398698885E-4
1.7217609566E-4
1.0962219676E-4
2.9450969304E-5
-3.4990056883E-5
-7.7094475276E-5
-7.2143971922E-5
-4.2703305371E-5
2.3752555716E-5
6.9853174503E-5
1.0837110458E-4
1.1216351995E-4
8.9572893924E-5
5.5123236962E-5
3.8643833250E-6
-2.2979243658E-5
-3.5657593980E-5
-4.5036582742E-5
-3.4034601413E-6
3.7377572152E-5
6.2756228727E-5
8.7162281854E-5
8.3773559893E-5
6.5276806709E-5
3.7443859036E-5
5.2820425481E-6
-2.0405743271E-5
-1.9121041987E-5
-1.6672327183E-5
2.3853313177E-5
5.0702947192E-5
6.9561717103E-5
8.0594734756E-5
7.3826068549E-5
5.6282011793E-5
1.9336782861E-5
-8.7767606602E-6
-1.6039726324E-5
-1.1689949315E-5
9.7806565464E-6
1.7790356651E-5
5.2056845743E-5
6.5428228119E-5
7.4652035258E-5
5.9663818683E-5
4.0772382636E-5
1.1467165314E-5
-1.7845071852E-6
-8.9252600446E-6
2.0934618078E-6
7.2909751908E-6
4.1780015453E-5
4.9619295169E-5
6.7297194621E-5
6.0278887396E-5
3.5963451955E-5
2.4414062500E-5
2.3170094935E-5
-5.1716458984E-6
-7.0175738074E-6
1.1217419524E-5
2.8865307103E-5
3.7309108301E-5
5.1118945703E-5
5.0624762662E-5
4.2575248517E-5
2.8794619720E-5
1.3586645946E-5
7.5722113252E-6
5.0311675295E-6
9.0623158031E-6
1.6044359654E-5
2.8135115280E-5
4.1466287803E-5
5.2575918381E-5
4.8167607747E-5
4.1650014463E-5
3.5439583006E-5
1.3479276095E-5
7.1506481618E-6
5.3413328715E-6
5.7017896325E-6
2.2046605590E-5
2.9218941926E-5
4.6297127846E-5
5.8903126047E-5
4.4403190259E-5
3.8448651321E-5
2.4638557806E-5
1.2723018881E-5
7.7450647951E-6
1.7642509192E-6
1.3068097178E-5
2.7535227126E-5
3.6292290314E-5
4.9676676281E-5
4.8121286091E-5
4.8385921400E-5
3.1283777206E-5
2.2409122902E-5
1.7864443362E-5
1.0218680836E-5
2.1077808924E-6
1.4066754375E-5
2.5551766156E-5
5.1591510419E-5
5.7741696947E-5
6.6952663474E-5
4.9955258146E-5
1.3429461978E-5
1.9818183500E-5
2.3642880842E-5
1.8146669026E-5
2.5622977409E-5
3.7923536728E-5
3.0575308482E-5
4.1082839015E-5
3.9695529266E-5
4.0383078158E-5
2.4568091612E-5
2.4213106371E-5
2.0465743728E-5
1.7006183043E-5
2.6646570768E-5
3.7781579885E-5
3.9382663089E-5
4.8177444841E-5
3.5934802144E-5
3.8909038994E-5
1.7821171787E-5
8.2147656941E-6
-1.4768564142E-6
1.1014426127E-5
2.1771970205E-5
3.6403979175E-5
4.1436881292E-5
3.3133663236E-5
4.0677108336E-5
2.8159457724E-5
2.8890382963E-5
1.3389822561E-5
-2.4163513444E-6
1.5520374291E-6
-5.5404379965E-7
1.4549621847E-5
3.1468598171E-5
4.9817294348E-5
4.8951327335E-5
4.4924404938E-5
4.0003168396E-5
1.8805754371E-5
-2.1712388843E-6
-7.0542562753E-6
-8.2117505372E-6
1.4803523663E-5
1.8205645028E-5
4.2642117478E-5
5.6008389220E-5
6.9859286306E-5
5.4342066869E-5
3.4234416671E-5
1.6020180192E-5
-1.6116548795E-5
-1.8813740462E-5
-1.6030459665E-5
4.9720983953E-6
4.1158171370E-5
8.5750920700E-5
1.1673236732E-4
9.9447788673E-5
7.7986775433E-5
1.9332231022E-5
-5.7746923995E-5
-1.3046378735E-4
-1.2786565348E-4
-1.4478166122E-5
1.1704511708E-4
4.3763685971E-5
-9.4797043133E-5
-1.0240687989E-4
-6.5641419497E-5
-6.3972896896E-6
5.5991287809E-5
6.8794668187E-5
9.0660480785E-5
7.1503967050E-5
5.4326455575E-5
3.4396711271E-5
9.8536838778E-6
1.1456443463E-5
1.3584550470E-5
9.9007273094E-6
2.8585654217E-5
4.6849274076E-5
4.4912460726E-5
4.9786746968E-5
4.3831707444E-5
3.4673686604E-5
2.3372611031E-5
1.6729626804E-5
2.3415905889E-5
2.3205624893E-5
1.7025903799E-5
2.6233925018E-5
2.0646082703E-5
2.6967620942E-5
3.4884444903E-5
2.4582690093E-5
3.2662868033E-5
2.6371178682E-5
1.9944470841E-5
3.7143577356E-5
2.7741177473E-5
2.1193339489E-5
2.8357666451E-5
2.1830119658E-5
1.4578970149E-5
2.3679761216E-5
2.4662772193E-5
2.2915471345E-5
3.7237198557E-5
3.3355643972E-5
4.0252273902E-5
3.7592777516E-5
3.2259989529E-5
2.1506776101E-5
8.2183280029E-6
7.5901742094E-6
1.3646599837E-5
2.4173897691E-5
3.4154823515E-5
5.9441465419E-5
6.1012164224E-5
5.5667222478E-5
4.6020688023E-5
4.8771034926E-6
-2.4911540094E-5
-3.6234571598E-5
-1.3961386867E-5
5.4718577303E-6
4.0286371950E-5
6.5390730744E-5
9.7241171172E-5
8.0599100331E-5
3.9601267781E-5
-5.8152945712E-6
-2.3529515601E-5
-1.9367155619E-5
-8.3825201728E-6
1.8917897250E-5
3.5572436172E-5
4.6689203009E-5
7.9600233587E-5
9.0736907443E-5
7.8317557929E-5
3.2453017774E-5
-3.7288886960E-5
-9.7246479710E-5
-9.6745637714E-5
-2.3797526955E-5
1.0401559994E-4
1.3783738250E-4
1.0764491745E-4
4.2092322837E-5
-3.0861888080E-5
-1.6012974083E-5
4.6130851842E-6
1.2601562776E-5
1.8765567802E-5
2.4450372439E-5
1.8878409173E-5
2.4089799262E-5
3.5529001615E-5
3.9617205039E-5
3.9725494571E-5
4.9969123211E-5
3.1487655359E-5
7.5670541265E-6
-1.8656055908E-5
-1.2572051491E-5
6.7788176239E-6
2.7306703850E-5
5.3544691764E-5
7.7433965637E-5
7.6228345281E-5
4.3262704275E-5
-1.2175750453E-5
-4.6599563211E-5
-3.8998166565E-5
1.5111523680E-6
3.6537589039E-5
6.6240644084E-5
7.5369572734E-5
7.5232528619E-5
4.9771904014E-5
2.6985444128E-5
-1.7479248345E-5
-4.5465305448E-5
-6.7561480684E-5
-2.2910896223E-5
8.9373532686E-5
2.3064801935E-4
2.6744203642E-4
1.8279689830E-4
4.1598174721E-5
-7.7782932206E-5
-1.3712131185E-4
-1.1850795709E-4
-7.3396204973E-5
7.5769727119E-6
7.6912646185E-5
1.1294529541E-4
1.2868900085E-4
1.0470201960E-4
5.5140932091E-5
1.0930921417E-5
-3.8264121394E-5
-5.7040154934E-5
-5.0331058447E-5
-8.0058700406E-6
3.3602816983E-5
7.0577778390E-5
8.6749601180E-5
8.3963014188E-5
6.1924953480E-5
2.9907631687E-5
-1.9894912839E-6
-3.5023735836E-5
-2.6851391885E-5
-1.7996795941E-5
1.4989485499E-5
4.8901687842E-5
6.5250264016E-5
7.6290080326E-5
7.0629979021E-5
4.6357139945E-5
2.1460605785E-5
5.2299932577E-6
-2.0829518325E-5
-1.3660604600E-5
-5.5047334172E-6
3.4186558331E-5
5.7923467830E-5
6.5359380098E-5
5.5703171528E-5
6.1847292819E-5
3.0643132048E-5
1.5826674644E-5
-8.3456980067E-7
-1.4638307039E-5
-1.0871642735E-5
1.0691233911E-5
3.5376031883E-5
4.8553035594E-5
7.7774084640E-5
5.1814795006E-5
4.1927373968E-5
2.2825039922E-5
7.9725985416E-6
-7.2332681157E-6
-4.2763189413E-6
8.6370040664E-6
1.5163770877E-5
3.7039525340E-5
5.3477578331E-5
5.6803133339E-5
4.7071615699E-5
2.7089600916E-5
1.4901265968E-5
-2.6777037420E-6
-1.1972151697E-7
1.9890139811E-6
1.0908383410E-5
2.6351911946E-5
4.3354427907E-5
4.4851331040E-5
4.2279867921E-5
3.7461158353E-5
2.4902599397E-5
1.1036358774E-5
-1.0203535203E-5
-9.7167212517E-7
6.6257431173E-6
1.2618233450E-5
2.7344282716E-5
4.0600309148E-5
4.6196288894E-5
4.4151081237E-5
3.0457589308E-5
2.0676094573E-5
1.5844579320E-5
2.6508001611E-6
1.2261036318E-5
9.0808491223E-6
1.1595524848E-5
3.9893377106E-5
5.0600524992E-5
4.1862379293E-5
5.0108646974E-5
3.1469017266E-5
2.2314896341E-5
1.6455457080E-5
-6.1145983638E-7
6.6095846706E-6
1.4250422828E-5
2.4027482140E-5
3.8340303580E-5
4.5501824934E-5
4.9365672749E-5
4.1677977424E-5
3.0848709865E-5
1.8731236923E-5
4.5464839785E-7
-6.6302251071E-6
1.0864110664E-5
1.6161287203E-5
2.4800887330E-5
5.5888236966E-5
6.9353834262E-5
8.1059208608E-5
1.9092822913E-5
-2.4603342171E-5
1.5024107415E-5
2.8670602477E-5
3.4152809530E-5
2.9666605405E-5
5.1973294467E-5
5.8907677886E-5
4.8556982074E-5
4.5035243965E-5
1.3559008948E-6
-4.1666091420E-6
-5.1904818975E-6
2.8205243870E-5
2.5854713748E-5
2.9377301688E-5
3.2066402490E-5
4.1224365122E-5
2.4304783437E-5
2.5297899264E-5
2.2782746236E-5
2.1814811043E-5
9.7719719634E-6
4.6176137402E-7
2.0224205218E-5
2.1748186554E-5
2.6966654695E-5
4.0837586857E-5
4.3701753020E-5
4.2424025013E-5
3.2776943407E-5
1.2220942881E-5
3.7129269913E-6
5.4348143750E-6
-8.3170132712E-6
9.7580137663E-6
2.7991365641E-5
3.9932702202E-5
5.3769873921E-5
5.0109054428E-5
5.2733626217E-5
3.0780991073E-5
9.3612819910E-6
-7.2704395279E-6
-9.9112512544E-6
-8.9653767645E-6
6.2194070779E-6
4.4222467113E-5
5.6364992634E-5
6.6067150330E-5
7.0119125305E-5
4.9796176609E-5
1.2391852215E-5
-1.0241940618E-5
-3.9378833026E-5
-3.6934576928E-5
-2.0155473612E-5
1.5491130762E-5
7.8543950806E-5
1.2632501312E-4
1.3711294159E-4
1.1877469951E-4
5.2501400933E-5
-5.0697673578E-5
-1.3232539641E-4
-1.0909243720E-4
6.7100347952E-5
1.5783053823E-4
6.2361138408E-5
-3.9877754170E-5
-8.6577585901E-5
-7.8033155298E-5
-2.8680788818E-5
8.5042091087E-6
5.3769268562E-5
8.1419036726E-5
7.7080167832E-5
6.2098773197E-5
3.5122362896E-5
2.0951963961E-5
1.0217481759E-5
-1.5814555809E-6
8.6308107712E-6
9.7628100777E-6
3.2852706498E-5
4.4175481889E-5
4.5438809320E-5
4.0412135422E-5
3.3794925548E-5
2.8739543631E-5
1.3842713088E-5
2.3270875681E-5
1.2246193364E-5
3.2978900708E-5
2.5136768817E-5
3.7512078415E-5
2.6606861501E-5
2.5746773462E-5
2.9894267208E-5
2.8273789211E-5
2.3521995171E-5
2.8321950230E-5
3.1836039851E-5
3.2319000455E-5
3.0146667267E-5
1.9836821593E-5
2.5064835790E-5
1.0387122165E-5
1.3055850286E-5
1.5642214567E-5
2.3660925217E-5
3.6287703551E-5
4.2985926848E-5
5.5664696265E-5
3.7692894693E-5
3.9617728907E-5
1.9742909353E-5
1.1688447557E-6
-1.1125707533E-5
-4.3737352826E-6
1.2909341604E-5
3.9798091166E-5
7.0508057254E-5
8.0175080804E-5
6.8065628876E-5
2.2280577104E-5
-2.8577819466E-5
-5.6366994978E-5
-2.8247141744E-5
5.7185033802E-5
8.7781960613E-5
6.8122579253E-5
4.0053378324E-5
3.9955903776E-5
3.6116514820E-5
2.0429177675E-5
1.6904983204E-5
-8.8096247054E-6
-2.9133411589E-5
-4.7849421389E-5
-1.1734990403E-5
4.5047188178E-5
1.3863208005E-4
1.3679621043E-4
6.7386473530E-5
-1.8485821784E-6
-5.9469125700E-5
-2.1358707454E-5
1.8196972087E-5
3.9806379936E-5
3.8167356979E-5
4.6962860506E-5
3.8003956433E-5
3.3336179330E-5
3.0708324629E-5
3.7675851489E-5
3.7666200660E-5
3.1745410524E-5
2.0917097572E-5
1.3791373931E-5
1.0251393542E-5
9.9380267782E-7
2.1021021530E-5
3.8700760342E-5
6.7733740436E-5
6.3224590850E-5
4.5825599227E-5
8.0307130703E-6
-6.1749480665E-6
-2.6803207583E-5
-2.4640106130E-5
2.6833370793E-5
7.2628993076E-5
9.6616940575E-5
7.4678123930E-5
4.2669195681E-5
1.1841184460E-5
-8.4656756372E-6
2.5944202207E-6
8.8689965197E-6
4.0826504119E-6
1.6480113845E-5
2.7386972214E-5
4.9332121852E-5
6.2774377876E-5
5.7103112340E-5
3.2687652855E-5
-3.4316221717E-5
-9.9881389181E-5
-1.0350699304E-4
-2.8992409351E-5
7.9338380604E-5
1.5855021775E-4
1.8265313702E-4
1.3874144060E-4
7.5331260452E-5
-1.0760501027E-5
-5.8883312159E-5
-8.5506052713E-5
-5.9959862848E-5
-2.3564603179E-5
2.4502957239E-5
7.9339463267E-5
1.0151775787E-4
1.0019656038E-4
7.3647825049E-5
2.9306288342E-5
-6.0370075517E-6
-3.4469319507E-5
-3.2235495745E-5
-1.7593544908E-5
6.1657046900E-6
4.5783701353E-5
6.7706801930E-5
8.7768083908E-5
7.8607897743E-5
4.5533501542E-5
1.8219358753E-5
-8.4932893515E-6
-2.6394310407E-5
-1.9458483439E-5
4.6129105613E-6
2.4193234275E-5
4.5582198072E-5
7.3991075626E-5
6.9995166270E-5
5.1232706755E-5
3.4874654374E-5
2.0656397100E-5
-7.6614902355E-6
-1.3433990534E-5
2.6690540835E-7
9.8958727905E-6
3.3793388865E-5
5.7604594622E-5
5.8583635837E-5
6.5522082151E-5
3.9986660703E-5
2.1333678160E-5
5.2028219216E-6
-3.8840807975E-6
-5.3672119975E-6
3.7337653339E-6
2.3347220849E-5
3.3092463854E-5
6.1154330616E-5
5.6271289942E-5
5.0851772539E-5
3.2767269294E-5
1.9524968229E-5
4.8358109780E-6
-4.2667728849E-6
5.6405318901E-6
2.3561390116E-5
2.8839765581E-5
4.7767022625E-5
4.6016473789E-5
4.9409957137E-5
3.5126751754E-5
2.2275908849E-5
1.5378207900E-5
-1.0633491911E-6
3.7643127143E-6
1.0484480299E-5
2.3833941668E-5
3.3410580362E-5
4.8607704230E-5
4.6944594942E-5
4.5478576794E-5
3.4997495822E-5
1.4966947492E-5
1.7130048945E-5
5.0743692555E-6
1.1289876420E-5
7.6169846580E-6
2.1822925191E-5
3.1278107780E-5
3.8391805719E-5
4.8614002299E-5
5.0638301764E-5
2.9907212592E-5
2.5041366461E-5
1.1409248691E-5
3.8583530113E-6
1.0748126078E-5
1.4825514518E-5
3.0553562100E-5
3.7769670598E-5
4.7223130241E-5
4.1015190072E-5
4.1565019637E-5
3.0084396712E-5
2.1879398263E-5
8.0968253315E-6
1.8049264327E-6
7.4751325883E-6
2.2313138470E-5
2.6141270063E-5
4.4904241804E-5
4.6778190881E-5
4.4692168012E-5
4.3752416968E-5
3.1369156203E-5
1.6977870837E-5
2.3724278435E-7
2.5671999901E-5
4.0765479206E-5
4.4012092985E-5
4.7604320571E-5
4.5266526285E-5
3.3442338462E-5
1.3393885456E-5
3.7213321775E-6
-1.4144345187E-6
-1.3485713862E-5
5.9350160882E-6
2.1755520719E-5
4.6232051682E-5
6.0215720442E-5
5.8779772372E-5
4.6951312106E-5
2.7070066425E-5
2.9765069484E-7
-5.5403099395E-6
-1.2249196880E-5
-2.1880492568E-6
2.5950011331E-5
4.5323278754E-5
6.1875290704E-5
3.9149750955E-5
1.0202731937E-5
1.6510544810E-5
8.1364996732E-6
1.3664236758E-5
1.4001317322E-5
4.0038954466E-6
1.0130065493E-5
2.6948971208E-5
3.7939648609E-5
3.6084977909E-5
4.6676211059E-5
3.8728944491E-5
3.7489412352E-5
1.5309231821E-5
-8.6656771601E-6
-2.7889036573E-6
5.3560826927E-6
1.8180138431E-5
3.2006378750E-5
6.2483933289E-5
6.1145483051E-5
6.4027786722E-5
4.6899274457E-5
1.8548127264E-5
-1.0866671801E-6
-1.3077072799E-5
-1.9082648214E-5
3.0964729376E-6
1.9435130525E-5
5.5033655372E-5
8.7415170859E-5
9.0327870568E-5
7.9376238866E-5
5.3553970065E-5
1.6122125089E-6
-3.3876777161E-5
-6.8621418906E-5
-6.4916524572E-5
-2.0606815815E-5
5.9831247200E-5
1.5680304496E-4
1.9128290005E-4
1.8196742749E-4
7.3766428979E-5
-6.8845646458E-5
-2.5049538817E-5
1.5273955651E-4
2.1096711280E-4
1.6756855184E-4
7.5609248599E-5
9.9249999040E-6
-3.9532361552E-5
-5.3914065939E-5
-2.9327033552E-5
4.3566920794E-6
3.8020964712E-5
6.1587593519E-5
7.3271908333E-5
7.5160712006E-5
5.8988935780E-5
3.5263167228E-5
1.6037421301E-5
1.2652366422E-6
-5.4096803069E-6
1.9543326925E-5
1.7555139493E-5
2.7533236425E-5
3.6820350214E-5
3.1298969406E-5
3.7612963933E-5
4.3417478446E-5
2.0657444838E-5
2.4654320441E-5
2.0895840134E-5
2.0828272681E-5
1.0454910807E-5
1.6637868248E-5
2.1493446547E-5
2.1899107378E-5
2.7878850232E-5
3.0177633743E-5
2.1914788521E-5
2.8359820134E-5
2.8951198328E-5
4.3521507177E-5
2.2753886878E-5
3.0628952662E-5
2.5285268202E-5
1.5972799156E-5
5.2656978369E-6
9.9644530565E-6
1.9675598014E-5
3.5592028870E-5
6.6480366514E-5
7.6480233112E-5
4.7710770741E-5
2.0429166034E-5
-7.2107301094E-6
-8.8233267889E-6
2.3730599787E-5
2.2541033104E-5
4.1480874642E-5
3.6040437407E-5
4.2248354293E-5
5.1088561304E-5
3.0212453566E-5
2.7342524845E-5
6.3117360696E-6
-9.1718975457E-7
9.1477646493E-6
9.8980148324E-6
5.3922412917E-7
1.8161651678E-5
6.4882682638E-5
1.3239611871E-4
1.4266492799E-4
3.6790885496E-5
-1.0265213205E-4
-1.4128619805E-4
-5.2103004419E-5
4.1266391053E-5
7.3649152184E-5
8.5586356001E-5
5.7893840130E-5
4.2575970292E-5
3.2873626332E-5
2.1068379283E-5
6.1747967266E-6
1.5317113139E-5
1.5802448615E-5
2.1640898194E-5
2.1855218801E-5
1.8327345606E-5
3.5355286672E-5
3.9662502240E-5
4.7205714509E-5
5.0087110140E-5
4.8344733659E-5
2.9141001868E-5
1.3386656065E-5
-2.8394395484E-6
-1.2360734399E-5
1.7545151059E-5
6.1015994289E-5
6.8989966532E-5
8.2832900809E-5
6.3701346517E-5
1.1672836263E-5
-2.1986826323E-5
-4.4882518705E-5
-1.3275863603E-5
1.6277784016E-5
4.5796309132E-5
4.9485918134E-5
5.5360700935E-5
4.5194732956E-5
3.6529125645E-5
4.8609264195E-5
3.4999358467E-5
2.4072569794E-5
5.3190160543E-6
1.7096160445E-5
1.5222537331E-5
1.6994122416E-5
5.4678262678E-5
8.8862737178E-5
9.7620277667E-5
4.6742532868E-5
-5.7867821307E-5
-1.3062247308E-4
-1.3494294835E-4
-6.0499587563E-5
3.1256256624E-5
1.1448705336E-4
2.4414062500E-5
1.3373249676E-4
1.0963771492E-4
3.2795988953E-5
-1.7776200547E-5
-4.9875490368E-5
-5.2468420472E-5
-2.9124470892E-5
9.0956338682E-6
6.0999265407E-5
9.1520114803E-5
9.1694586447E-5
9.0595707300E-5
5.3364271298E-5
2.5849684606E-5
-2.9815011658E-6
-3.5029370337E-5
-2.0913942717E-5
7.8865559772E-7
3.4066510851E-5
5.4403184913E-5
7.5428292622E-5
7.2296999863E-5
5.7201320306E-5
3.8018345366E-5
8.8638276794E-6
-9.0870889835E-6
-5.6100892834E-6
-1.0539777577E-5
1.9447482191E-5
3.4690275787E-5
6.0119561386E-5
6.5284199082E-5
6.6787411925E-5
4.4091208838E-5
1.8896849360E-5
4.1957246140E-6
-7.2200200521E-6
-7.4346433394E-6
2.4948036298E-6
3.1016755383E-5
4.4282572344E-5
6.0258165468E-5
5.3865020164E-5
5.5828620680E-5
3.0042848083E-5
2.1473376546E-5
2.5975867174E-6
-3.3509219065E-6
1.0124861729E-5
6.9319270552E-6
2.8069235850E-5
5.2331143525E-5
5.4112996440E-5
5.2796467208E-5
4.1131745092E-5
3.0990235972E-5
2.0130292978E-5
-4.6815956012E-6
-1.6726320609E-6
1.2481480371E-5
2.0042457617E-5
3.5399536136E-5
4.6870356891E-5
4.7558092046E-5
4.2470765765E-5
3.9293279405E-5
2.4217437021E-5
1.3402942568E-5
1.0367087089E-5
8.4540690297E-6
1.2853113003E-5
2.3123039864E-5
4.0140445343E-5
4.9388047773E-5
4.5076757669E-5
5.0141115207E-5
3.7439120933E-5
2.0306103397E-5
3.8425670937E-6
5.3338822909E-6
1.0017957539E-5
1.0491476860E-5
3.2889714929E-5
3.1298631801E-5
5.8869330678E-5
5.4823060055E-5
3.6236771847E-5
3.6024453583E-5
2.0360201597E-5
9.5042167232E-6
1.5756615903E-5
9.2619797216E-6
2.6243366300E-5
3.7163950037E-5
4.7115259804E-5
4.9165671226E-5
4.9297092483E-5
4.0964887011E-5
2.9711658134E-5
1.6976287588E-5
1.1896342039E-5
2.1104316692E-5
3.8477953057E-5
4.2218214366E-5
5.1964784507E-5
4.7264248133E-5
3.6665564402E-5
2.4692062288E-5
9.4847287984E-6
1.3195211068E-6
5.5145937951E-6
1.2281024829E-5
2.2414454724E-5
3.6430126056E-5
5.1588041243E-5
5.1716086455E-5
4.2107177432E-5
2.5198876391E-5
6.9109140896E-6
-6.6759763286E-6
-7.6980795712E-6
-2.6745954528E-6
2.5125686079E-5
3.8164702709E-5
5.5445986801E-5
4.3187115807E-5
5.2177475299E-5
3.2079487573E-5
1.1346198153E-5
-9.2884292826E-7
-4.1249440983E-6
-1.1393998284E-5
8.6433021352E-6
2.5326618924E-5
4.5286049135E-5
6.4198113979E-5
7.4175710325E-5
4.8734887969E-5
2.4567986838E-5
-1.1600879952E-5
-3.0484923626E-5
4.2330939323E-6
3.4577201585E-5
3.7337630056E-5
3.9599055889E-5
4.6394451055E-5
4.9394043162E-5
5.8631494176E-5
3.7679506931E-5
2.1824263967E-5
5.0968606957E-6
-3.0056573451E-6
2.2257328964E-6
6.1230617576E-6
2.5764934252E-5
5.5263889954E-5
6.9262029138E-5
7.2576373352E-5
6.9097068628E-5
3.5475322511E-5
1.4095287770E-5
-2.0128488540E-5
-2.2799195721E-5
-2.5311217177E-5
8.0941827037E-6
4.6515488066E-5
8.3726714367E-5
1.1710186955E-4
1.2281103991E-4
8.1945012792E-5
1.8470513169E-5
-5.5355462247E-5
-1.0969853029E-4
-1.3016080484E-4
-8.2657614261E-5
5.9446494561E-5
1.6553044552E-4
8.6543627551E-5
-1.0367115028E-4
-1.5942108585E-4
-8.7740970777E-5
2.8034066781E-5
1.0487851687E-4
1.3418009039E-4
1.2111786054E-4
7.5679959266E-5
3.7755281664E-5
1.9715749659E-6
-2.4083582684E-5
-2.1271465812E-5
-7.9496763647E-6
1.8374877982E-5
2.0700390450E-5
5.7811080478E-5
5.5277778302E-5
5.3782190662E-5
3.5629875492E-5
2.7454213704E-5
1.7687550280E-5
5.8578210884E-6
1.5102722682E-5
1.7251516692E-5
2.2833596449E-5
3.0471861827E-5
4.2700022459E-5
4.1128101293E-5
3.1283381394E-5
4.9804116134E-5
3.0649825930E-5
3.4809659701E-5
3.2025761901E-5
2.4997908621E-5
2.1105236374E-5
1.5218637418E-5
2.0346930250E-5
9.4535411337E-6
1.7039722297E-5
2.6626454200E-5
4.8614421393E-5
5.4771068972E-5
4.6803429723E-5
2.7387170120E-5
1.1068140157E-5
9.0448418633E-6
8.6480285973E-6
3.1684432178E-5
3.1271984334E-5
4.6097196172E-5
3.9771187585E-5
3.5308487713E-5
2.8520252089E-5
2.3233436513E-5
2.6489014271E-5
2.3110664915E-5
1.1335359886E-5
1.5969329979E-5
1.1145649478E-5
1.9103346858E-5
2.3337965831E-5
5.8574764990E-5
6.1087298674E-5
7.7923538631E-5
5.5780564436E-5
-1.7405371182E-6
-7.7684898864E-5
-1.0007700185E-4
-4.1348673403E-5
8.7207008621E-5
1.5267321141E-4
1.3316842960E-4
5.7241285686E-5
1.1008686852E-5
-6.0134916567E-6
-1.0036805179E-5
1.2500409503E-5
1.9987171981E-5
3.2320898026E-5
3.7769903429E-5
4.4492958113E-5
4.0642614476E-5
3.1116837635E-5
2.7997151482E-5
4.4240732677E-5
2.3074296768E-5
2.5478680617E-5
1.2307835277E-5
7.7744014562E-6
1.6027223319E-5
1.4676235150E-5
3.1330122146E-5
4.4182245619E-5
6.7049427891E-5
6.0151482468E-5
4.7734915279E-5
5.9616751970E-6
-2.8836179990E-5
-2.1447276231E-5
-1.2818141841E-6
4.7017738688E-5
8.5298612251E-5
8.4816594611E-5
7.0313748439E-5
3.5795324947E-5
1.9348517526E-5
4.1530700401E-6
8.3566177637E-6
1.3667263556E-5
2.2560206707E-5
2.5859696324E-5
2.5853957049E-5
4.6483217739E-5
3.8054003380E-5
3.2861728686E-5
3.6338483914E-5
3.8855033926E-5
2.9460759833E-5
2.6210735086E-5
1.6392441466E-5
-8.7701482698E-7
-4.2699393816E-6
1.4717166778E-5
9.5940672329E-5
1.7415861366E-4
1.1537587270E-4
-4.2019959073E-5
-1.3043371728E-4
-1.4318332542E-4
-9.1902562420E-5
-4.7856825404E-6
6.4637069592E-5
1.1173477396E-4
1.3547505950E-4
1.0518446798E-4
6.7131745165E-5
1.6825378407E-5
-2.8912862762E-5
-4.1651295032E-5
-4.1665718891E-5
-3.3044489101E-6
3.7993851583E-5
7.2703463959E-5
8.5420568942E-5
8.7740481834E-5
7.5093028137E-5
4.2121869046E-5
1.4455593191E-5
-1.8491724040E-5
-1.8715369515E-5
-9.6632284113E-6
1.9886309746E-5
3.9292755536E-5
5.7501846459E-5
6.7315204071E-5
6.8040727639E-5
4.7806848306E-5
3.2201502471E-5
7.2462484241E-6
2.4152919650E-6
-9.5413997783E-8
6.1103375629E-6
2.8190668671E-5
4.4403783977E-5
4.7611841000E-5
5.2320747636E-5
6.1714346522E-5
4.1716371197E-5
2.2975436877E-5
-4.0049664676E-6
-6.3551473432E-6
-9.6649164334E-7
8.6196116173E-6
4.0944723878E-5
4.5472243801E-5
5.4883805570E-5
5.9664133005E-5
4.3650087900E-5
3.0055269598E-5
1.4821114019E-5
1.2267054990E-5
8.7230000646E-7
9.1376830825E-6
2.2162287495E-5
2.6835023890E-5
5.3744181060E-5
5.0121755339E-5
6.0055335053E-5
3.9523502345E-5
2.1617487072E-5
9.6148694867E-6
1.4806166291E-6
9.7109237687E-6
1.4412356541E-5
2.7311558369E-5
3.3877615350E-5
3.8055877667E-5
4.9761845731E-5
4.1531922761E-5
3.2091129105E-5
2.4394423234E-5
5.6610908360E-6
5.0548929722E-6
3.9024511352E-6
1.1111539789E-5
5.1623443141E-5
6.1321107206E-5
5.1340099890E-5
4.5879255049E-5
4.3705385178E-5
2.5007955264E-5
1.8592865672E-5
8.5935345852E-6
1.2505531777E-5
1.7835607286E-5
2.6588398031E-5
3.9558007847E-5
4.4136273209E-5
4.6533171553E-5
4.9176451285E-5
4.8605096527E-5
3.1176395713E-5
1.3783783652E-5
1.0016199667E-5
2.0103110000E-5
3.8926652632E-5
4.4733344111E-5
4.5702885836E-5
4.1699048597E-5
4.3959682807E-5
2.3370562121E-5
8.8693224825E-6
1.0120391380E-5
1.0531849694E-5
1.7085508443E-5
3.5517930518E-5
4.3071177788E-5
5.2086834330E-5
5.4128223565E-5
4.0196115151E-5
3.5766442306E-5
1.0939536151E-5
-2.7868314646E-6
-4.4934451580E-6
-3.0764262192E-6
2.5959836784E-5
3.2145681324E-5
5.6026701350E-5
5.6654785295E-5
3.2567756715E-5
2.3966736625E-5
1.8313410692E-5
5.6812074036E-6
2.7042231523E-6
3.6800745874E-6
1.3567204587E-5
3.4136627800E-5
4.8158888239E-5
5.2065728233E-5
6.2292045914E-5
5.2688817960E-5
4.2277690954E-5
5.6396471337E-6
-5.6682270952E-6
-6.1331782491E-6
-3.7732883356E-6
1.3000739273E-5
3.8988434244E-5
6.5330637154E-5
8.5990305527E-5
8.2231371200E-5
5.9712911025E-5
2.6954861823E-5
-6.9029978477E-6
-4.2623269838E-5
-4.0378211997E-5
9.3219452538E-6
5.9926521499E-5
6.4913812094E-5
6.1926711351E-5
4.6780065168E-5
3.5490503069E-5
2.4354795459E-5
1.6299332492E-5
-6.4170802944E-6
-9.8539167083E-6
-1.2063072063E-6
5.0263362937E-6
4.0075497236E-5
8.1838492771E-5
9.4022322449E-5
8.8139332369E-5
6.4284028486E-5
3.1238410155E-5
-1.4133448712E-5
-4.8831175082E-5
-5.8343913406E-5
-4.3173285667E-5
1.3987871353E-5
1.0313694365E-4
1.5838625841E-4
1.8994964194E-4
1.5738644870E-4
4.5481172856E-5
-9.6622318963E-5
-7.5756874869E-5
1.1216207640E-4
2.4456423707E-4
1.9018269377E-4
6.2480999623E-5
-2.5650765746E-5
-8.4402970972E-5
-8.1598537511E-5
-5.3799245507E-5
2.0779669285E-6
4.8277212772E-5
7.5797201135E-5
9.1167830398E-5
7.4179458899E-5
4.8523116857E-5
2.6142934802E-5
3.3931341022E-6
-1.6647961456E-5
-1.0527414270E-5
3.5196659155E-6
2.8282532002E-5
4.2098539416E-5
5.5042363238E-5
4.9659144134E-5
5.1797681954E-5
4.0998635813E-5
2.9824196826E-5
1.2317835353E-5
1.7745036166E-5
1.8373830244E-5
2.2558902856E-5
2.6167766190E-5
1.9499228802E-5
2.7860933914E-5
3.1882140319E-5
4.2642292101E-5
5.3739768919E-5
3.9663165807E-5
3.0396680812E-5
1.8469872884E-6
4.6150991693E-6
6.0897087679E-6
2.2959872149E-5
3.3162767067E-5
4.5723724179E-5
4.7236355021E-5
4.4344959314E-5
2.9513065237E-5
3.4775910899E-5
1.5869177878E-5
1.4882057440E-5
1.2732774485E-5
3.4206139389E-5
2.5393196847E-5
2.1350488532E-5
3.8760004099E-5
3.3697579056E-5
3.4303124993E-5
4.9522356130E-5
4.8316083849E-5
5.2988121752E-5
1.9146676641E-5
-1.2412213255E-5
-4.1108566802E-5
-3.3310300204E-5
3.7608982529E-5
9.4769790306E-5
1.0063808877E-4
8.3565828393E-5
5.5347452872E-5
2.1726207341E-5
-2.5299726985E-6
-3.1475874129E-5
-1.0539672803E-5
1.6390183009E-5
6.0758774634E-5
6.6121830606E-5
6.5898068716E-5
4.2573362588E-5
4.4652039651E-5
2.2235757205E-5
2.2566667758E-5
9.5998751932E-6
4.4217100367E-6
2.0671135280E-5
1.5233166050E-5
3.3433979842E-5
2.4414062500E-5
3.8757093716E-5
5.0413724967E-5
4.6256580390E-5
4.1074818000E-5
2.4004932492E-5
6.5587111749E-6
-5.6529301219E-6
3.0664843507E-6
1.0948465206E-5
5.5062153843E-5
9.1266527308E-5
9.8878960127E-5
5.3952739108E-5
1.9673944916E-5
-2.2000889294E-5
-2.5039655156E-5
-6.2284176238E-6
1.0893493891E-5
4.0622893721E-5
6.3985027374E-5
7.3811062614E-5
4.3448421638E-5
3.7798797711E-5
2.3818446788E-5
2.5321950670E-5
3.0051113571E-5
1.6171718016E-5
2.2671918850E-5
2.7594214770E-5
2.8114579617E-5
4.4262548908E-5
3.6721909417E-5
4.1161617264E-5
3.7268339656E-5
3.7213112227E-5
5.3591770120E-5
5.4683338385E-5
4.8256991431E-5
6.2523293310E-6
-4.8432324548E-5
-6.0296128505E-5
5.2855780814E-5
1.9801978487E-4
1.6658129170E-4
2.6314414571E-5
-7.4381078596E-5
-1.0261976859E-4
-8.6437852590E-5
-3.2127217854E-5
3.1719740945E-5
8.2220835613E-5
1.1086802697E-4
1.0859000031E-4
8.0413452818E-5
4.4034351594E-5
5.8377627284E-6
-2.5337119586E-5
-2.5698007084E-5
-2.0746537484E-5
1.6029085964E-5
4.5246887020E-5
6.6984014122E-5
8.1635266545E-5
6.7515217235E-5
5.0854962319E-5
2.8495513833E-5
3.3611431718E-6
-7.2330818512E-6
-1.4572159853E-5
9.6587231384E-6
2.7086096815E-5
5.2136310842E-5
6.2200182584E-5
6.5397960135E-5
5.4770847782E-5
3.5246124025E-5
1.4627166092E-5
7.1814050898E-6
-2.3240223527E-6
1.4503952116E-6
2.1647964604E-5
3.4493161364E-5
5.5109057576E-5
5.8450072539E-5
5.1454431378E-5
4.2574538383E-5
3.3619720488E-5
1.4579016715E-5
-7.4714189397E-7
9.4637041913E-6
9.6960691736E-6
2.8281705453E-5
3.6253419238E-5
4.3863360770E-5
5.4243206978E-5
4.3718353845E-5
3.7959567271E-5
2.4273421149E-5
8.7986467407E-6
4.8289890402E-6
8.2022743300E-6
1.5840469860E-5
2.9549445024E-5
4.2142218444E-5
5.0048227422E-5
4.4864136726E-5
4.3920753523E-5
3.4906307700E-5
1.9390136003E-5
1.3155757915E-5
6.5097003245E-6
8.2342303359E-6
1.8857524264E-5
2.9463693499E-5
3.6282872315E-5
4.6142574865E-5
4.7013384755E-5
4.4111977331E-5
3.6209158133E-5
1.7656525597E-5
3.5793287680E-6
3.8905302063E-6
5.9985788540E-6
1.8808315508E-5
3.6560674197E-5
5.6520232466E-5
6.4453994856E-5
4.9874803517E-5
3.9266061503E-5
3.2356032169E-5
1.9948685076E-5
1.1508841999E-5
2.5710137560E-5
3.1952233984E-5
4.2099517304E-5
4.9875164405E-5
4.3728726450E-5
4.2536528781E-5
3.1082425266E-5
4.3274834752E-6
2.6066787541E-6
-3.9307633416E-7
9.0004527010E-6
3.2166426535E-5
4.2644969653E-5
4.1779642924E-5
5.3666438908E-5
5.0926476252E-5
2.4749350268E-5
1.1047290173E-5
-2.9651680961E-6
-1.9772327505E-6
-3.6266865209E-7
1.7583055887E-5
3.6784238181E-5
5.7364406530E-5
6.0219387525E-5
5.2126438823E-5
3.6928278859E-5
1.1401367374E-5
9.5468363724E-6
8.7860738860E-6
5.5679585785E-6
1.4308933169E-5
2.5382474996E-5
4.1384657379E-5
5.2026438061E-5
5.0760805607E-5
4.1435740422E-5
3.3511058427E-5
1.7374160234E-5
1.3223337010E-5
-5.4326956161E-6
-1.4380086213E-6
1.0476412717E-5
2.8738088439E-5
5.9045525269E-5
6.3552090433E-5
6.1850447674E-5
6.4697931521E-5
2.2602977696E-5
1.2576475274E-5
-1.4008663129E-5
-8.9089618996E-6
-6.5012136474E-6
2.3718352895E-5
5.8716943023E-5
8.3908787931E-5
9.5528957902E-5
7.8462949024E-5
4.4712168164E-5
1.0495318566E-5
-3.2388383988E-5
-5.7771184948E-5
-3.6573060788E-5
1.0095885955E-5
6.5390078818E-5
8.4067624996E-5
7.9050986098E-5
5.0240941346E-5
4.6073738486E-5
1.6479473561E-5
-1.0413478594E-5
-3.1264603603E-5
-3.8966676220E-5
-2.3709808010E-5
2.8251844923E-5
8.1307324583E-5
1.1367967818E-4
1.3139228104E-4
1.2302843388E-4
5.7846819982E-5
-2.3026939015E-5
-9.6511410086E-5
-1.4592508087E-4
-1.1614770629E-4
2.5278329849E-5
1.5855914680E-4
8.8900455741E-5
-1.0076810140E-4
-2.0809024572E-4
-1.5089042717E-4
-4.5518076513E-5
5.3599046078E-5
2.4414062500E-5
1.3725991594E-4
1.2676555198E-4
7.8294414563E-5
2.3593811783E-5
-1.5235471073E-5
-4.0133111179E-5
-2.7692178264E-5
-1.5662214719E-5
1.7450202722E-5
4.7550932504E-5
6.8181345707E-5
7.6827581509E-5
6.0605269391E-5
4.4275936670E-5
2.4462491273E-5
6.1861006544E-6
-3.6955927499E-6
-2.0051375031E-7
1.7570843920E-5
3.2944430130E-5
3.4875806886E-5
3.6143243778E-5
3.9573514368E-5
5.5554055144E-5
4.0626979898E-5
3.3738266210E-5
1.5239999630E-5
1.1830381118E-5
5.6000426412E-6
1.7779890913E-5
3.1552824657E-5
3.7395406979E-5
4.6737375669E-5
5.1016674843E-5
4.2213150300E-5
1.7775653396E-5
1.8084014300E-5
1.7404789105E-5
9.4378832728E-6
8.2934973762E-6
2.0620657596E-5
3.0981586314E-5
2.9213610105E-5
4.2156979907E-5
4.0176557377E-5
3.5808794199E-5
3.1315896194E-5
3.2895815092E-5
2.0342587959E-5
2.4987524375E-5
1.6383093316E-5
8.2877348178E-6
7.8172190115E-6
2.1343131084E-5
5.8516196441E-5
9.1699289626E-5
6.9532240742E-5
4.9708655570E-5
1.7278559971E-5
-2.9781833291E-6
1.3179029338E-6
7.5415940955E-6
1.0812282562E-5
2.5791360530E-5
3.1139992643E-5
3.3189309760E-5
4.4577289373E-5
5.6513887830E-5
4.8743106891E-5
1.9834504928E-5
-1.2189522386E-5
-4.0603335947E-6
7.0995767601E-6
3.2790214754E-5
4.6677852515E-5
5.5571086705E-5
5.1296933088E-5
5.0472619478E-5
4.4920749497E-5
2.5963212828E-5
2.0967586897E-5
1.3900676277E-5
1.5156820882E-5
1.9463023636E-5
2.2549589630E-5
3.3437123056E-5
4.5724888332E-5
6.3912710177E-5
6.3101691195E-5
4.7521386295E-5
1.2017413974E-5
-3.8296938873E-5
-4.2844749987E-5
5.2687828430E-6
4.5813038014E-5
7.2523683777E-5
8.6972850843E-5
7.5070548340E-5
5.7457142976E-5
1.5878316481E-5
5.7373195887E-6
9.1179972514E-7
-3.5496777855E-6
5.0883507356E-6
2.8233905322E-5
4.5150972437E-5
5.3665833548E-5
4.8718240578E-5
3.9039284456E-5
3.6217446904E-5
2.5779264978E-5
5.2767922171E-6
5.9510231950E-6
2.4344050325E-5
1.6260531265E-5
2.7496193069E-5
3.3645017537E-5
3.6858464590E-5
3.7536432500E-5
3.8119393866E-5
4.4447602704E-5
7.5240712615E-5
8.1925129055E-5
8.9135335295E-5
4.9845536705E-5
-3.2874930183E-5
-8.4898120261E-5
4.1929236613E-5
2.2087325342E-4
1.9689932233E-4
7.9631095290E-5
-2.0472728647E-5
-7.2014529726E-5
-6.1919097790E-5
-4.1008298285E-5
4.1138846427E-6
5.6877674070E-5
8.6381786971E-5
1.0101230582E-4
9.1605004858E-5
5.7493674104E-5
3.1262089032E-5
-2.0449748263E-6
-2.0313460845E-5
-1.5146739315E-5
-4.5811641030E-6
2.1225004456E-5
4.9306778238E-5
6.7892286463E-5
7.2586862372E-5
6.3317292372E-5
3.6674516740E-5
1.6716914251E-5
6.0943420977E-7
-4.1164457795E-8
1.1096242815E-6
1.2124085333E-5
3.7055811844E-5
5.3711154033E-5
5.8080046438E-5
6.8737345283E-5
4.3925095815E-5
3.2175320666E-5
1.9649462774E-5
5.3285853937E-6
-8.7567605079E-7
1.2146611698E-5
2.1582888439E-5
4.1263212915E-5
4.2782945093E-5
5.3450511769E-5
5.7913013734E-5
4.8343371600E-5
3.3332430757E-5
1.2816255912E-5
2.7343165129E-6
-1.2821750715E-6
1.7197837587E-5
2.3743091150E-5
4.7144398559E-5
5.0598254893E-5
4.4394540600E-5
5.1694083959E-5
2.2802350576E-5
2.4369754828E-5
5.4243137129E-6
1.3066083193E-5
1.4830147848E-5
2.1444587037E-5
3.1280261463E-5
4.6456314158E-5
3.9389729499E-5
4.5563839375E-5
3.8560153916E-5
3.5276822745E-5
1.7320713960E-5
1.7007882707E-5
8.6183776148E-6
1.6804831102E-5
2.8183986432E-5
2.9547524172E-5
4.9544835929E-5
5.2913010586E-5
4.8701022751E-5
4.5483384747E-5
3.3478450495E-5
2.0920217502E-5
5.4394709878E-6
2.2103858645E-5
3.6848895251E-5
4.8265047371E-5
3.4621497615E-5
5.0181127154E-5
3.8825243245E-5
3.0220777261E-5
9.9782017060E-6
4.3016974814E-6
3.6823097616E-6
1.3156910427E-5
2.1834485232E-5
4.3628166895E-5
4.8989814241E-5
5.2307278383E-5
4.3780333362E-5
2.8854107949E-5
4.0279468522E-6
3.0537135899E-6
-7.3764938861E-6
-9.1928523034E-7
9.4228307717E-6
3.7743709981E-5
5.1310996059E-5
6.6425395200E-5
4.9623951782E-5
4.2290939018E-5
2.2670987527E-5
-7.4218260126E-7
-1.3429427054E-5
-5.5512762629E-6
2.8014788403E-5
4.2187131475E-5
4.0891289245E-5
4.3064216151E-5
4.4987024739E-5
4.3519039172E-5
3.6703515797E-5
1.8136715516E-5
1.8134817947E-5
-4.4564949348E-7
9.8396558315E-6
1.5459663700E-5
2.9202515724E-5
5.1886832807E-5
6.2980584336E-5
6.4076378477E-5
4.6628084965E-5
3.6373524926E-5
1.5523203183E-5
-1.0193325580E-6
-1.3257737737E-5
5.9923739173E-6
3.0618300661E-5
5.3276610561E-5
7.3384086137E-5
7.4505864179E-5
6.2673399226E-5
5.5140187033E-5
1.5807570889E-5
-1.5855161473E-5
-3.0183640773E-5
-1.9815249834E-5
1.7040129751E-5
4.5741407666E-5
9.2702696567E-5
1.1220499873E-4
1.0849097744E-4
8.0060819165E-5
2.9466312844E-5
-3.3142045140E-5
-7.0814625361E-5
-6.5216131044E-5
-1.8939306028E-5
5.2609341219E-5
7.8811030837E-5
8.3844724580E-5
1.0749355424E-4
7.7784666794E-5
4.0933850687E-5
-1.2767291628E-5
-7.1717193352E-5
-8.2376122011E-5
-6.9284089842E-5
-2.0346557721E-5
6.5926357639E-5
1.6387280775E-4
2.0661801100E-4
1.0458899196E-4
-8.0120144415E-5
-1.3734650565E-4
7.2930241004E-6
1.9221244147E-4
2.3428007262E-4
2.0541714039E-4
1.1845078552E-4
1.8933147657E-5
-4.9473589752E-5
-7.5088872111E-5
-7.1832642427E-5
-3.7319748662E-5
1.6271544155E-5
5.6704133749E-5
8.7443832309E-5
9.5242925458E-5
7.6793902556E-5
4.6257558279E-5
2.0412064623E-5
-2.6031280868E-6
-1.5007343609E-5
-8.0944737420E-6
9.1896858067E-6
1.5609443653E-5
2.4158763699E-5
5.2763440181E-5
5.5229396094E-5
6.0110574123E-5
4.9099477474E-5
3.1608948483E-5
1.2209580746E-5
-9.6448929984E-7
-2.6235939003E-6
1.6502116341E-5
3.3773749600E-5
4.9385277089E-5
5.8547768277E-5
6.1654264574E-5
4.4838816393E-5
4.2794947512E-5
1.8898909911E-5
4.3998588808E-6
3.4584780224E-6
1.8286891281E-5
2.6058044750E-5
3.3749674912E-5
3.4108734689E-5
4.4276588596E-5
3.8219743873E-5
3.2168335746E-5
3.0119123402E-5
8.6261774414E-6
1.1639669538E-5
1.8685206305E-5
2.0509120077E-5
2.1402142010E-5
1.6726623289E-5
2.4695554748E-5
4.2793131433E-5
6.1473867391E-5
6.3272216358E-5
4.4364680070E-5
2.8376816772E-6
-2.7374853379E-5
-2.4419545661E-5
-9.0529792943E-6
2.3110525216E-5
4.6156300232E-5
5.1067932509E-5
4.8843305558E-5
2.8793874661E-5
3.7932652048E-5
3.2769166864E-5
2.7360860258E-5
2.8422579634E-5
2.2315559908E-5
2.3781962226E-5
1.6892119311E-5
1.1878705118E-5
2.0138907712E-5
4.5650545507E-5
5.4365082179E-5
6.2726112083E-5
4.6661100350E-5
-4.8305024393E-6
-1.1873315088E-5
-4.0755607188E-6
2.0516465883E-5
3.5875756293E-5
5.4619309958E-5
5.4352881853E-5
5.4006953724E-5
4.9527524971E-5
3.9780978113E-5
3.1238701193E-5
1.3639871031E-5
-8.2228682004E-6
-1.9495829474E-5
1.8442410510E-5
5.8304890990E-5
8.9949462564E-5
8.7466614789E-5
6.2004919164E-5
2.6936596258E-5
-9.2975446023E-6
-2.2046105004E-5
-1.0027363896E-5
3.0811061151E-6
3.1512090935E-5
5.3631502670E-5
6.1595800799E-5
5.7495664806E-5
5.3731608205E-5
4.2231497354E-5
1.2157252058E-5
-8.5195060819E-7
3.8407742977E-7
8.2231825219E-6
2.5269866455E-5
3.2336090225E-5
4.9100513570E-5
5.6022906211E-5
4.9473531544E-5
3.8525077979E-5
2.7851434424E-5
1.9361183513E-5
2.0198361016E-5
3.0605460051E-5
1.9725924357E-5
3.2217497936E-5
1.3397727162E-5
8.2015874796E-6
1.0726077017E-5
2.0721834153E-5
3.8591725751E-5
6.0562067666E-5
9.5288688320E-5
9.0665405153E-5
8.4367534147E-5
3.1719682738E-7
-7.1921618658E-5
3.3158715814E-5
1.9328431226E-4
1.7673088005E-4
9.6792739352E-5
1.2833776418E-5
-2.1197088062E-5
-5.6019518525E-5
-5.2471202799E-5
-1.5905627515E-5
1.9669090397E-5
6.2856962905E-5
8.4369827531E-5
8.1483065154E-5
6.5814773553E-5
3.3773831091E-5
1.0936893523E-5
-1.0301696602E-5
-1.8310046289E-5
-7.3194038123E-6
1.1961930431E-5
3.5728944931E-5
5.2540446632E-5
5.7704106439E-5
5.7677575387E-5
4.7620444093E-5
2.6810506824E-5
1.5152746346E-5
-4.0515093133E-6
-6.0263439082E-6
1.2844614685E-5
1.9576284103E-5
4.0482659824E-5
4.5473361387E-5
5.0523364917E-5
5.6325958576E-5
4.1188730392E-5
3.0606472864E-5
1.1450622696E-5
1.8940772861E-6
2.6604393495E-7
6.9816596807E-6
2.5963422376E-5
3.9333477616E-5
4.5081775169E-5
5.0269183703E-5
3.7817703560E-5
2.9141688719E-5
2.3258221335E-5
8.7375170552E-6
9.7808311694E-6
1.9080855418E-5
1.9808649085E-5
3.4139910712E-5
3.6706984974E-5
4.0212145540E-5
4.8866588623E-5
4.2278855107E-5
3.7201296072E-5
1.6939768102E-5
1.6544677783E-5
3.7418212742E-6
1.7754093278E-5
1.7659866716E-5
3.9000646211E-5
4.2256677988E-5
4.6510121319E-5
5.2197580226E-5
4.1938864160E-5
4.0840473957E-5
1.9989162683E-5
8.8840955870E-6
2.3202074225E-5
3.8824242073E-5
3.7165556568E-5
4.7057494521E-5
4.6208896674E-5
3.8363528437E-5
2.2708892356E-5
1.3778219000E-5
1.1621427257E-5
6.2723876909E-6
6.6954526119E-6
3.1519483308E-5
3.5539071541E-5
5.6716299150E-5
5.1622034517E-5
3.8296158891E-5
2.9256218112E-5
1.4742161147E-5
4.3525593355E-6
1.0420719627E-5
8.7200663985E-6
1.2854440138E-5
3.1005858908E-5
4.9324647989E-5
4.7786172945E-5
6.0604221653E-5
4.6138977632E-5
2.3081537801E-5
4.3120933697E-6
-1.4286546502E-5
-1.2915779371E-5
4.0701241232E-6
3.1735387164E-5
5.6402303745E-5
7.1482465139E-5
5.9431232512E-5
2.8415373526E-5
1.3892666902E-5
1.2984231580E-5
1.3901595958E-5
3.6943121813E-6
1.5577953309E-5
2.5596364866E-5
4.2545155156E-5
5.9642305133E-5
6.0627458152E-5
4.2248133104E-5
4.5651046093E-5
2.7896300889E-5
1.5674158930E-7
-6.0801161453E-6
-2.7126283385E-6
1.4785910025E-6
3.0550686642E-5
4.2033707723E-5
6.8539869973E-5
7.5201038273E-5
6.8120553625E-5
3.9699079934E-5
2.2360030561E-5
9.0720131992E-7
-1.1694361456E-5
-1.4580949210E-5
1.2380571570E-5
4.1717849671E-5
7.6591805556E-5
8.9394010139E-5
9.0457592161E-5
6.5958977213E-5
2.9756384901E-5
-2.1498184651E-6
-3.9562000893E-5
-5.7455780917E-5
-3.4010631497E-5
1.7236219719E-5
7.6934287793E-5
1.3230899349E-4
1.5480273869E-4
1.1586202309E-4
4.6175427269E-5
-2.7710979338E-5
-7.5024040419E-5
-5.5921578315E-5
-3.3057550899E-5
8.9630368166E-6
7.7714654620E-5
1.2760277605E-4
1.3935388997E-4
1.2178029865E-4
8.5811631290E-5
-1.6245350707E-5
-1.0265948950E-4
-2.3096275981E-5
1.6857032897E-4
2.9382383218E-4
2.1149903768E-4
4.9167359248E-5
-7.8828004191E-5
-1.3541894732E-4
-1.2795143993E-4
-6.9641449956E-5
4.0029757656E-6
7.0353248158E-5
1.0737271514E-4
1.1584731983E-4
9.4475899826E-5
5.4244406056E-5
9.1275316663E-6
-9.6268369816E-6
-3.5458023194E-5
-2.2999243810E-5
-3.1148898415E-6
1.8357543740E-5
4.8665597569E-5
7.3343445549E-5
7.6311931482E-5
5.1794224419E-5
4.4864276424E-5
3.0409649480E-5
8.0793397502E-7
-7.1689020842E-6
-1.2561213225E-6
9.1952038929E-6
3.3011089544E-5
5.1663187332E-5
7.1775191465E-5
5.9682980646E-5
4.7700095456E-5
3.1313090584E-5
1.5426531900E-5
-2.8360867873E-6
7.1617076174E-6
9.8554650323E-6
2.2395141422E-5
2.8771138749E-5
4.9204740208E-5
5.3878000472E-5
4.8356922343E-5
3.3941096625E-5
1.4748040121E-5
8.9396024124E-6
1.2817326933E-5
1.5868700575E-5
1.5749572776E-5
2.3518898524E-5
3.3155968412E-5
3.2425287644E-5
4.8309552949E-5
4.4208473992E-5
5.1897449885E-5
4.5006256550E-5
1.7191865481E-5
-7.5258081779E-6
-1.0693527292E-5
-1.3063743245E-5
1.9020203035E-5
5.0063163507E-5
6.4535508865E-5
6.7456776744E-5
4.6321866102E-5
2.7697021141E-5
2.2514804732E-5
1.0303140152E-5
9.2317350210E-6
1.9380019512E-5
2.3602496367E-5
2.8326595201E-5
2.8891151304E-5
4.0453427936E-5
4.1021208744E-5
4.6793103684E-5
4.5061635319E-5
2.7999328449E-5
3.0055211390E-5
1.5646789689E-5
1.8588150851E-5
1.8183642532E-5
2.6665674522E-5
2.9873684979E-5
3.4177605993E-5
2.7945381589E-5
5.1824550611E-5
5.5119686295E-5
4.5100529678E-5
-6.7301793024E-6
-1.0707159527E-5
2.2519030608E-6
5.2748131567E-6
2.4574145208E-5
5.0835509319E-5
2.4414062500E-5
3.2152584751E-5
3.9997522253E-5
-2.0587584004E-6
-3.7756073288E-5
-3.1516863964E-5
5.7005090639E-7
2.7136818971E-5
4.5488157775E-5
7.6672097205E-5
8.7669224016E-5
5.2392797079E-5
2.8971908613E-5
7.5689749793E-6
-6.5465457738E-6
-8.2154176198E-6
6.1572063670E-8
2.3341563064E-5
3.9852247573E-5
6.2668428292E-5
6.4107088838E-5
5.1379168872E-5
4.5208714436E-5
2.3189221974E-5
-1.1078896932E-6
5.0370930694E-6
4.2442115955E-6
1.0139052756E-5
2.1306099370E-5
3.9098621345E-5
4.0953373536E-5
4.6535709407E-5
4.3085427023E-5
3.1424709595E-5
2.7832458726E-5
2.7290242723E-5
3.1600042711E-5
2.7571420650E-5
2.1926860790E-5
1.7869984731E-5
1.7138198018E-5
7.9947058112E-6
1.2044794858E-5
2.5495851877E-5
4.9030559603E-5
7.3289475406E-5
9.4587472269E-5
8.3331705540E-5
2.2234534844E-5
-5.4457865191E-5
2.8353801462E-5
1.5822969144E-4
1.6316229012E-4
1.0981753003E-4
5.4377026391E-5
-8.1908656286E-7
-2.5941280182E-5
-4.0350120980E-5
-2.1553074475E-5
1.1359644122E-5
3.8606778252E-5
6.3567969484E-5
7.3023070584E-5
6.3348922414E-5
4.6956446022E-5
2.0352483261E-5
9.4369403088E-6
3.7482241168E-7
-5.5587152019E-6
3.9841514081E-6
2.4860654957E-5
4.2977172415E-5
5.3978990764E-5
4.9567723181E-5
5.5313727353E-5
3.7078140303E-5
2.3368722759E-5
2.1330430172E-6
2.6933732443E-6
4.8857182262E-7
5.8423145675E-6
2.2854725830E-5
4.3822650331E-5
5.1595817786E-5
5.6280754507E-5
5.1556271501E-5
3.5202875733E-5
1.9488134421E-5
2.2728228942E-6
4.9235066399E-6
8.2570710219E-6
1.9758113194E-5
3.8060860242E-5
4.9783696886E-5
4.9680587836E-5
5.1057117525E-5
5.0503469538E-5
3.3350149168E-5
2.3738353047E-5
1.1686619837E-5
1.1503056157E-5
1.9343814347E-5
2.3762835189E-5
3.3642142079E-5
4.9428630155E-5
5.3988955915E-5
5.6739535649E-5
4.5642058830E-5
3.5095552447E-5
2.3618794511E-5
6.8129273132E-6
2.3693777620E-5
4.2972841766E-5
4.3452752288E-5
5.1940616686E-5
4.4801773037E-5
3.6908814217E-5
3.0657486058E-5
1.0440312326E-5
9.7956624814E-6
1.3427832164E-5
1.4154100791E-5
2.4361931718E-5
3.9031764027E-5
4.4181395788E-5
4.6739331446E-5
3.4230272285E-5
2.6560109108E-5
1.3366783969E-5
7.6789525338E-6
2.5139539503E-6
8.0197234639E-6
1.5139149036E-5
2.5113730225E-5
5.1813980099E-5
5.5431970396E-5
5.2211282310E-5
4.0345313027E-5
1.6917660832E-5
7.9781166279E-6
-7.0048030466E-6
-5.4919393733E-6
3.6588637158E-6
2.1482189185E-5
5.5486685597E-5
6.0345174279E-5
7.0631166456E-5
5.2162806970E-5
2.2527819965E-5
3.3369055018E-6
-2.7488765772E-5
-5.3706113249E-6
2.5733292568E-5
4.0992139838E-5
4.1766522917E-5
4.1547301225E-5
4.3467455544E-5
4.8484851140E-5
4.7440023627E-5
1.8605648074E-5
7.7772536316E-6
6.3573010266E-6
3.8747210056E-6
8.9215813206E-6
2.6212714146E-5
4.6393112279E-5
5.6455726735E-5
6.8585097325E-5
6.1617745087E-5
3.8994068745E-5
2.0369421691E-5
-2.0963838324E-6
-1.0946358088E-5
-8.2563841716E-6
2.4194503203E-5
3.4778448752E-5
6.6856399645E-5
8.5614586717E-5
7.9483853188E-5
6.3604535536E-5
3.5023898817E-5
-1.9199680537E-6
-2.5583547539E-5
-3.8121815305E-5
-2.0723848138E-5
2.4651957210E-5
7.0462666919E-5
9.8310702017E-5
1.1536855018E-4
9.9867489191E-5
6.8879907485E-5
-8.8660628534E-6
-5.8477907442E-5
-9.4545306640E-5
-7.0628616961E-5
-2.9557303059E-5
7.1744818708E-5
1.3778421562E-4
1.6679551918E-4
1.5014156233E-4
6.6417059862E-5
-5.4912059568E-5
-1.0523573728E-4
-9.6124515406E-5
-3.5264948383E-5
1.1423398974E-4
2.1756390342E-4
1.2678063940E-4
-8.5637113081E-5
-2.1214586450E-4
-2.0865076222E-4
-1.1327672983E-4
-1.6426318325E-6
8.4127939774E-5
1.4398827916E-4
1.5241680667E-4
1.2208017288E-4
6.5210845788E-5
1.4110060874E-5
-2.7221080381E-5
-4.7388707754E-5
-3.0327204148E-5
-9.7649754025E-6
3.2204319722E-5
6.7712366581E-5
9.0231595098E-5
8.4082910328E-5
5.7114567608E-5
3.1659705564E-5
2.0827853586E-5
-5.7763769291E-6
-1.2318952940E-6
-4.7365087084E-6
2.1343526896E-5
3.0870211775E-5
5.4261565674E-5
7.1016559378E-5
6.9361529315E-5
5.9124082327E-5
3.9132928941E-5
9.6146715806E-6
-6.8888533861E-6
1.1916155927E-6
5.1236012952E-6
1.9066466484E-5
4.5795342885E-5
5.7850196027E-5
6.1792344787E-5
5.2149011754E-5
4.1611038614E-5
1.2808002066E-5
1.3929326087E-5
7.1292044595E-6
1.8447521143E-5
1.7839868087E-5
3.5521725658E-5
3.2972299959E-5
4.5491300989E-5
4.0482345502E-5
4.6970066614E-5
3.8370746187E-5
3.6443502176E-5
2.0485790446E-5
3.3968826756E-6
1.8538325094E-6
9.3890121204E-7
3.2438244670E-5
4.2465538718E-5
5.6449347176E-5
6.8044266664E-5
5.9245433659E-5
4.2707077227E-5
1.6447296366E-5
-3.8554775529E-6
7.7184056864E-6
2.3751682601E-5
3.0095921828E-5
4.3186533731E-5
4.4395320583E-5
4.2444420978E-5
3.6129134241E-5
3.6431010812E-5
3.5947642754E-5
2.2058247123E-5
1.7649191432E-5
2.2858998272E-5
1.6457785386E-5
2.1287030540E-5
2.9504962730E-5
4.3229188304E-5
4.9642834347E-5
4.8933154903E-5
3.5111058968E-5
3.2206240575E-5
2.0245963242E-5
2.2749218624E-5
2.6613136287E-5
2.2852979600E-5
1.4678470325E-5
1.6624026466E-5
2.2867380175E-5
2.6768911629E-5
4.4828699902E-5
6.2957254705E-5
7.1847031361E-5
2.7764542027E-5
-2.9108801390E-5
-5.6610710454E-5
-8.0280588009E-6
5.6550151203E-5
9.9484750537E-5
9.9408382086E-5
8.1248790960E-5
4.3116300366E-5
2.2094172891E-5
3.6002951674E-6
-1.0827777442E-5
-2.4208100512E-5
3.4691882319E-6
5.1350228023E-5
7.3121069002E-5
8.3623302637E-5
7.5482612013E-5
4.1983928531E-5
1.8905091565E-5
8.5194478744E-6
5.1511451602E-6
-1.3857462909E-5
5.6130811572E-6
2.7794903143E-5
3.5502843093E-5
5.8208149858E-5
5.2889669315E-5
5.3655437660E-5
4.0555966552E-5
2.4859141557E-5
1.3614899945E-5
4.9236463383E-6
2.5867519434E-5
1.7125124577E-5
4.0985736996E-5
3.0463619622E-5
4.4215319212E-5
3.6658055614E-5
3.8457976188E-5
3.4784653689E-5
2.0943488925E-5
2.6808807160E-5
2.6569096371E-5
3.0795100610E-5
1.8539978191E-5
1.3223488350E-5
1.5800516121E-5
9.4755436295E-6
1.8053443637E-5
3.8554996717E-5
5.6390580722E-5
9.8077487203E-5
1.1047621956E-4
4.4745078776E-5
-5.4014113267E-5
2.4859816767E-5
1.1210552184E-4
1.2471543159E-4
1.0939418571E-4
6.8759173158E-5
2.8903037309E-5
4.6177301556E-6
-1.6222812701E-5
-2.0241737366E-5
-3.6228564568E-6
1.4094146900E-5
4.3559365440E-5
5.9180043173E-5
7.1818451399E-5
5.0247996114E-5
4.4623832218E-5
2.3284205235E-5
8.2444516011E-6
6.8565481343E-6
2.0880950615E-6
5.6934659370E-6
2.6087590958E-5
4.8129213974E-5
5.0508731510E-5
5.9906288516E-5
5.5985210929E-5
3.9729825220E-5
1.6896170564E-5
-2.8223730624E-7
9.7907264717E-6
9.2593370938E-6
1.7252226826E-5
2.6326079386E-5
4.6891812235E-5
6.2432163396E-5
5.0897640176E-5
3.6061694845E-5
3.3475749659E-5
3.3790292218E-5
1.1665257625E-5
1.7315696459E-5
2.4837674572E-5
2.5538692716E-5
4.0153192821E-5
4.8693467397E-5
5.0843425561E-5
5.6769407821E-5
4.6608690172E-5
3.4745561424E-5
1.6748241614E-5
1.7016765196E-5
3.2358930911E-5
3.9336527697E-5
4.4579536188E-5
5.2699947264E-5
4.6917994041E-5
2.9561785049E-5
2.7442851569E-5
1.6001786571E-5
6.4513063990E-6
7.0902518929E-6
1.2871890794E-5
3.4758273977E-5
3.9300543721E-5
4.4550281018E-5
5.2959751338E-5
3.7579261697E-5
2.1129928063E-5
8.5948151537E-6
1.2538617011E-5
-1.3759126887E-6
8.6457584986E-6
1.9426003564E-5
3.8372084964E-5
4.7329207882E-5
5.5187207181E-5
5.5371550843E-5
4.1359115857E-5
2.0514335483E-5
1.6046443488E-5
3.0329334550E-6
2.3337197490E-6
4.1871448048E-6
2.8747844043E-5
5.2066298668E-5
6.1071361416E-5
7.0951110685E-5
5.4158736020E-5
3.4131074789E-5
1.3481045608E-5
-9.6473377197E-6
-1.5597022138E-5
8.0392928787E-7
1.3669126201E-5
5.6941260119E-5
8.5181579928E-5
7.2573439684E-5
4.6761764679E-5
2.6659143622E-5
1.3146072161E-5
1.4713429846E-5
1.6755121760E-5
8.4223691374E-6
1.9272929057E-5
3.6074209492E-5
4.7921866644E-5
6.5682025162E-5
6.8590685261E-5
5.2830844652E-5
3.1985016539E-5
1.4017208014E-5
6.4563937474E-8
-2.0149629563E-6
2.4012988433E-6
1.3896299060E-5
3.5219395067E-5
5.6222162676E-5
8.0309284387E-5
7.6824240389E-5
6.4795615618E-5
3.2301712781E-5
4.3827923946E-6
-2.2442766931E-5
-2.8157187625E-5
-1.0511756409E-5
1.3171881437E-5
6.2604073902E-5
9.2300435063E-5
1.0785992490E-4
9.7128003838E-5
6.1951368116E-5
2.3649330250E-5
-4.7109089792E-5
-7.6149951203E-5
-7.6655100569E-5
-3.2584206200E-5
4.6607304830E-5
1.1813532328E-4
1.6481248895E-4
1.7305285437E-4
1.1983955046E-4
9.8430202343E-6
-9.8873465325E-5
-1.6609592130E-4
-7.4624875562E-5
5.1589170471E-5
1.9224658608E-4
1.8642136129E-4
4.6233634930E-5
-1.8276448827E-4
-2.9695190023E-4
-2.1095048869E-4
-3.2879924401E-5
1.0755414842E-4
1.8059842987E-4
1.9448292442E-4
1.5419689007E-4
7.5385253878E-5
-2.2674794309E-6
-4.4879410416E-5
-7.6234538577E-5
-5.1085627638E-5
-1.5280046500E-5
3.0101684387E-5
6.8020890468E-5
9.2528690586E-5
7.4476341253E-5
6.5341463779E-5
3.7668400909E-5
9.9088181742E-6
-1.6620906535E-5
-1.1109677143E-5
7.5435615145E-6
2.1395971998E-5
3.6431825719E-5
5.6249252521E-5
6.3015765045E-5
6.9305673244E-5
6.1459827703E-5
3.6277621984E-5
3.4401880111E-5
4.4406624511E-6
-5.9281941504E-6
-1.7850601580E-5
4.2538391426E-6
4.4361467007E-5
5.8032886592E-5
6.7418871914E-5
5.6281592698E-5
3.6131765227E-5
2.3236498236E-5
6.9109140896E-6
7.4913259599E-8
6.8960594946E-6
1.5135400463E-5
3.1838880385E-5
4.2870081961E-5
5.4519658443E-5
5.6204828434E-5
4.2970967479E-5
2.6386126409E-5
2.9933708719E-5
1.1404091492E-5
6.7347427831E-6
-2.1309475415E-6
2.0567455794E-5
1.8506660126E-5
5.2624999080E-5
5.3818768356E-5
6.3111959026E-5
4.4800329487E-5
3.1999044585E-5
1.6993249301E-5
1.3987184502E-6
2.4414062500E-5
1.2700213119E-6
3.1878030858E-5
4.0948006790E-5
4.4575671200E-5
5.5288162549E-5
4.9251900054E-5
4.5108026825E-5
3.3753237221E-5
1.4663662296E-5
1.6024033539E-5
1.8292700406E-5
1.7034495249E-5
2.4850410409E-5
2.7438590768E-5
4.1009963024E-5
5.2857014817E-5
5.0094036851E-5
3.7411844823E-5
3.1767145264E-5
2.1289661526E-5
1.1952570640E-5
1.7719541211E-5
1.7253309488E-5
2.9385136439E-5
3.4082017373E-5
3.7373614031E-5
3.8315053097E-5
4.5207329094E-5
4.4121011160E-5
4.1267951019E-5
3.5358557942E-5
2.8796074911E-5
1.4516699594E-5
4.2541651054E-7
6.3286861404E-7
3.4614827018E-5
7.9616974111E-5
1.0296982946E-4
5.7840743103E-5
7.5860996732E-6
-1.1707155500E-5
-1.4935899526E-5
-1.3368215878E-5
3.3248914406E-6
3.1379552091E-5
5.0152628682E-5
5.6106841658E-5
5.8032956440E-5
6.0134928208E-5
5.1418482326E-5
2.9328360687E-5
-2.7092744130E-5
-2.2203160915E-5
-5.1554641687E-6
1.8388207536E-5
5.4574641399E-5
6.9383019583E-5
6.1268731953E-5
5.4304348305E-5
3.9723585359E-5
2.0273867994E-5
5.8517209254E-6
7.0290407167E-6
5.5831507780E-6
1.5368999448E-5
2.8298236429E-5
5.0713738892E-5
5.0183502025E-5
4.5220169704E-5
4.3699634261E-5
2.8582732192E-5
2.3430958390E-5
1.7127254978E-5
2.2372137755E-5
2.3664801847E-5
2.7468043844E-5
2.9902509413E-5
2.7988001238E-5
3.1653174664E-5
4.1299941949E-5
3.8287125061E-5
3.1323416623E-5
3.1436805147E-5
3.4550752024E-5
2.7937302365E-5
3.3801072276E-5
1.6800616868E-5
1.9295222591E-5
1.6191019677E-5
7.9073943198E-6
2.3686361964E-5
4.7801306936E-5
7.8718084845E-5
1.1165192118E-4
6.9025787526E-6
-8.4432214501E-5
1.2443750165E-6
6.0947611929E-5
9.3928771096E-5
8.8670034895E-5
6.9934444039E-5
4.6697433572E-5
1.4603591990E-5
3.3755088225E-6
-1.8748920411E-6
-4.3816398829E-7
3.8070138544E-6
2.9926141723E-5
4.4710759539E-5
5.0210347399E-5
6.6534813961E-5
5.2031804808E-5
3.5720795858E-5
1.4157290571E-5
4.9205264077E-6
-3.1377188862E-6
1.0011752602E-5
1.3368274085E-5
2.9768585226E-5
4.5279425103E-5
5.1615620032E-5
5.5366859306E-5
4.6604836825E-5
3.9653771091E-5
2.1005480084E-5
-6.1751692556E-6
9.7948242911E-6
2.0143412985E-5
2.5390111841E-5
3.4629646688E-5
4.9814512022E-5
4.8622069880E-5
5.3284550086E-5
4.2414164636E-5
3.0041451099E-5
1.1663930491E-5
1.3304047752E-5
